CRIM,ZN,INDUS,CHAS,NOX,RM,AGE,DIS,RAD,TAX,PTRATIO,B,LSTAT,MEDV
0.00632,18.0,2.31,0,0.538,0.03413138804141192,65.2,4.09,1,296,15.3,396.9,29129979401.711987,24.0
0.02731,0.0,7.07,0,0.469,-0.010753366458836178,78.9,4.9671,2,242,17.8,396.9,51437695210.57081,21.6
0.02729,0.0,7.07,0,0.469,-0.08247180093615672,61.1,4.9671,2,242,17.8,392.83,22983156914.468025,34.7
0.03237,0.0,2.18,0,0.458,0.06128733124573903,45.8,6.0622,3,222,18.7,394.63,16020896809.589607,33.4
0.06905,0.0,2.18,0,0.458,-0.21110930562151795,54.2,6.0622,3,222,18.7,396.9,30967995492.649235,36.2
0.02985,0.0,2.18,0,0.458,-0.007206815952754381,58.7,6.0622,3,222,18.7,394.12,30338844594.31497,28.7
0.08829,12.5,7.87,0,0.524,0.020381945850090323,66.6,5.5605,5,311,15.2,395.6,69488721147.32053,22.9
0.14455,12.5,7.87,0,0.524,0.07676007894182,96.1,5.9505,5,311,15.2,396.9,109382288814.57524,27.1
0.21124,12.5,7.87,0,0.524,-0.07493313021620886,100.0,6.0821,5,311,15.2,386.63,169927647159.18842,16.5
0.17004,12.5,7.87,0,0.524,-0.1058113256718008,85.9,6.5921,5,311,15.2,386.71,97842962663.41716,18.9
0.22489,12.5,7.87,0,0.524,0.18088579335190091,94.3,6.3467,5,311,15.2,392.52,116447986987.13387,15.0
0.11747,12.5,7.87,0,0.524,-0.28307143119031497,82.9,6.2267,5,311,15.2,396.9,74907510735.67192,18.9
0.09378,12.5,7.87,0,0.524,-0.13452129977244745,39.0,5.4509,5,311,15.2,390.5,90053904721.08566,21.7
0.62976,0.0,8.14,0,0.538,0.14800090964958107,61.8,4.7075,4,307,21.0,396.9,46482909314.21795,20.4
0.63796,0.0,8.14,0,0.538,-0.08555172032067708,84.5,4.4619,4,307,21.0,380.02,59268326521.56745,18.2
0.62739,0.0,8.14,0,0.538,-0.2347385410097911,56.5,4.4986,4,307,21.0,395.62,48206995970.62854,19.9
1.05393,0.0,8.14,0,0.538,0.22833032486242713,29.3,4.4986,4,307,21.0,386.85,35897508773.828156,23.1
0.7842,0.0,8.14,0,0.538,-0.1213475994677767,81.7,4.2579,4,307,21.0,386.75,83378838508.6721,17.5
0.80271,0.0,8.14,0,0.538,0.08928799996879759,36.6,3.7965,4,307,21.0,288.99,65707511106.818016,20.2
0.7258,0.0,8.14,0,0.538,0.09254325369544111,69.5,3.7965,4,307,21.0,390.95,64042136560.47224,18.2
1.25179,0.0,8.14,0,0.538,0.13281541131629598,98.1,3.7979,4,307,21.0,376.57,119241702025.95386,13.6
0.85204,0.0,8.14,0,0.538,-0.059077051245823235,89.2,4.0123,4,307,21.0,392.53,77734602383.6062,19.6
1.23247,0.0,8.14,0,0.538,-0.050088614596961706,91.7,3.9769,4,307,21.0,396.9,107990448656.40547,15.2
0.98843,0.0,8.14,0,0.538,-0.07873383973228129,100.0,4.0952,4,307,21.0,394.54,111631580400.05089,14.5
0.75026,0.0,8.14,0,0.538,0.02930129764073513,94.1,4.3996,4,307,21.0,394.33,91962686750.23518,15.6
0.84054,0.0,8.14,0,0.538,-0.08296818958645398,85.7,4.4546,4,307,21.0,303.42,94408146538.01123,13.9
0.67191,0.0,8.14,0,0.538,0.1723711411300535,90.3,4.682,4,307,21.0,376.88,85409300312.98924,16.6
0.95577,0.0,8.14,0,0.538,0.11263132471196255,88.8,4.4534,4,307,21.0,306.38,98584994460.22643,14.8
0.77299,0.0,8.14,0,0.538,-0.03403984448892737,94.4,4.4547,4,307,21.0,387.94,72250079494.03065,18.4
1.00245,0.0,8.14,0,0.538,-0.04617636868194698,87.3,4.239,4,307,21.0,380.23,68246206747.20307,21.0
1.13081,0.0,8.14,0,0.538,-0.06773454414928581,94.1,4.233,4,307,21.0,360.17,128374980823.17104,12.7
1.35472,0.0,8.14,0,0.538,0.032062063207154504,100.0,4.175,4,307,21.0,376.73,74525229280.77342,14.5
1.38799,0.0,8.14,0,0.538,0.09897119982625804,82.0,3.99,4,307,21.0,232.6,157939143676.2491,13.2
1.15172,0.0,8.14,0,0.538,0.03469918098176594,95.0,3.7872,4,307,21.0,358.77,105058975783.16415,13.1
1.61282,0.0,8.14,0,0.538,-0.1541615259613736,96.9,3.7598,4,307,21.0,248.31,116086157696.77348,13.5
0.06417,0.0,5.96,0,0.499,-0.017540575157981183,68.2,3.3603,5,279,19.2,396.9,54591611266.26264,18.9
0.09744,0.0,5.96,0,0.499,-0.01889254120388202,61.4,3.3779,5,279,19.2,377.56,64506480479.70928,20.0
0.08014,0.0,5.96,0,0.499,-0.003387504218928236,41.5,3.9342,5,279,19.2,396.9,50540615991.274376,21.0
0.17505,0.0,5.96,0,0.499,-0.19552008715219318,30.2,3.8473,5,279,19.2,393.43,57288684837.666176,24.7
0.02763,75.0,2.95,0,0.428,0.26675838337371904,21.8,5.4011,3,252,18.3,395.63,25091381328.903034,30.8
0.03359,75.0,2.95,0,0.428,0.0016596745238176974,15.8,5.4011,3,252,18.3,395.62,10220148593.893068,34.9
0.12744,0.0,6.91,0,0.448,-0.224737246937743,2.9,5.7209,3,233,17.9,385.41,28603293167.463062,26.6
0.1415,0.0,6.91,0,0.448,0.020544648433263923,6.6,5.7209,3,233,17.9,383.37,33274720557.81987,25.3
0.15936,0.0,6.91,0,0.448,0.18895204003842125,6.5,5.7209,3,233,17.9,394.46,42414864115.850006,24.7
0.12269,0.0,6.91,0,0.448,0.043617382712781226,40.0,5.7209,3,233,17.9,389.39,54446961993.91641,21.2
0.17142,0.0,6.91,0,0.448,0.22568709137055898,33.8,5.1004,3,233,17.9,396.9,57890394544.029274,19.3
0.18836,0.0,6.91,0,0.448,-0.17241962904728408,33.3,5.1004,3,233,17.9,396.9,79099498338.02313,20.0
0.22927,0.0,6.91,0,0.448,-0.0018540657782028097,85.5,5.6894,3,233,17.9,392.74,108514582578.69914,16.6
0.25387,0.0,6.91,0,0.448,-0.022846966954884453,95.3,5.87,3,233,17.9,396.9,176088768422.26035,14.4
0.21977,0.0,6.91,0,0.448,0.002900741456622162,62.0,6.0877,3,233,17.9,396.9,92756067189.16039,19.4
0.08873,21.0,5.64,0,0.439,-0.27785050646760495,45.7,6.8147,4,243,16.8,395.56,76365096811.2489,19.7
0.04337,21.0,5.64,0,0.439,0.048632556735723545,63.0,6.8147,4,243,16.8,393.97,52952242442.88067,20.5
0.0536,21.0,5.64,0,0.439,-0.10229186879107718,21.1,6.8147,4,243,16.8,396.9,30778686506.726357,25.0
0.04981,21.0,5.64,0,0.439,0.0036684622721653917,21.4,6.8147,4,243,16.8,396.9,48713756408.75488,23.4
0.0136,75.0,4.0,0,0.41,2.9739363907252403e-06,47.6,7.3197,3,469,21.1,396.9,85043052883.87308,18.9
0.01311,90.0,1.22,0,0.403,-0.03645269473147959,21.9,8.6966,5,226,17.9,395.93,27760859223.11845,35.4
0.02055,85.0,0.74,0,0.41,0.03626939280909797,35.7,9.1876,2,313,17.3,396.9,33574879590.159424,24.7
0.01432,100.0,1.32,0,0.411,-0.18057829089376648,40.5,8.3248,5,256,15.1,392.9,21766350274.71536,31.6
0.15445,25.0,5.13,0,0.453,-0.17915286766394126,29.2,7.8148,8,284,19.7,390.68,39690655066.29091,23.3
0.10328,25.0,5.13,0,0.453,-0.0896279621938237,47.2,6.932,8,284,19.7,396.9,51944454539.99858,19.6
0.14932,25.0,5.13,0,0.453,0.05556764724902548,66.2,7.2254,8,284,19.7,395.11,75239920101.50842,18.7
0.17171,25.0,5.13,0,0.453,0.10136744214391172,93.4,6.8185,8,284,19.7,378.08,82265750411.80954,16.0
0.11027,25.0,5.13,0,0.453,-0.19158235973026075,67.8,7.2255,8,284,19.7,396.9,38192067423.06475,22.2
0.1265,25.0,5.13,0,0.453,-0.0037200323439288766,43.4,7.9809,8,284,19.7,395.58,55277721762.96917,25.0
0.01951,17.5,1.38,0,0.4161,0.2804509714783715,59.5,9.2229,3,216,18.6,393.24,45702897670.939,33.0
0.03584,80.0,3.37,0,0.398,0.10656004978622893,17.8,6.6115,4,337,16.1,396.9,25717902164.342545,23.5
0.04379,80.0,3.37,0,0.398,0.1587510247443468,31.1,6.6115,4,337,16.1,396.9,57758783667.53931,19.4
0.05789,12.5,6.07,0,0.409,0.025674948958627163,21.4,6.498,4,345,18.9,396.21,45042194270.52626,22.0
0.13554,12.5,6.07,0,0.409,-0.17643681970916641,36.8,6.498,4,345,18.9,396.9,74864154300.41129,17.4
0.12816,12.5,6.07,0,0.409,-0.03384589892742869,33.0,6.498,4,345,18.9,396.9,49711742368.01726,20.9
0.08826,0.0,10.81,0,0.413,-0.01738325627922701,6.6,5.2873,4,305,19.2,383.73,37531812820.31336,24.2
0.15876,0.0,10.81,0,0.413,-0.10305620493713658,17.5,5.2873,4,305,19.2,376.94,56931416284.76483,21.7
0.09164,0.0,10.81,0,0.413,-0.004483852835995967,7.8,5.2873,4,305,19.2,390.91,32289397217.39334,22.8
0.19539,0.0,10.81,0,0.413,-0.1036845285963299,6.2,5.2873,4,305,19.2,377.17,42249417946.64691,23.4
0.07896,0.0,12.83,0,0.437,-0.0011880540980800242,6.0,4.2515,5,398,18.7,394.92,38793035698.03395,24.1
0.09512,0.0,12.83,0,0.437,0.020849362284527977,45.0,4.5026,5,398,18.7,383.23,50632568808.44844,21.4
0.10153,0.0,12.83,0,0.437,-0.08743443929743153,74.5,4.0522,5,398,18.7,373.66,68073693884.93648,20.0
0.08707,0.0,12.83,0,0.437,-0.0364062256712339,45.8,4.0905,5,398,18.7,386.96,58534179850.09928,20.8
0.05646,0.0,12.83,0,0.437,-0.11125808771152224,53.7,5.0141,5,398,18.7,386.4,71862378284.6709,21.2
0.08387,0.0,12.83,0,0.437,0.18449404700221878,36.6,4.5026,5,398,18.7,396.06,51635197836.378265,20.3
0.04113,25.0,4.86,0,0.426,-0.05051306492988153,33.5,5.4007,4,281,19.0,396.9,29794504759.9493,28.0
0.04462,25.0,4.86,0,0.426,-0.2092157202527634,70.4,5.4007,4,281,19.0,395.63,41818857577.380806,23.9
0.03659,25.0,4.86,0,0.426,0.041456723905172896,32.2,5.4007,4,281,19.0,396.9,38045045678.152435,24.8
0.03551,25.0,4.86,0,0.426,-0.020239158256825547,46.7,5.4007,4,281,19.0,390.64,44725079511.407814,22.9
0.05059,0.0,4.49,0,0.449,-0.20349355859876772,48.0,4.7794,3,247,18.5,396.9,54917460080.395355,23.9
0.05735,0.0,4.49,0,0.449,-0.009560810671598696,56.1,4.4377,3,247,18.5,392.3,37041904259.03192,26.6
0.05188,0.0,4.49,0,0.449,-0.04618540438451884,45.1,4.4272,3,247,18.5,395.99,72449232695.07225,22.5
0.07151,0.0,4.49,0,0.449,0.16596886365945174,56.8,3.7476,3,247,18.5,395.15,47901533376.114365,22.2
0.0566,0.0,3.41,0,0.489,0.0935671841376248,86.3,3.4217,2,270,17.8,396.9,31876111174.94336,23.6
0.05302,0.0,3.41,0,0.489,-0.045180185598844694,63.1,3.4145,2,270,17.8,396.06,32373531079.371292,28.7
0.04684,0.0,3.41,0,0.489,0.028334615639011948,66.1,3.0923,2,270,17.8,392.18,49184230818.83299,22.6
0.03932,0.0,3.41,0,0.489,0.059699383158643975,73.9,3.0921,2,270,17.8,393.55,45396755062.80278,22.0
0.04203,28.0,15.04,0,0.464,-0.10660432456688937,53.6,3.6659,4,270,18.2,395.01,46974263331.04209,22.9
0.02875,28.0,15.04,0,0.464,0.027734592034180747,28.9,3.6659,4,270,18.2,396.33,34718588005.26345,25.0
0.04294,28.0,15.04,0,0.464,0.2379283685680447,77.3,3.615,4,270,18.2,396.9,60023924558.82341,20.6
0.12204,0.0,2.89,0,0.445,-0.13436326886535568,57.8,3.4952,2,276,18.0,357.98,37746414824.14266,28.4
0.11504,0.0,2.89,0,0.445,0.05875814548029652,69.6,3.4952,2,276,18.0,391.83,63267180955.71594,21.4
0.12083,0.0,2.89,0,0.445,0.14466280948465143,76.0,3.4952,2,276,18.0,396.9,24360660272.145443,38.7
0.08187,0.0,2.89,0,0.445,-0.017810559016213513,36.9,3.4952,2,276,18.0,393.53,18928688144.06019,43.8
0.0686,0.0,2.89,0,0.445,-0.0921482042944899,62.5,3.4952,2,276,18.0,396.9,35872634735.26816,33.2
0.14866,0.0,8.56,0,0.52,0.1356646333770804,79.9,2.7778,5,384,20.9,394.76,52585096488.47855,27.5
0.11432,0.0,8.56,0,0.52,-0.0756191350771459,71.3,2.8561,5,384,20.9,395.58,43827055658.039406,26.5
0.22876,0.0,8.56,0,0.52,-0.047308666407000086,85.4,2.7147,5,384,20.9,70.8,60173600958.89275,18.6
0.21161,0.0,8.56,0,0.52,0.1540824843633119,87.4,2.7147,5,384,20.9,394.47,75457862938.29192,19.3
0.1396,0.0,8.56,0,0.52,0.015610011094080096,90.0,2.421,5,384,20.9,392.69,70167650437.5869,20.1
0.13262,0.0,8.56,0,0.52,-0.23072549957602867,96.7,2.1069,5,384,20.9,394.05,94016868247.30775,19.5
0.1712,0.0,8.56,0,0.52,0.14723975145921886,91.9,2.211,5,384,20.9,395.67,106363189380.68695,19.5
0.13117,0.0,8.56,0,0.52,0.013719425920704464,85.2,2.1224,5,384,20.9,387.69,79137569620.1473,20.4
0.12802,0.0,8.56,0,0.52,-0.17343123138887462,97.1,2.4329,5,384,20.9,395.24,68715534036.913315,19.8
0.26363,0.0,8.56,0,0.52,0.043726793329289776,91.2,2.5451,5,384,20.9,391.23,87999226000.88618,19.4
0.10793,0.0,8.56,0,0.52,-0.004188882019972168,54.4,2.7778,5,384,20.9,393.49,75438203392.22311,21.7
0.10084,0.0,10.01,0,0.547,0.0950592096915271,81.6,2.6775,6,432,17.8,395.59,58616065141.5395,22.8
0.12329,0.0,10.01,0,0.547,-0.12086608390045556,92.9,2.3534,6,432,17.8,394.95,92566034847.20361,18.8
0.22212,0.0,10.01,0,0.547,0.19580895787914837,95.4,2.548,6,432,17.8,396.9,96729694383.35272,18.7
0.14231,0.0,10.01,0,0.547,0.14384446055325972,84.2,2.2565,6,432,17.8,388.74,58907887961.00411,18.5
0.17134,0.0,10.01,0,0.547,-0.07933451984820511,88.2,2.4631,6,432,17.8,344.91,88376728413.37022,18.3
0.13158,0.0,10.01,0,0.547,-0.10027816023025704,72.5,2.7301,6,432,17.8,393.3,67759537981.63204,21.2
0.15098,0.0,10.01,0,0.547,-0.18030853824272453,82.6,2.7474,6,432,17.8,394.51,58721783606.69218,19.2
0.13058,0.0,10.01,0,0.547,-0.010156316232346906,73.1,2.4775,6,432,17.8,338.63,88319148149.71584,20.4
0.14476,0.0,10.01,0,0.547,-0.07435848353471146,65.2,2.7592,6,432,17.8,391.5,78102658075.76839,19.3
0.06899,0.0,25.65,0,0.581,0.09578366695400675,69.7,2.2577,2,188,19.1,389.15,81422679247.48232,22.0
0.07165,0.0,25.65,0,0.581,-0.09298844527094816,84.1,2.1974,2,188,19.1,377.67,81120103023.32994,20.3
0.09299,0.0,25.65,0,0.581,0.012501700897122672,92.9,2.0869,2,188,19.1,378.09,101147078680.56451,20.5
0.15038,0.0,25.65,0,0.581,0.022824412285477436,97.0,1.9444,2,188,19.1,370.31,144575982643.03244,17.3
0.09849,0.0,25.65,0,0.581,-0.021473472764868065,95.8,2.0063,2,188,19.1,379.38,99399162588.88441,18.8
0.16902,0.0,25.65,0,0.581,-0.01951068894954583,88.4,1.9929,2,188,19.1,385.02,85089472863.72258,21.4
0.38735,0.0,25.65,0,0.581,-0.11964580544979957,95.6,1.7572,2,188,19.1,359.29,156517392051.03976,15.7
0.25915,0.0,21.89,0,0.624,-0.0940171046729085,96.0,1.7883,4,437,21.2,392.11,98239012822.53317,16.2
0.32543,0.0,21.89,0,0.624,0.013339155366801395,98.8,1.8125,4,437,21.2,396.9,87159048077.26263,18.0
0.88125,0.0,21.89,0,0.624,-0.03704861335095622,94.7,1.9799,4,437,21.2,396.9,103934432163.66418,14.3
0.34006,0.0,21.89,0,0.624,-0.0028273363702797996,98.9,2.1185,4,437,21.2,395.04,70848107118.24838,19.2
1.19294,0.0,21.89,0,0.624,0.03555163675488507,97.7,2.271,4,437,21.2,396.9,70587489484.85956,19.6
0.59005,0.0,21.89,0,0.624,-0.029078101681800222,97.9,2.3274,4,437,21.2,385.76,64127421294.89565,23.0
0.32982,0.0,21.89,0,0.624,-0.04932692032055763,95.4,2.4699,4,437,21.2,388.69,85858483260.17374,18.4
0.97617,0.0,21.89,0,0.624,-0.05600430896742663,98.4,2.346,4,437,21.2,262.76,98176050013.53107,15.6
0.55778,0.0,21.89,0,0.624,0.1183105632142895,98.2,2.1107,4,437,21.2,394.67,98206741547.23193,18.1
0.32264,0.0,21.89,0,0.624,-0.2777200255609096,93.5,1.9669,4,437,21.2,378.25,96735952249.38948,17.4
0.35233,0.0,21.89,0,0.624,-0.27687408861026763,98.4,1.8498,4,437,21.2,394.08,83570180115.3443,17.1
0.2498,0.0,21.89,0,0.624,0.05099784642635442,98.2,1.6686,4,437,21.2,392.04,122319408725.17485,13.3
0.54452,0.0,21.89,0,0.624,0.034697662173252174,97.9,1.6687,4,437,21.2,396.9,104771117303.04887,17.8
0.2909,0.0,21.89,0,0.624,0.17019241196271664,93.6,1.6119,4,437,21.2,388.08,138108175812.75388,14.0
1.62864,0.0,21.89,0,0.624,-0.09288391703791626,100.0,1.4394,4,437,21.2,396.9,195870681308.81378,14.4
3.32105,0.0,19.58,1,0.871,0.15482262397709845,100.0,1.3216,5,403,14.7,396.9,152582130089.75058,13.4
4.0974,0.0,19.58,0,0.871,0.06022042341218673,100.0,1.4118,5,403,14.7,396.9,150642995715.0338,15.6
2.77974,0.0,19.58,0,0.871,-0.13045019499838473,97.8,1.3459,5,403,14.7,396.9,164275752699.4011,11.8
2.37934,0.0,19.58,0,0.871,0.023050604298677065,100.0,1.4191,5,403,14.7,172.91,157256487005.65872,13.8
2.15505,0.0,19.58,0,0.871,0.1910304913789601,100.0,1.5166,5,403,14.7,169.27,94288621065.60762,15.6
2.36862,0.0,19.58,0,0.871,-0.3104606320764591,95.7,1.4608,5,403,14.7,391.71,167380541977.8344,14.6
2.33099,0.0,19.58,0,0.871,-0.06265840768453557,93.8,1.5296,5,403,14.7,356.99,161284093538.03253,17.8
2.73397,0.0,19.58,0,0.871,-0.038049959843215325,94.9,1.5257,5,403,14.7,351.85,122216091178.31915,15.4
1.6566,0.0,19.58,0,0.871,0.06469595679645093,97.3,1.618,5,403,14.7,372.8,80473278317.8282,21.5
1.49632,0.0,19.58,0,0.871,-0.04591804335716328,100.0,1.5916,5,403,14.7,341.6,75692340057.26971,19.6
1.12658,0.0,19.58,1,0.871,0.027099448373314447,88.0,1.6102,5,403,14.7,343.28,70590716926.1264,15.3
2.14918,0.0,19.58,0,0.871,-0.20013327526240984,98.5,1.6232,5,403,14.7,261.95,90609611346.10606,19.4
1.41385,0.0,19.58,1,0.871,-0.2610048908590839,96.0,1.7494,5,403,14.7,321.02,87150817692.3254,17.0
3.53501,0.0,19.58,1,0.871,0.04599506150150179,82.6,1.7455,5,403,14.7,88.01,85359928532.87227,15.6
2.44668,0.0,19.58,0,0.871,-0.063915678037327,94.0,1.7364,5,403,14.7,88.63,92376524115.6091,13.1
1.22358,0.0,19.58,0,0.605,-0.041650346450282504,97.4,1.8773,5,403,14.7,363.43,24122205230.2895,41.3
1.34284,0.0,19.58,0,0.605,0.2142654677057554,100.0,1.7573,5,403,14.7,353.89,36134357747.86638,24.3
1.42502,0.0,19.58,0,0.871,0.22178879248513828,100.0,1.7659,5,403,14.7,364.31,43301966143.615395,23.3
1.27346,0.0,19.58,1,0.605,0.17810192236252229,92.6,1.7984,5,403,14.7,338.92,30368003769.318295,27.0
1.46336,0.0,19.58,0,0.605,-0.20042484520058873,90.8,1.9709,5,403,14.7,374.43,11660037826.230804,50.0
1.83377,0.0,19.58,1,0.605,-0.20926609240297253,98.2,2.0407,5,403,14.7,389.61,10912122266.7842,50.0
1.51902,0.0,19.58,1,0.605,-0.11845168841246446,93.9,2.162,5,403,14.7,388.45,18423786215.619057,50.0
2.24236,0.0,19.58,0,0.605,-0.031038868335671772,91.8,2.422,5,403,14.7,395.11,64973012807.38097,22.7
2.924,0.0,19.58,0,0.605,-0.23996464252116567,93.0,2.2834,5,403,14.7,240.16,57968444517.962425,25.0
2.01019,0.0,19.58,0,0.605,-0.019872154193897235,96.2,2.0459,5,403,14.7,369.3,20001309720.68648,50.0
1.80028,0.0,19.58,0,0.605,-0.2373018800501299,79.2,2.4259,5,403,14.7,227.61,68266362022.13005,23.8
2.3004,0.0,19.58,0,0.605,-0.04748183190011097,96.1,2.1,5,403,14.7,297.09,62360130809.24139,23.8
2.44953,0.0,19.58,0,0.605,-0.09581008812872704,95.2,2.2625,5,403,14.7,330.04,65068613215.90131,22.3
1.20742,0.0,19.58,0,0.605,0.09871776293297962,94.6,2.4259,5,403,14.7,292.29,82274634206.01715,17.4
2.3139,0.0,19.58,0,0.605,0.2534649240978897,97.3,2.3887,5,403,14.7,348.13,67844303536.32549,19.1
0.13914,0.0,4.05,0,0.51,0.15532614889331237,88.5,2.5961,5,296,16.6,396.9,83574764820.55664,23.1
0.09178,0.0,4.05,0,0.51,-0.1863904830501168,84.1,2.6463,5,296,16.6,395.5,52223954005.861916,23.6
0.08447,0.0,4.05,0,0.51,0.20572824678630675,68.7,2.7019,5,296,16.6,393.23,55015808617.992836,22.6
0.06664,0.0,4.05,0,0.51,0.023354712604185167,33.1,3.1323,5,296,16.6,390.96,30795498205.044365,29.4
0.07022,0.0,4.05,0,0.51,0.10419025087801598,47.2,3.5549,5,296,16.6,393.23,57705870137.45302,23.2
0.05425,0.0,4.05,0,0.51,0.17587151088852915,73.4,3.3175,5,296,16.6,395.6,36628848290.16416,24.6
0.06642,0.0,4.05,0,0.51,-0.14800391563630486,74.4,2.9153,5,296,16.6,391.27,40016169778.597176,29.9
0.0578,0.0,2.46,0,0.488,-0.19974097278050143,58.4,2.829,3,193,17.8,396.9,29358289604.999313,37.2
0.06588,0.0,2.46,0,0.488,0.0038071554516936196,83.3,2.741,3,193,17.8,395.56,43238899526.067184,39.8
0.06888,0.0,2.46,0,0.488,0.2296855959956104,62.2,2.5979,3,193,17.8,396.9,53814878666.2042,36.2
0.09103,0.0,2.46,0,0.488,-0.05656586524630523,92.2,2.7006,3,193,17.8,394.12,28374470739.022938,37.9
0.10008,0.0,2.46,0,0.488,-0.10960814601558092,95.6,2.847,3,193,17.8,396.9,32146325248.989445,32.5
0.08308,0.0,2.46,0,0.488,0.14363090123308972,89.8,2.9879,3,193,17.8,391.0,78598071736.79008,26.4
0.06047,0.0,2.46,0,0.488,0.00507239658810673,68.8,3.2797,3,193,17.8,387.11,75465128988.47038,29.6
0.05602,0.0,2.46,0,0.488,-0.1229884591646053,53.6,3.1992,3,193,17.8,392.63,26089875202.808144,50.0
0.07875,45.0,3.44,0,0.437,0.08751887423641203,41.1,3.7886,5,398,15.2,393.87,39265944891.13495,32.0
0.12579,45.0,3.44,0,0.437,-0.12369540460821488,29.1,4.5667,5,398,15.2,382.84,26352255786.121822,29.8
0.0837,45.0,3.44,0,0.437,-0.05590950774696035,38.9,4.5667,5,398,15.2,396.9,29111665142.255165,34.9
0.09068,45.0,3.44,0,0.437,-0.04226157092166681,21.5,6.4798,5,398,15.2,377.68,29251932209.97714,37.0
0.06911,45.0,3.44,0,0.437,0.047875285119483656,30.8,6.4798,5,398,15.2,389.71,26716625651.782646,30.5
0.08664,45.0,3.44,0,0.437,-0.04746024300372761,26.3,6.4798,5,398,15.2,390.49,16731960941.37663,36.4
0.02187,60.0,2.93,0,0.401,0.12886926201339038,9.9,6.2196,1,265,15.6,393.37,28167864209.7062,31.1
0.01439,60.0,2.93,0,0.401,-0.10096908087406084,18.8,6.2196,1,265,15.6,376.7,24999714706.58289,29.1
0.01381,80.0,0.46,0,0.422,0.13620892415243244,32.0,5.6484,4,255,14.4,394.23,15889389602.518177,50.0
0.04011,80.0,1.52,0,0.404,-0.3033067383449629,34.1,7.309,2,329,12.6,396.9,23658279611.440224,33.3
0.04666,80.0,1.52,0,0.404,0.01962013903652364,36.6,7.309,2,329,12.6,354.31,49881531506.46593,30.3
0.03768,80.0,1.52,0,0.404,0.13982247826773772,38.3,7.309,2,329,12.6,392.2,37243602297.99754,34.6
0.0315,95.0,1.47,0,0.403,-0.07037110490308489,15.3,7.6534,3,402,17.0,396.9,27023072552.811596,34.9
0.01778,95.0,1.47,0,0.403,-0.3117146063887938,13.9,7.6534,3,402,17.0,384.3,25346204847.69763,32.9
0.03445,82.5,2.03,0,0.415,-0.061220647201019426,38.4,6.27,2,348,14.7,393.77,41968571136.249466,24.1
0.02177,82.5,2.03,0,0.415,-0.19261746211979827,15.7,6.27,2,348,14.7,395.38,17668131052.350548,42.3
0.0351,95.0,2.68,0,0.4161,0.07756462645506654,33.2,5.118,4,224,14.7,392.78,20881993832.24522,48.5
0.02009,95.0,2.68,0,0.4161,-0.10871915367491883,31.9,5.118,4,224,14.7,390.55,16789053361.639004,50.0
0.13642,0.0,10.59,0,0.489,-0.14950723566978885,22.3,3.9454,4,277,18.6,396.9,61656791916.01269,22.6
0.22969,0.0,10.59,0,0.489,0.10253598389379642,52.5,4.3549,4,277,18.6,394.87,62292654547.22791,24.4
0.25199,0.0,10.59,0,0.489,0.17608609096560338,72.7,4.3549,4,277,18.6,389.43,103424599952.15977,22.5
0.13587,0.0,10.59,1,0.489,0.03875728597862396,59.1,4.2392,4,277,18.6,381.32,82671720543.41736,24.4
0.43571,0.0,10.59,1,0.489,0.21778324209710642,100.0,3.875,4,277,18.6,396.9,131766804079.30586,20.0
0.17446,0.0,10.59,1,0.489,0.012589912578404618,92.1,3.8771,4,277,18.6,393.25,98041217470.73825,21.7
0.37578,0.0,10.59,1,0.489,-0.03434426603724648,88.6,3.665,4,277,18.6,395.24,136439859375.52187,19.3
0.21719,0.0,10.59,1,0.489,-0.12276308358767149,53.8,3.6526,4,277,18.6,390.94,91354811808.43478,22.4
0.14052,0.0,10.59,0,0.489,0.019178759234302428,32.3,3.9454,4,277,18.6,385.81,54603671042.12175,28.1
0.28955,0.0,10.59,0,0.489,0.22273109271386432,9.8,3.5875,4,277,18.6,348.93,167692638251.3219,23.7
0.19802,0.0,10.59,0,0.489,-0.3473544535035844,42.4,3.9454,4,277,18.6,393.63,52641882181.18259,25.0
0.0456,0.0,13.89,1,0.55,0.041180490668573336,56.0,3.1121,5,276,16.4,392.8,76321471595.47496,23.3
0.07013,0.0,13.89,0,0.55,0.130978098693633,85.1,3.4211,5,276,16.4,392.78,53980540333.173615,28.7
0.11069,0.0,13.89,1,0.55,-0.017782176903564317,93.8,2.8893,5,276,16.4,396.9,102342097733.0146,21.5
0.11425,0.0,13.89,1,0.55,0.07611747763738139,92.4,3.3633,5,276,16.4,393.74,58164440592.231255,23.0
0.35809,0.0,6.2,1,0.507,-0.13136289138602064,88.5,2.8617,8,307,17.4,391.7,54163708410.75289,26.7
0.40771,0.0,6.2,1,0.507,-0.22872046600955132,91.3,3.048,8,307,17.4,395.24,122301983451.77126,21.7
0.62356,0.0,6.2,1,0.507,0.04405302597126401,77.7,3.2721,8,307,17.4,390.39,58054144774.97518,27.5
0.6147,0.0,6.2,0,0.507,0.05333457154918331,80.8,3.2721,8,307,17.4,396.9,42851137468.881256,30.1
0.31533,0.0,6.2,0,0.504,-0.04793439203915941,78.3,2.8944,8,307,17.4,385.05,22866174576.472927,44.8
0.52693,0.0,6.2,0,0.504,-0.13876831484081814,83.0,2.8944,8,307,17.4,382.0,25548813156.397415,50.0
0.38214,0.0,6.2,0,0.504,-0.05148035687862117,86.5,3.2157,8,307,17.4,387.38,19185195968.677433,37.6
0.41238,0.0,6.2,0,0.504,-0.12584289690056566,79.9,3.2157,8,307,17.4,372.08,34870450668.79692,31.6
0.29819,0.0,6.2,0,0.504,-0.03821549734858323,17.0,3.3751,8,307,17.4,377.51,23072983367.54782,46.7
0.44178,0.0,6.2,0,0.504,0.18798526784994463,21.4,3.3751,8,307,17.4,380.34,20269975373.939346,31.5
0.537,0.0,6.2,0,0.504,-0.21999440530584036,68.1,3.6715,8,307,17.4,378.35,66696799272.661446,24.3
0.46296,0.0,6.2,0,0.504,-0.0023938142484561348,76.9,3.6715,8,307,17.4,376.14,29452817237.13324,31.7
0.57529,0.0,6.2,0,0.507,-0.22007833219714598,73.3,3.8384,8,307,17.4,385.91,15096585399.957106,41.7
0.33147,0.0,6.2,0,0.507,0.017903016474774852,70.4,3.6519,8,307,17.4,378.95,22598293087.87502,48.3
0.44791,0.0,6.2,1,0.507,-0.19329681517379782,66.5,3.6519,8,307,17.4,360.2,46665943639.89122,29.0
0.33045,0.0,6.2,0,0.507,0.033703614024388345,61.5,3.6519,8,307,17.4,376.75,61656447521.668655,24.0
0.52058,0.0,6.2,1,0.507,0.10983051141078631,76.5,4.148,8,307,17.4,388.45,53719685479.17214,25.1
0.51183,0.0,6.2,0,0.507,-0.12758156157045747,71.6,4.148,8,307,17.4,390.07,27373410241.96047,31.5
0.08244,30.0,4.93,0,0.428,0.05163538089843642,18.5,6.1899,6,300,16.6,379.41,35680093088.669136,23.7
0.09252,30.0,4.93,0,0.428,0.030398555692743932,42.2,6.1899,6,300,16.6,383.78,41608545931.09928,23.3
0.11329,30.0,4.93,0,0.428,-0.059579181020660996,54.3,6.3361,6,300,16.6,391.25,64914564084.52707,22.0
0.10612,30.0,4.93,0,0.428,0.3411599926451033,65.1,6.3361,6,300,16.6,394.62,69610467469.185,20.1
0.1029,30.0,4.93,0,0.428,0.07758657581037143,52.9,7.0355,6,300,16.6,372.75,63700982149.63082,22.2
0.12757,30.0,4.93,0,0.428,0.052978894455230345,7.8,7.0355,6,300,16.6,374.71,30481210416.361332,23.7
0.20608,22.0,5.86,0,0.431,0.17490619489126477,76.5,7.9549,7,330,19.1,372.49,69631750680.53262,17.6
0.19133,22.0,5.86,0,0.431,0.09893290863860682,70.2,7.9549,7,330,19.1,389.13,104993777383.22812,18.5
0.33983,22.0,5.86,0,0.431,-0.026052718027646568,34.9,8.0555,7,330,19.1,390.18,50584794918.30725,24.3
0.19657,22.0,5.86,0,0.431,0.019466928812807115,79.2,8.0555,7,330,19.1,376.14,57530359912.55011,20.5
0.16439,22.0,5.86,0,0.431,0.18153956904044477,49.1,7.8265,7,330,19.1,374.71,53183820033.99364,24.5
0.19073,22.0,5.86,0,0.431,-0.41264371382710574,17.5,7.8265,7,330,19.1,393.74,38120629528.44683,26.2
0.1403,22.0,5.86,0,0.431,-0.10820486717087645,13.0,7.3967,7,330,19.1,396.28,34096682984.26898,24.4
0.21409,22.0,5.86,0,0.431,-0.015272641716440768,8.9,7.3967,7,330,19.1,377.07,21204576568.057354,24.8
0.08221,22.0,5.86,0,0.431,0.02907206428033145,6.8,8.9067,7,330,19.1,386.09,19808298200.407597,29.6
0.36894,22.0,5.86,0,0.431,-0.09004214796621088,8.4,8.9067,7,330,19.1,396.9,20546052635.131916,42.8
0.04819,80.0,3.64,0,0.392,-0.0016121096564232808,32.0,9.2203,1,315,16.4,392.89,37211120220.16326,21.9
0.03548,80.0,3.64,0,0.392,-0.2689826551908058,19.1,9.2203,1,315,16.4,395.18,50966305094.92634,20.9
0.01538,90.0,3.75,0,0.394,0.08903393004448266,34.2,6.3361,3,244,15.9,386.34,17052176564.065294,44.0
0.61154,20.0,3.97,0,0.647,-0.08977343272015799,86.9,1.801,5,264,13.0,389.7,28648127069.79101,50.0
0.66351,20.0,3.97,0,0.647,-0.19943788879262545,100.0,1.8946,5,264,13.0,383.29,43912099345.47349,36.0
0.65665,20.0,3.97,0,0.647,0.007404658036899506,100.0,2.0107,5,264,13.0,391.93,38971044146.73685,30.1
0.54011,20.0,3.97,0,0.647,-0.008113343832254469,81.8,2.1121,5,264,13.0,392.8,54448827914.52216,33.8
0.53412,20.0,3.97,0,0.647,0.029497465810503234,89.4,2.1398,5,264,13.0,388.37,41176582153.54732,43.1
0.52014,20.0,3.97,0,0.647,0.07101397883170006,91.5,2.2885,5,264,13.0,386.86,34338315592.91049,48.8
0.82526,20.0,3.97,0,0.647,-0.19674312010999576,94.5,2.0788,5,264,13.0,393.42,63872956501.35267,31.0
0.55007,20.0,3.97,0,0.647,0.03357200275610889,91.6,1.9301,5,264,13.0,387.89,45985022697.92907,36.5
0.76162,20.0,3.97,0,0.647,0.027663453587688583,62.8,1.9865,5,264,13.0,392.4,58993073927.795586,22.8
0.7857,20.0,3.97,0,0.647,-0.019416247628438327,84.6,2.1329,5,264,13.0,384.07,83553438728.8662,30.7
0.57834,20.0,3.97,0,0.575,0.21169788006158546,67.0,2.4216,5,264,13.0,384.54,42648454888.59088,50.0
0.5405,20.0,3.97,0,0.575,0.05170155624894446,52.6,2.872,5,264,13.0,390.3,17679810991.3654,43.5
0.09065,20.0,6.96,1,0.464,-0.15333451822777355,61.5,3.9175,3,223,18.6,391.34,77205740205.65611,20.7
0.29916,20.0,6.96,0,0.464,0.07300717273274465,42.1,4.429,3,223,18.6,388.65,72948093943.86055,21.1
0.16211,20.0,6.96,0,0.464,0.10505776861396393,16.3,4.429,3,223,18.6,396.9,38194715482.73464,25.2
0.1146,20.0,6.96,0,0.464,0.03555637834782442,58.7,3.9175,3,223,18.6,394.96,44450749645.7256,24.4
0.22188,20.0,6.96,1,0.464,0.10942098037102838,51.8,4.3665,3,223,18.6,390.77,36924702212.06522,35.2
0.05644,40.0,6.41,1,0.447,0.12167424586506129,32.9,4.0776,4,254,17.6,396.9,19324438856.49692,32.4
0.09604,40.0,6.41,0,0.447,-0.113984992681982,42.8,4.2673,4,254,17.6,396.9,17926364430.739693,32.0
0.10469,40.0,6.41,1,0.447,-0.1673188307679103,49.0,4.7872,4,254,17.6,389.25,35409227019.20537,33.2
0.06127,40.0,6.41,1,0.447,0.3051486447417121,27.6,4.8628,4,254,17.6,393.45,23796486397.503048,33.1
0.07978,40.0,6.41,0,0.447,-0.06687955278842399,32.1,4.1403,4,254,17.6,396.9,40387812530.860306,29.1
0.21038,20.0,3.33,0,0.4429,0.14051070283673084,32.2,4.1007,5,216,14.9,396.9,26459027092.11089,35.1
0.03578,20.0,3.33,0,0.4429,0.06222198856198662,64.5,4.6947,5,216,14.9,387.31,22780008433.897907,45.4
0.03705,20.0,3.33,0,0.4429,-0.1816872108114928,37.2,5.2447,5,216,14.9,392.23,24363641025.815804,35.4
0.06129,20.0,3.33,1,0.4429,0.09838746755860657,49.7,5.2119,5,216,14.9,377.07,18244973683.46769,46.0
0.01501,90.0,1.21,1,0.401,0.01040204689740977,24.8,5.885,1,198,13.6,395.52,18441579980.92294,50.0
0.00906,90.0,2.97,0,0.4,-0.16054243056898446,20.8,7.3073,1,285,15.3,394.72,44778494593.475204,32.2
0.01096,55.0,2.25,0,0.389,0.06621658232930788,31.9,7.3073,1,300,15.3,394.72,46337942687.97677,22.0
0.01965,80.0,1.76,0,0.385,-0.24850554898705954,31.5,9.0892,1,241,18.2,341.6,73710149655.55598,20.1
0.03871,52.5,5.32,0,0.405,-0.25165498013822407,31.3,7.3172,6,293,16.6,396.9,40498361937.61342,23.2
0.0459,52.5,5.32,0,0.405,0.014237635359374279,45.6,7.3172,6,293,16.6,396.9,44451173745.38632,22.3
0.04297,52.5,5.32,0,0.405,0.02735647450375317,22.9,7.3172,6,293,16.6,371.72,52991925934.39604,24.8
0.03502,80.0,4.95,0,0.411,-0.0069069855125085755,27.9,5.1167,4,245,19.2,396.9,18378196516.55369,28.5
0.07886,80.0,4.95,0,0.411,-0.05467977725780901,27.7,5.1167,4,245,19.2,396.9,20524630234.752514,37.3
0.03615,80.0,4.95,0,0.411,0.0640632218522108,23.4,5.1167,4,245,19.2,396.9,28108154200.594913,27.9
0.08265,0.0,13.92,0,0.437,0.04331967088759343,18.4,5.5027,4,289,16.0,396.9,47909972831.963745,23.9
0.08199,0.0,13.92,0,0.437,-0.1472643089391153,42.3,5.5027,4,289,16.0,396.9,57951004963.32275,21.7
0.12932,0.0,13.92,0,0.437,-0.14126807511967457,31.1,5.9604,4,289,16.0,396.9,36116231585.928276,28.6
0.05372,0.0,13.92,0,0.437,-0.057523869416338094,51.0,5.9604,4,289,16.0,392.85,41855359566.4837,27.1
0.14103,0.0,13.92,0,0.437,0.10159347259344004,58.0,6.32,4,289,16.0,396.9,90593167465.18202,20.3
0.06466,70.0,2.24,0,0.4,0.06397969352507271,20.1,7.8278,5,358,14.8,368.24,29046993614.722042,22.5
0.05561,70.0,2.24,0,0.4,-0.020738065971417165,10.0,7.8278,5,358,14.8,371.58,25872320591.905045,29.0
0.04417,70.0,2.24,0,0.4,-0.26965710083698335,47.4,7.8278,5,358,14.8,390.86,34085836130.237526,24.8
0.03537,34.0,6.09,0,0.433,-0.15381163763105746,40.4,5.4917,7,329,16.1,395.75,52488199422.08028,22.0
0.09266,34.0,6.09,0,0.433,0.046857057182760856,18.4,5.4917,7,329,16.1,383.61,49041196896.555305,26.4
0.1,34.0,6.09,0,0.433,-0.0050888777058648235,17.7,5.4917,7,329,16.1,390.43,27394601827.012287,33.1
0.05515,33.0,2.18,0,0.472,-0.13121986855299744,41.1,4.022,7,222,18.4,393.68,39369621120.416725,36.1
0.05479,33.0,2.18,0,0.472,-0.07975222573942045,58.1,3.37,7,222,18.4,393.36,51976714175.16825,28.4
0.07503,33.0,2.18,0,0.472,0.016746369837334657,71.9,3.0992,7,222,18.4,396.9,37089825117.16431,33.4
0.04932,33.0,2.18,0,0.472,0.2541617782051607,70.3,3.1827,7,222,18.4,396.9,44008769190.55739,28.2
0.49298,0.0,9.9,0,0.544,0.037355179208770156,82.5,3.3175,4,304,18.4,396.9,24614828066.65312,22.8
0.3494,0.0,9.9,0,0.544,-0.06060839394035732,76.7,3.1025,4,304,18.4,396.24,57719272671.15474,20.3
2.63548,0.0,9.9,0,0.544,0.027514857302255585,37.8,2.5194,4,304,18.4,350.45,71275474169.99153,16.1
0.79041,0.0,9.9,0,0.544,0.00306450254987653,52.8,2.6403,4,304,18.4,396.9,33324078031.540897,22.1
0.26169,0.0,9.9,0,0.544,0.1439353146879141,90.4,2.834,4,304,18.4,396.3,66467081194.59744,19.4
0.26938,0.0,9.9,0,0.544,-0.13663570771000108,82.8,3.2628,4,304,18.4,393.39,46322903403.74863,21.6
0.3692,0.0,9.9,0,0.544,-0.06689528506254784,87.3,3.6023,4,304,18.4,395.69,53571178570.72852,23.8
0.25356,0.0,9.9,0,0.544,0.14712154048756587,77.7,3.945,4,304,18.4,396.42,66425261367.02818,16.2
0.31827,0.0,9.9,0,0.544,0.07164319146517709,83.2,3.9986,4,304,18.4,390.7,103835448789.17302,17.8
0.24522,0.0,9.9,0,0.544,0.1018899917313689,71.7,4.0317,4,304,18.4,396.9,90604486151.52396,19.8
0.40202,0.0,9.9,0,0.544,-0.08972308634050966,67.2,3.5325,4,304,18.4,395.21,57637657208.82652,23.1
0.47547,0.0,9.9,0,0.544,-0.12276279832786294,58.8,4.0019,4,304,18.4,396.23,72714562290.81187,21.0
0.1676,0.0,7.38,0,0.493,-0.03630034924624384,52.3,4.5404,5,287,19.6,396.9,40892419704.16306,23.8
0.18159,0.0,7.38,0,0.493,0.0410757680573817,54.3,4.5404,5,287,19.6,396.9,38485896972.54029,23.1
0.35114,0.0,7.38,0,0.493,0.024575032422254096,49.9,4.7211,5,287,19.6,396.9,44458936893.37027,20.4
0.28392,0.0,7.38,0,0.493,0.06233596849627431,74.3,4.7211,5,287,19.6,391.13,66222320066.4663,18.5
0.34109,0.0,7.38,0,0.493,-0.12778496513839221,40.1,4.7211,5,287,19.6,396.9,34483260563.060974,25.0
0.19186,0.0,7.38,0,0.493,0.16736475828883882,14.7,5.4159,5,287,19.6,393.68,30309981742.26525,24.6
0.30347,0.0,7.38,0,0.493,0.10472896143591626,28.9,5.4159,5,287,19.6,396.9,35360525189.72692,23.0
0.24103,0.0,7.38,0,0.493,0.11099515694725118,43.7,5.4159,5,287,19.6,396.9,73308785415.08308,22.2
0.06617,0.0,3.24,0,0.46,-0.020809559436503505,25.8,5.2146,4,430,16.9,382.44,58133103268.798996,19.3
0.06724,0.0,3.24,0,0.46,-0.07014000777639576,17.2,5.2146,4,430,16.9,375.21,41281715244.858986,22.6
0.04544,0.0,3.24,0,0.46,-0.1158217390849879,32.2,5.8736,4,430,16.9,368.57,52894329324.48464,19.8
0.05023,35.0,6.06,0,0.4379,-0.13648012588592262,28.4,6.6407,1,304,16.9,394.02,70272211100.17653,17.1
0.03466,35.0,6.06,0,0.4379,0.005059459943364356,23.3,6.6407,1,304,16.9,362.25,44121691274.741615,19.4
0.05083,0.0,5.19,0,0.515,0.27640086617489457,38.1,6.4584,5,224,20.2,389.71,33877836809.19474,22.2
0.03738,0.0,5.19,0,0.515,0.17172930322658142,38.5,6.4584,5,224,20.2,389.4,37757703375.2152,20.7
0.03961,0.0,5.19,0,0.515,-0.09778609653049046,34.5,5.9853,5,224,20.2,396.9,46351446280.75946,21.1
0.03427,0.0,5.19,0,0.515,0.010701904361930095,46.3,5.2311,5,224,20.2,396.9,55817009046.89609,19.5
0.03041,0.0,5.19,0,0.515,-0.12730997679909045,59.6,5.615,5,224,20.2,394.81,58498964758.60706,18.5
0.03306,0.0,5.19,0,0.515,0.2893059761513729,37.3,4.8122,5,224,20.2,396.14,48455802337.35213,20.6
0.05497,0.0,5.19,0,0.515,0.18661919985656927,45.4,4.8122,5,224,20.2,396.9,55558012105.07539,19.0
0.06151,0.0,5.19,0,0.515,0.0611046945193703,58.5,4.8122,5,224,20.2,396.9,51887601363.57824,18.7
0.01301,35.0,1.52,0,0.442,-0.16761585501275375,49.3,7.0379,1,284,15.5,394.74,32523053825.476562,32.7
0.02498,0.0,1.89,0,0.518,-0.008817879858534605,59.7,6.2669,1,422,15.9,389.96,47517384565.01916,16.5
0.02543,55.0,3.78,0,0.484,-0.06629219908406125,56.4,5.7321,5,370,17.6,396.9,41107030109.106255,23.9
0.03049,55.0,3.78,0,0.484,0.13805516122107667,28.1,6.4654,5,370,17.6,387.97,27250163278.123245,31.2
0.03113,0.0,4.39,0,0.442,0.18984624900793848,48.5,8.0136,3,352,18.8,385.64,59814929958.200226,17.5
0.06162,0.0,4.39,0,0.442,-0.00201010962670628,52.3,8.0136,3,352,18.8,364.61,71841000951.92105,17.2
0.0187,85.0,4.15,0,0.429,-0.12318422596304764,27.7,8.5353,4,351,17.9,392.43,35394610322.06018,23.1
0.01501,80.0,2.01,0,0.435,0.042617381576823626,29.7,8.344,4,280,17.0,390.94,34106019407.29145,24.5
0.02899,40.0,1.25,0,0.429,0.1436823539008356,34.5,8.7921,1,335,19.7,389.85,35085487812.52903,26.6
0.06211,40.0,1.25,0,0.429,0.10236640443007027,44.4,8.7921,1,335,19.7,396.9,32257826947.462883,22.9
0.0795,60.0,1.69,0,0.411,-0.14146959599309222,35.9,10.7103,4,411,18.3,370.78,31218853189.02717,24.1
0.07244,60.0,1.69,0,0.411,0.01827238812445818,18.5,10.7103,4,411,18.3,392.33,44142890403.9126,18.6
0.01709,90.0,2.02,0,0.41,0.08525512034899041,36.1,12.1265,5,187,17.0,384.46,26097925920.493206,30.1
0.04301,80.0,1.91,0,0.413,-0.19123907820346903,21.9,10.5857,4,334,22.0,382.8,45835333915.8568,18.2
0.10659,80.0,1.91,0,0.413,-0.07192502500835826,19.5,10.5857,4,334,22.0,376.04,30838740706.969772,20.6
8.98296,0.0,18.1,1,0.77,0.05694908842731168,97.4,2.1222,24,666,20.2,377.73,100850201825.93503,17.8
3.8497,0.0,18.1,1,0.77,0.14232636793441406,91.0,2.5052,24,666,20.2,391.34,77263112162.95927,21.7
5.20177,0.0,18.1,1,0.77,-0.12305420982387985,83.4,2.7227,24,666,20.2,395.43,64803234216.882034,22.7
4.26131,0.0,18.1,0,0.77,0.021292931353311728,81.3,2.5091,24,666,20.2,390.74,72130613018.51468,22.6
4.54192,0.0,18.1,0,0.77,0.36139493751845164,88.0,2.5182,24,666,20.2,374.56,42768759583.15089,25.0
3.83684,0.0,18.1,0,0.77,-0.2915631761109894,91.1,2.2955,24,666,20.2,350.65,81260562851.9808,19.9
3.67822,0.0,18.1,0,0.77,-0.2533010995927638,96.2,2.1036,24,666,20.2,380.79,57975985953.127014,20.8
4.22239,0.0,18.1,1,0.77,0.15441263874735928,89.0,1.9047,24,666,20.2,353.04,81933089103.30681,16.8
3.47428,0.0,18.1,1,0.718,0.013777563716770719,82.9,1.9047,24,666,20.2,354.55,30368512078.51068,21.9
4.55587,0.0,18.1,0,0.718,-0.17983099660553234,87.9,1.6132,24,666,20.2,354.7,39893753361.8691,27.5
3.69695,0.0,18.1,0,0.718,-0.08089238177662807,91.4,1.7523,24,666,20.2,316.03,80447004207.29219,21.9
13.5222,0.0,18.1,0,0.631,-0.19354331343730302,100.0,1.5106,24,666,20.2,131.42,76755501863.14838,23.1
4.89822,0.0,18.1,0,0.631,0.03145398913685896,100.0,1.3325,24,666,20.2,375.52,18055885818.335247,50.0
5.66998,0.0,18.1,1,0.631,0.062440491368045144,96.8,1.3567,24,666,20.2,375.33,21357053020.024742,50.0
6.53876,0.0,18.1,1,0.631,-0.017714383856816285,97.5,1.2024,24,666,20.2,392.05,17159893257.410408,50.0
9.2323,0.0,18.1,0,0.631,0.04764828711214633,100.0,1.1691,24,666,20.2,366.15,52203733411.77386,50.0
8.26725,0.0,18.1,1,0.668,-0.012130669321866188,89.6,1.1296,24,666,20.2,347.88,50275422630.71408,50.0
11.1081,0.0,18.1,0,0.668,0.20216734316188062,100.0,1.1742,24,666,20.2,396.9,198159628616.4375,13.8
18.4982,0.0,18.1,0,0.668,0.036793496244235835,100.0,1.137,24,666,20.2,396.9,216853647280.41852,13.8
19.6091,0.0,18.1,0,0.671,0.0140807975184656,97.9,1.3163,24,666,20.2,396.9,75868919789.78496,15.0
15.288,0.0,18.1,0,0.671,-0.1915753309126776,93.3,1.3449,24,666,20.2,363.02,130950778957.49307,13.9
9.82349,0.0,18.1,0,0.671,-0.06930468638916444,98.8,1.358,24,666,20.2,396.9,119284385433.53514,13.3
23.6482,0.0,18.1,0,0.671,0.06297976169085995,96.2,1.3861,24,666,20.2,396.9,134540210022.33755,13.1
17.8667,0.0,18.1,0,0.671,-0.008092567861606271,100.0,1.3861,24,666,20.2,393.74,122142379714.92781,10.2
88.9762,0.0,18.1,0,0.671,-0.015659544289985967,91.9,1.4165,24,666,20.2,396.9,98438478191.33624,10.4
15.8744,0.0,18.1,0,0.671,0.022280371240928243,99.1,1.5192,24,666,20.2,396.9,120113054015.17505,10.9
9.18702,0.0,18.1,0,0.7,0.08414693233411968,100.0,1.5804,24,666,20.2,396.9,135727822098.48444,11.3
7.99248,0.0,18.1,0,0.7,-0.008115633491114133,100.0,1.5331,24,666,20.2,396.9,139764253622.1566,12.3
20.0849,0.0,18.1,0,0.7,0.04725910860275702,91.2,1.4395,24,666,20.2,285.83,173430343428.78796,8.8
16.8118,0.0,18.1,0,0.7,-0.007110738379012729,98.1,1.4261,24,666,20.2,396.9,175328940549.10178,7.2
24.3938,0.0,18.1,0,0.7,-0.48963182303822955,100.0,1.4672,24,666,20.2,396.9,160176027367.93445,10.5
22.5971,0.0,18.1,0,0.7,0.12558602761463317,89.5,1.5184,24,666,20.2,396.9,181416079664.19452,7.4
14.3337,0.0,18.1,0,0.7,-0.04513933232999637,100.0,1.5895,24,666,20.2,372.92,173481316005.61066,10.2
8.15174,0.0,18.1,0,0.7,-0.21405637000942823,98.9,1.7281,24,666,20.2,396.9,119237108136.6909,11.5
6.96215,0.0,18.1,0,0.7,0.0080323888339148,97.0,1.9265,24,666,20.2,394.43,96195572639.74619,15.1
5.29305,0.0,18.1,0,0.7,-0.10663980752287194,82.5,2.1678,24,666,20.2,378.38,107482473881.5526,23.2
11.5779,0.0,18.1,0,0.7,-0.3743510250097395,97.0,1.77,24,666,20.2,396.9,145737977535.55188,9.7
8.64476,0.0,18.1,0,0.693,-0.34578825268525853,92.6,1.7912,24,666,20.2,396.9,85868719936.42563,13.8
13.3598,0.0,18.1,0,0.693,-0.013146758489681238,94.7,1.7821,24,666,20.2,396.9,93434555172.18301,12.7
8.71675,0.0,18.1,0,0.693,-0.061812366627677015,98.8,1.7257,24,666,20.2,391.98,97003599261.67285,13.1
5.87205,0.0,18.1,0,0.693,0.17290873395350675,96.0,1.6768,24,666,20.2,396.9,109660841102.87985,12.5
7.67202,0.0,18.1,0,0.693,0.06850226741529766,98.9,1.6334,24,666,20.2,393.1,112799632493.35617,8.5
38.3518,0.0,18.1,0,0.693,0.18775474565014205,100.0,1.4896,24,666,20.2,396.9,173471918571.3373,5.0
9.91655,0.0,18.1,0,0.693,-0.02012840864835358,77.8,1.5004,24,666,20.2,338.16,170690100467.62448,6.3
25.0461,0.0,18.1,0,0.693,-0.19529664379786965,100.0,1.5888,24,666,20.2,396.9,152277482023.49945,5.6
14.2362,0.0,18.1,0,0.693,0.07713971614212262,100.0,1.5741,24,666,20.2,396.9,116296381794.68156,7.2
9.59571,0.0,18.1,0,0.693,-0.09106978886626851,100.0,1.639,24,666,20.2,376.11,115766472136.53651,12.1
24.8017,0.0,18.1,0,0.693,-0.13093363740699054,96.0,1.7028,24,666,20.2,396.9,111976643016.82756,8.3
41.5292,0.0,18.1,0,0.693,-0.017024750005424,85.4,1.6074,24,666,20.2,329.46,155971816798.39658,8.5
67.9208,0.0,18.1,0,0.693,0.20940303083620576,100.0,1.4254,24,666,20.2,384.97,130425728935.12923,5.0
20.7162,0.0,18.1,0,0.659,0.10949345143669548,100.0,1.1781,24,666,20.2,370.22,134240218471.16847,11.9
11.9511,0.0,18.1,0,0.659,0.014766177984950907,100.0,1.2852,24,666,20.2,332.09,68874884489.07027,27.9
7.40389,0.0,18.1,0,0.597,-0.12821123672179238,97.9,1.4547,24,666,20.2,314.64,150139314570.28494,17.2
14.4383,0.0,18.1,0,0.597,0.16167297226225888,100.0,1.4655,24,666,20.2,179.36,113400422571.4833,27.5
51.1358,0.0,18.1,0,0.597,0.04302333222646034,100.0,1.413,24,666,20.2,2.6,57439190307.59013,15.0
14.0507,0.0,18.1,0,0.597,-0.06922389918472269,100.0,1.5275,24,666,20.2,35.05,120468218369.7057,17.2
18.811,0.0,18.1,0,0.597,-0.060310259224245794,100.0,1.5539,24,666,20.2,28.79,195269976982.9576,17.9
28.6558,0.0,18.1,0,0.597,0.12449557417887583,100.0,1.5894,24,666,20.2,210.97,114370611294.78897,16.3
45.7461,0.0,18.1,0,0.693,0.08016938953919672,100.0,1.6582,24,666,20.2,88.27,210925034886.28232,7.0
18.0846,0.0,18.1,0,0.679,0.07231245653098603,100.0,1.8347,24,666,20.2,27.25,165848167953.56006,7.2
10.8342,0.0,18.1,0,0.679,0.046274215816764636,90.8,1.8195,24,666,20.2,21.57,146645802247.95645,7.5
25.9406,0.0,18.1,0,0.679,-0.17318082846407412,89.1,1.6475,24,666,20.2,127.36,151510774789.3414,10.4
73.5341,0.0,18.1,0,0.679,0.048176227078435926,100.0,1.8026,24,666,20.2,16.45,116379138234.3181,8.8
11.8123,0.0,18.1,0,0.718,0.00579597544646103,76.5,1.794,24,666,20.2,48.45,129167240097.22408,8.4
11.0874,0.0,18.1,0,0.718,0.016728012891001183,100.0,1.8589,24,666,20.2,318.75,85432246637.50452,16.7
7.02259,0.0,18.1,0,0.718,-0.1276798408424126,95.3,1.8746,24,666,20.2,319.98,89764499008.69025,14.2
12.0482,0.0,18.1,0,0.614,-0.11834740145210265,87.6,1.9512,24,666,20.2,291.55,80716762168.89182,20.8
7.05042,0.0,18.1,0,0.614,-0.006828320187031514,85.1,2.0218,24,666,20.2,2.52,132381164937.0411,13.4
8.79212,0.0,18.1,0,0.584,-0.00830664227302809,70.6,2.0635,24,666,20.2,3.65,98977573139.29527,11.7
15.8603,0.0,18.1,0,0.679,0.24827262001836412,95.4,1.9096,24,666,20.2,7.68,139368166156.35446,8.3
12.2472,0.0,18.1,0,0.584,0.11897746413160093,59.7,1.9976,24,666,20.2,24.65,88626535358.73163,10.2
37.6619,0.0,18.1,0,0.679,0.08311855704373228,78.7,1.8629,24,666,20.2,18.82,81714812623.14883,10.9
7.36711,0.0,18.1,0,0.679,-0.1240812058189395,78.1,1.9356,24,666,20.2,96.73,121502943776.10886,11.0
9.33889,0.0,18.1,0,0.679,-0.032979609461869584,95.6,1.9682,24,666,20.2,60.72,136586056881.09901,9.5
8.49213,0.0,18.1,0,0.584,-0.1446107714651439,86.1,2.0527,24,666,20.2,83.45,100923656985.57588,14.5
10.0623,0.0,18.1,0,0.584,-0.12050222601031847,94.3,2.0882,24,666,20.2,81.33,111514647406.99648,14.1
6.44405,0.0,18.1,0,0.584,0.013795114865530325,74.8,2.2004,24,666,20.2,97.95,68651693377.24669,16.1
5.58107,0.0,18.1,0,0.713,-0.07473450870403298,87.9,2.3158,24,666,20.2,100.19,90464913190.05663,14.3
13.9134,0.0,18.1,0,0.713,0.424508551778962,95.0,2.2222,24,666,20.2,100.63,85325610063.71313,11.7
11.1604,0.0,18.1,0,0.74,0.050434183231041554,94.6,2.1247,24,666,20.2,109.85,132798136671.50851,13.4
14.4208,0.0,18.1,0,0.74,0.2973245917015175,93.3,2.0026,24,666,20.2,27.49,103519293902.37184,9.6
15.1772,0.0,18.1,0,0.74,0.049668136412329617,100.0,1.9142,24,666,20.2,9.32,149632275816.34143,8.7
13.6781,0.0,18.1,0,0.74,-0.05526447852693908,87.9,1.8206,24,666,20.2,68.95,193191454214.9032,8.4
9.39063,0.0,18.1,0,0.74,-0.07333521131738527,93.9,1.8172,24,666,20.2,396.9,129548811297.46484,12.8
22.0511,0.0,18.1,0,0.74,0.165531159044416,92.4,1.8662,24,666,20.2,391.45,124426143303.65878,10.5
9.72418,0.0,18.1,0,0.74,-0.16566543036259654,97.2,2.0651,24,666,20.2,385.96,111161872005.57639,17.1
5.66637,0.0,18.1,0,0.74,-0.11409431249017103,100.0,2.0048,24,666,20.2,395.69,93942959281.20918,18.4
9.96654,0.0,18.1,0,0.74,-0.06579371909989068,100.0,1.9784,24,666,20.2,386.73,108390400448.09985,15.4
12.8023,0.0,18.1,0,0.74,-0.1017270771615564,96.6,1.8956,24,666,20.2,240.52,135221944134.51608,10.8
10.6718,0.0,18.1,0,0.74,0.11584588732314798,94.8,1.9879,24,666,20.2,43.06,136379057354.52454,11.8
6.28807,0.0,18.1,0,0.74,0.011116536808995443,96.4,2.072,24,666,20.2,318.01,100113767817.86397,14.9
9.92485,0.0,18.1,0,0.74,-0.04754878940828439,96.6,2.198,24,666,20.2,388.52,94480469504.20364,12.6
9.32909,0.0,18.1,0,0.713,-0.1215538331931252,98.7,2.2616,24,666,20.2,396.9,102745082920.93085,14.1
7.52601,0.0,18.1,0,0.713,-0.10587279923908231,98.3,2.185,24,666,20.2,304.21,111450211435.78023,13.0
6.71772,0.0,18.1,0,0.713,-0.011820491112749357,92.6,2.3236,24,666,20.2,0.32,98761046149.02092,13.4
5.44114,0.0,18.1,0,0.713,-0.020404756224386596,98.2,2.3552,24,666,20.2,355.29,101189855444.31592,15.2
5.09017,0.0,18.1,0,0.713,0.08477702021906829,91.8,2.3682,24,666,20.2,385.09,98829306123.82414,16.1
8.24809,0.0,18.1,0,0.713,-0.13923623387312276,99.3,2.4527,24,666,20.2,375.87,93970694990.53848,17.8
9.51363,0.0,18.1,0,0.713,0.06574331049180746,94.1,2.4961,24,666,20.2,6.68,106079236909.63086,14.9
4.75237,0.0,18.1,0,0.713,-0.09621480987510027,86.5,2.4358,24,666,20.2,50.92,102275579733.05835,14.1
4.66883,0.0,18.1,0,0.713,0.17283270459589278,87.9,2.5806,24,666,20.2,10.48,108038289730.50426,12.7
8.20058,0.0,18.1,0,0.713,-0.17033085163177447,80.3,2.7792,24,666,20.2,3.5,94329742125.7844,13.5
7.75223,0.0,18.1,0,0.713,0.19568570869499702,83.7,2.7831,24,666,20.2,272.21,91533324395.89359,14.9
6.80117,0.0,18.1,0,0.713,-0.029393528506008463,84.4,2.7175,24,666,20.2,396.9,83263462465.07567,20.0
4.81213,0.0,18.1,0,0.713,-0.012404480879970314,90.0,2.5975,24,666,20.2,255.23,92953999364.96683,16.4
3.69311,0.0,18.1,0,0.713,0.15014168727203475,88.4,2.5671,24,666,20.2,391.43,83564371505.84921,17.7
6.65492,0.0,18.1,0,0.713,0.13173039000216205,83.0,2.7344,24,666,20.2,396.9,78701446988.02968,19.5
5.82115,0.0,18.1,0,0.713,-0.1929796572662998,89.9,2.8016,24,666,20.2,393.82,58360034442.663086,20.2
7.83932,0.0,18.1,0,0.655,0.11280869056180139,65.4,2.9634,24,666,20.2,396.9,74407706144.03947,21.4
3.1636,0.0,18.1,0,0.655,-0.14745963208469082,48.2,3.0665,24,666,20.2,334.4,80907111563.83258,19.9
3.77498,0.0,18.1,0,0.655,0.17227315970845763,84.7,2.8715,24,666,20.2,22.01,97779052208.02438,19.0
4.42228,0.0,18.1,0,0.584,-0.03734748263370882,94.5,2.5403,24,666,20.2,331.29,122564127249.95926,19.1
15.5757,0.0,18.1,0,0.58,0.06348663920638117,71.0,2.9084,24,666,20.2,368.74,102651702861.85162,19.1
13.0751,0.0,18.1,0,0.58,-0.12580296156833104,56.7,2.8237,24,666,20.2,396.9,83340028977.5271,20.1
4.34879,0.0,18.1,0,0.58,-0.17141745253802118,84.0,3.0334,24,666,20.2,396.9,92646476700.36803,19.9
4.03841,0.0,18.1,0,0.532,0.3103154196225633,90.7,3.0993,24,666,20.2,395.33,73689270058.69519,19.6
3.56868,0.0,18.1,0,0.58,0.25515595027532556,75.0,2.8965,24,666,20.2,393.37,81682874948.58377,23.2
4.64689,0.0,18.1,0,0.614,-0.06840666895489161,67.6,2.5329,24,666,20.2,374.68,66664207617.5265,29.8
8.05579,0.0,18.1,0,0.584,0.002785746689737148,95.4,2.4298,24,666,20.2,352.58,102418214458.54326,13.8
6.39312,0.0,18.1,0,0.584,-0.02489742231883068,97.4,2.206,24,666,20.2,302.76,136967537359.94261,13.3
4.87141,0.0,18.1,0,0.614,0.2673562497551789,93.6,2.3053,24,666,20.2,396.21,106230267070.4107,16.7
15.0234,0.0,18.1,0,0.614,0.04896480104066114,97.3,2.1007,24,666,20.2,349.48,142140264852.42813,12.0
10.233,0.0,18.1,0,0.614,-0.17011435417609905,96.7,2.1705,24,666,20.2,379.7,99788535281.08125,14.6
14.3337,0.0,18.1,0,0.614,0.22877834490492566,88.0,1.9512,24,666,20.2,383.32,74880202716.52866,21.4
5.82401,0.0,18.1,0,0.532,0.17091851849916512,64.7,3.4242,24,666,20.2,396.9,61195690368.88889,23.0
5.70818,0.0,18.1,0,0.532,0.034357851053907915,74.9,3.3317,24,666,20.2,393.07,43178699332.79132,23.7
5.73116,0.0,18.1,0,0.532,-0.2760465210884864,77.0,3.4106,24,666,20.2,395.28,38459337659.84601,25.0
2.81838,0.0,18.1,0,0.532,-0.00761416655417628,40.3,4.0983,24,666,20.2,392.92,59044927409.07612,21.8
2.37857,0.0,18.1,0,0.583,0.17919767892239857,41.9,3.724,24,666,20.2,370.73,75663738678.67026,20.6
3.67367,0.0,18.1,0,0.583,-0.022101653960671368,51.9,3.9917,24,666,20.2,388.62,59180471769.78783,21.2
5.69175,0.0,18.1,0,0.583,-0.14863304457214357,79.8,3.5459,24,666,20.2,392.68,83988752386.38129,19.1
4.83567,0.0,18.1,0,0.583,-0.08154786669150187,53.2,3.1523,24,666,20.2,388.22,65444688247.47123,20.6
0.15086,0.0,27.74,0,0.609,0.1132571138409815,92.7,1.8209,4,711,20.1,395.09,103105507326.98169,15.2
0.18337,0.0,27.74,0,0.609,0.07335819294745988,98.3,1.7554,4,711,20.1,344.05,135413589104.13428,7.0
0.20746,0.0,27.74,0,0.609,-0.2456295502607304,98.0,1.8226,4,711,20.1,318.43,169102101545.2895,8.1
0.10574,0.0,27.74,0,0.609,-0.009801363787776731,98.8,1.8681,4,711,20.1,390.11,102471158902.71298,13.6
0.11132,0.0,27.74,0,0.609,-0.169487786852209,83.5,2.1099,4,711,20.1,396.9,75461491491.53738,20.1
0.17331,0.0,9.69,0,0.585,0.07359045095562763,54.0,2.3817,6,391,19.2,396.9,67564230877.45271,21.8
0.27957,0.0,9.69,0,0.585,0.2626804094529302,42.6,2.3817,6,391,19.2,396.9,75567637642.38657,24.5
0.17899,0.0,9.69,0,0.585,0.1215646216370119,28.8,2.7986,6,391,19.2,393.29,99487015808.93053,23.1
0.2896,0.0,9.69,0,0.585,-0.010044842551591972,72.9,2.7986,6,391,19.2,396.9,119388679708.50497,19.7
0.26838,0.0,9.69,0,0.585,0.038349249434670725,70.6,2.8927,6,391,19.2,396.9,80128052261.20946,18.3
0.23912,0.0,9.69,0,0.585,-0.08043828678340201,65.3,2.4091,6,391,19.2,396.9,72637513371.77112,21.2
0.17783,0.0,9.69,0,0.585,0.18410934481931757,73.5,2.3999,6,391,19.2,395.77,83998879135.4391,17.5
0.22438,0.0,9.69,0,0.585,0.07882528966032865,79.7,2.4982,6,391,19.2,396.9,80846265290.24646,16.8
0.06263,0.0,11.93,0,0.573,0.0042236488084013354,69.1,2.4786,1,273,21.0,391.99,54661464723.68493,22.4
0.04527,0.0,11.93,0,0.573,0.1466460160351148,76.7,2.2875,1,273,21.0,396.9,50249492098.29342,20.6
0.06076,0.0,11.93,0,0.573,-0.018927536035808233,91.0,2.1675,1,273,21.0,396.9,31500807490.47845,23.9
0.10959,0.0,11.93,0,0.573,-0.06605467444542004,89.3,2.3889,1,273,21.0,393.45,36279330089.62003,22.0
0.04741,0.0,11.93,0,0.573,0.07521053253947213,80.8,2.505,1,273,21.0,396.9,45091847377.93058,11.9
