CRIM,ZN,INDUS,CHAS,NOX,RM,AGE,DIS,RAD,TAX,PTRATIO,B,LSTAT,MEDV
0.00632,18.0,2.31,0,0.538,0.09106281935030004,65.2,4.09,1,296,15.3,396.9,4660796704.381889,24.0
0.02731,0.0,7.07,0,0.469,0.375330596493043,78.9,4.9671,2,242,17.8,396.9,8230031233.925108,21.6
0.02729,0.0,7.07,0,0.469,0.11153314064969633,61.1,4.9671,2,242,17.8,392.83,3677305106.1177797,34.7
0.03237,0.0,2.18,0,0.458,0.012248584339928092,45.8,6.0622,3,222,18.7,394.63,2563343489.4718966,33.4
0.06905,0.0,2.18,0,0.458,-0.0872228262581571,54.2,6.0622,3,222,18.7,396.9,4954879278.933309,36.2
0.02985,0.0,2.18,0,0.458,-0.16663570366418365,58.7,6.0622,3,222,18.7,394.12,4854215134.948033,28.7
0.08829,12.5,7.87,0,0.524,0.08660551189749491,66.6,5.5605,5,311,15.2,395.6,11118195383.23272,22.9
0.14455,12.5,7.87,0,0.524,0.047588562827055085,96.1,5.9505,5,311,15.2,396.9,17501166210.024483,27.1
0.21124,12.5,7.87,0,0.524,0.03541563318643333,100.0,6.0821,5,311,15.2,386.63,27188423545.483994,16.5
0.17004,12.5,7.87,0,0.524,0.08364996537313318,85.9,6.5921,5,311,15.2,386.71,15654874025.840164,18.9
0.22489,12.5,7.87,0,0.524,0.2624393877976342,94.3,6.3467,5,311,15.2,392.52,18631677917.963333,15.0
0.11747,12.5,7.87,0,0.524,0.0853841653027148,82.9,6.2267,5,311,15.2,396.9,11985201717.630562,18.9
0.09378,12.5,7.87,0,0.524,-0.1102937126575771,39.0,5.4509,5,311,15.2,390.5,14408624755.727076,21.7
0.62976,0.0,8.14,0,0.538,0.11105310096452597,61.8,4.7075,4,307,21.0,396.9,7437265490.38958,20.4
0.63796,0.0,8.14,0,0.538,0.1012906685162881,84.5,4.4619,4,307,21.0,380.02,9482932243.56777,18.2
0.62739,0.0,8.14,0,0.538,-0.0011967883798562617,56.5,4.4986,4,307,21.0,395.62,7713119355.566603,19.9
1.05393,0.0,8.14,0,0.538,0.2974635213459592,29.3,4.4986,4,307,21.0,386.85,5743601403.873481,23.1
0.7842,0.0,8.14,0,0.538,-0.028071084862700157,81.7,4.2579,4,307,21.0,386.75,13340614161.129969,17.5
0.80271,0.0,8.14,0,0.538,0.0947340608458499,36.6,3.7965,4,307,21.0,288.99,10513201777.098345,20.2
0.7258,0.0,8.14,0,0.538,-0.048748774968762947,69.5,3.7965,4,307,21.0,390.95,10246741849.80458,18.2
1.25179,0.0,8.14,0,0.538,0.07146939703611002,98.1,3.7979,4,307,21.0,376.57,19078672324.201878,13.6
0.85204,0.0,8.14,0,0.538,0.01359883926562232,89.2,4.0123,4,307,21.0,392.53,12437536381.177385,19.6
1.23247,0.0,8.14,0,0.538,0.1598423118299168,91.7,3.9769,4,307,21.0,396.9,17278471785.097378,15.2
0.98843,0.0,8.14,0,0.538,0.041178139689464,100.0,4.0952,4,307,21.0,394.54,17861052863.92233,14.5
0.75026,0.0,8.14,0,0.538,0.03484572992249222,94.1,4.3996,4,307,21.0,394.33,14714029880.128222,15.6
0.84054,0.0,8.14,0,0.538,-0.29587799521597224,85.7,4.4546,4,307,21.0,303.42,15105303445.926682,13.9
0.67191,0.0,8.14,0,0.538,0.2655441787861442,90.3,4.682,4,307,21.0,376.88,13665488049.979744,16.6
0.95577,0.0,8.14,0,0.538,0.05410758724057456,88.8,4.4534,4,307,21.0,306.38,15773599113.528051,14.8
0.77299,0.0,8.14,0,0.538,0.17967908988916964,94.4,4.4547,4,307,21.0,387.94,11560012718.766495,18.4
1.00245,0.0,8.14,0,0.538,-0.08699126951144466,87.3,4.239,4,307,21.0,380.23,10919393079.576557,21.0
1.13081,0.0,8.14,0,0.538,0.2614750596517712,94.1,4.233,4,307,21.0,360.17,20539996931.965725,12.7
1.35472,0.0,8.14,0,0.538,0.05294386476129196,100.0,4.175,4,307,21.0,376.73,11924036685.058077,14.5
1.38799,0.0,8.14,0,0.538,-0.00819967313607782,82.0,3.99,4,307,21.0,232.6,25270262988.298565,13.2
1.15172,0.0,8.14,0,0.538,-0.008090698744007696,95.0,3.7872,4,307,21.0,358.77,16809436125.227186,13.1
1.61282,0.0,8.14,0,0.538,-0.12185319862107519,96.9,3.7598,4,307,21.0,248.31,18573785231.59433,13.5
0.06417,0.0,5.96,0,0.499,0.06049856534186758,68.2,3.3603,5,279,19.2,396.9,8734657802.389408,18.9
0.09744,0.0,5.96,0,0.499,0.14306698087668282,61.4,3.3779,5,279,19.2,377.56,10321036876.67964,20.0
0.08014,0.0,5.96,0,0.499,-0.16165966149435151,41.5,3.9342,5,279,19.2,396.9,8086498558.50594,21.0
0.17505,0.0,5.96,0,0.499,-0.1556776716494045,30.2,3.8473,5,279,19.2,393.43,9166189573.87165,24.7
0.02763,75.0,2.95,0,0.428,0.14923913799450647,21.8,5.4011,3,252,18.3,395.63,4014621012.7708645,30.8
0.03359,75.0,2.95,0,0.428,-0.051766417020579,15.8,5.4011,3,252,18.3,395.62,1635223775.2783804,34.9
0.12744,0.0,6.91,0,0.448,-0.2307729703860661,2.9,5.7209,3,233,17.9,385.41,4576526906.261981,26.6
0.1415,0.0,6.91,0,0.448,0.10808233810900633,6.6,5.7209,3,233,17.9,383.37,5323955289.016899,25.3
0.15936,0.0,6.91,0,0.448,0.2907513064881895,6.5,5.7209,3,233,17.9,394.46,6786378258.192583,24.7
0.12269,0.0,6.91,0,0.448,0.001575148915795882,40.0,5.7209,3,233,17.9,389.39,8711513919.106377,21.2
0.17142,0.0,6.91,0,0.448,0.05643927258624838,33.8,5.1004,3,233,17.9,396.9,9262463127.589382,19.3
0.18836,0.0,6.91,0,0.448,0.08119716999853444,33.3,5.1004,3,233,17.9,396.9,12655919734.30862,20.0
0.22927,0.0,6.91,0,0.448,0.08938228469636453,85.5,5.6894,3,233,17.9,392.74,17362333212.84408,16.6
0.25387,0.0,6.91,0,0.448,-0.04468855489252804,95.3,5.87,3,233,17.9,396.9,28174202947.481464,14.4
0.21977,0.0,6.91,0,0.448,0.08125429791214538,62.0,6.0877,3,233,17.9,396.9,14840970750.075075,19.4
0.08873,21.0,5.64,0,0.439,-0.26961540176580157,45.7,6.8147,4,243,16.8,395.56,12218415489.576607,19.7
0.04337,21.0,5.64,0,0.439,0.05860932924542551,63.0,6.8147,4,243,16.8,393.97,8472358790.475618,20.5
0.0536,21.0,5.64,0,0.439,0.07787403733396159,21.1,6.8147,4,243,16.8,396.9,4924589841.0603285,25.0
0.04981,21.0,5.64,0,0.439,-0.18965481043036067,21.4,6.8147,4,243,16.8,396.9,7794201025.390733,23.4
0.0136,75.0,4.0,0,0.41,-0.043057315628489586,47.6,7.3197,3,469,21.1,396.9,13606888461.597853,18.9
0.01311,90.0,1.22,0,0.403,-0.1602502863365215,21.9,8.6966,5,226,17.9,395.93,4441737475.8203535,35.4
0.02055,85.0,0.74,0,0.41,0.12995664111097013,35.7,9.1876,2,313,17.3,396.9,5371980734.752451,24.7
0.01432,100.0,1.32,0,0.411,-0.022580908372248264,40.5,8.3248,5,256,15.1,392.9,3482616043.9689717,31.6
0.15445,25.0,5.13,0,0.453,-0.005352042305452574,29.2,7.8148,8,284,19.7,390.68,6350504810.459154,23.3
0.10328,25.0,5.13,0,0.453,0.07503245785990856,47.2,6.932,8,284,19.7,396.9,8311112726.482531,19.6
0.14932,25.0,5.13,0,0.453,0.25469602775623373,66.2,7.2254,8,284,19.7,395.11,12038387216.371983,18.7
0.17171,25.0,5.13,0,0.453,0.14267362384793703,93.4,6.8185,8,284,19.7,378.08,13162520065.658453,16.0
0.11027,25.0,5.13,0,0.453,-0.05401895927027746,67.8,7.2255,8,284,19.7,396.9,6110730787.376747,22.2
0.1265,25.0,5.13,0,0.453,-0.11364889205509443,43.4,7.9809,8,284,19.7,395.58,8844435482.060177,25.0
0.01951,17.5,1.38,0,0.4161,0.13955091447321097,59.5,9.2229,3,216,18.6,393.24,7312463627.386699,33.0
0.03584,80.0,3.37,0,0.398,-0.05640581229477729,17.8,6.6115,4,337,16.1,396.9,4114864346.3410196,23.5
0.04379,80.0,3.37,0,0.398,0.1568144108541888,31.1,6.6115,4,337,16.1,396.9,9241405386.818813,19.4
0.05789,12.5,6.07,0,0.409,0.06614286386071681,21.4,6.498,4,345,18.9,396.21,7206751083.26395,22.0
0.13554,12.5,6.07,0,0.409,0.04982744436255886,36.8,6.498,4,345,18.9,396.9,11978264688.135406,17.4
0.12816,12.5,6.07,0,0.409,0.1424793909329929,33.0,6.498,4,345,18.9,396.9,7953878779.034752,20.9
0.08826,0.0,10.81,0,0.413,-0.053267485516361845,6.6,5.2873,4,305,19.2,383.73,6005090051.345993,24.2
0.15876,0.0,10.81,0,0.413,-0.08672653281713058,17.5,5.2873,4,305,19.2,376.94,9109026605.25882,21.7
0.09164,0.0,10.81,0,0.413,-0.10081475369078584,7.8,5.2873,4,305,19.2,390.91,5166303555.102653,22.8
0.19539,0.0,10.81,0,0.413,0.10335638285656883,6.2,5.2873,4,305,19.2,377.17,6759906871.227813,23.4
0.07896,0.0,12.83,0,0.437,0.0540848168315192,6.0,4.2515,5,398,18.7,394.92,6206885711.728964,24.1
0.09512,0.0,12.83,0,0.437,-0.0668244223581406,45.0,4.5026,5,398,18.7,383.23,8101211009.4235525,21.4
0.10153,0.0,12.83,0,0.437,-0.24444793301777998,74.5,4.0522,5,398,18.7,373.66,10891791022.033302,20.0
0.08707,0.0,12.83,0,0.437,-0.18549802389549072,45.8,4.0905,5,398,18.7,386.96,9365468776.467672,20.8
0.05646,0.0,12.83,0,0.437,-0.06207223106477437,53.7,5.0141,5,398,18.7,386.4,11497980525.551725,21.2
0.08387,0.0,12.83,0,0.437,-0.04139268061969549,36.6,4.5026,5,398,18.7,396.06,8261631654.039397,20.3
0.04113,25.0,4.86,0,0.426,0.029427437834786033,33.5,5.4007,4,281,19.0,396.9,4767120761.331305,28.0
0.04462,25.0,4.86,0,0.426,-0.21303322628842164,70.4,5.4007,4,281,19.0,395.63,6691017212.279704,23.9
0.03659,25.0,4.86,0,0.426,0.023036612082928454,32.2,5.4007,4,281,19.0,396.9,6087207308.583203,24.8
0.03551,25.0,4.86,0,0.426,0.07170928952168498,46.7,5.4007,4,281,19.0,390.64,7156012721.485184,22.9
0.05059,0.0,4.49,0,0.449,-0.12359388916105687,48.0,4.7794,3,247,18.5,396.9,8786793612.846539,23.9
0.05735,0.0,4.49,0,0.449,0.07460340975020692,56.1,4.4377,3,247,18.5,392.3,5926704682.184919,26.6
0.05188,0.0,4.49,0,0.449,-0.004792949801841168,45.1,4.4272,3,247,18.5,395.99,11591877231.67698,22.5
0.07151,0.0,4.49,0,0.449,-0.13578541927955645,56.8,3.7476,3,247,18.5,395.15,7664245340.001128,22.2
0.0566,0.0,3.41,0,0.489,0.2138793732424433,86.3,3.4217,2,270,17.8,396.9,5100177787.481845,23.6
0.05302,0.0,3.41,0,0.489,-0.22908691567301162,63.1,3.4145,2,270,17.8,396.06,5179764972.683883,28.7
0.04684,0.0,3.41,0,0.489,-0.07706086410320459,66.1,3.0923,2,270,17.8,392.18,7869476931.237276,22.6
0.03932,0.0,3.41,0,0.489,0.18196537026161114,73.9,3.0921,2,270,17.8,393.55,7263480810.323363,22.0
0.04203,28.0,15.04,0,0.464,-0.11013408275006609,53.6,3.6659,4,270,18.2,395.01,7515882132.7757635,22.9
0.02875,28.0,15.04,0,0.464,0.05630835022283244,28.9,3.6659,4,270,18.2,396.33,5554974081.214278,25.0
0.04294,28.0,15.04,0,0.464,0.22667561505801925,77.3,3.615,4,270,18.2,396.9,9603827929.704384,20.6
0.12204,0.0,2.89,0,0.445,-0.12000040481622548,57.8,3.4952,2,276,18.0,357.98,6039426371.802484,28.4
0.11504,0.0,2.89,0,0.445,0.029260099459884295,69.6,3.4952,2,276,18.0,391.83,10122748953.072172,21.4
0.12083,0.0,2.89,0,0.445,-0.008607481984519716,76.0,3.4952,2,276,18.0,396.9,3897705643.563959,38.7
0.08187,0.0,2.89,0,0.445,-0.18827241304256384,36.9,3.4952,2,276,18.0,393.53,3028590102.9553556,43.8
0.0686,0.0,2.89,0,0.445,0.054180575436100616,62.5,3.4952,2,276,18.0,396.9,5739621557.904065,33.2
0.14866,0.0,8.56,0,0.52,0.060916127146718,79.9,2.7778,5,384,20.9,394.76,8413615438.370292,27.5
0.11432,0.0,8.56,0,0.52,-0.006184876147221725,71.3,2.8561,5,384,20.9,395.58,7012328905.387134,26.5
0.22876,0.0,8.56,0,0.52,-0.10431658953187141,85.4,2.7147,5,384,20.9,70.8,9627776153.477285,18.6
0.21161,0.0,8.56,0,0.52,0.2800926066141793,87.4,2.7147,5,384,20.9,394.47,12073258070.231485,19.3
0.1396,0.0,8.56,0,0.52,0.03883475748447224,90.0,2.421,5,384,20.9,392.69,11226824069.55322,20.1
0.13262,0.0,8.56,0,0.52,-0.07198967643652177,96.7,2.1069,5,384,20.9,394.05,15042698919.807438,19.5
0.1712,0.0,8.56,0,0.52,0.004308028138722934,91.9,2.211,5,384,20.9,395.67,17018110300.862354,19.5
0.13117,0.0,8.56,0,0.52,0.10815368612655513,85.2,2.1224,5,384,20.9,387.69,12662011139.3198,20.4
0.12802,0.0,8.56,0,0.52,0.05542631312199031,97.1,2.4329,5,384,20.9,395.24,10994485445.781181,19.8
0.26363,0.0,8.56,0,0.52,-0.14096021462174368,91.2,2.5451,5,384,20.9,391.23,14079876160.236885,19.4
0.10793,0.0,8.56,0,0.52,0.05198046144923671,54.4,2.7778,5,384,20.9,393.49,12070112542.883427,21.7
0.10084,0.0,10.01,0,0.547,0.007896084724452967,81.6,2.6775,6,432,17.8,395.59,9378570422.268543,22.8
0.12329,0.0,10.01,0,0.547,-0.07684920964894326,92.9,2.3534,6,432,17.8,394.95,14810565575.657385,18.8
0.22212,0.0,10.01,0,0.547,-0.021064480178725718,95.4,2.548,6,432,17.8,396.9,15476751100.82817,18.7
0.14231,0.0,10.01,0,0.547,-0.007027628605440296,84.2,2.2565,6,432,17.8,388.74,9425262073.803217,18.5
0.17134,0.0,10.01,0,0.547,0.14545318116285122,88.2,2.4631,6,432,17.8,344.91,14140276546.081516,18.3
0.13158,0.0,10.01,0,0.547,-0.1266161020777227,72.5,2.7301,6,432,17.8,393.3,10841526076.923063,21.2
0.15098,0.0,10.01,0,0.547,-0.09399381716472792,82.6,2.7474,6,432,17.8,394.51,9395485377.610973,19.2
0.13058,0.0,10.01,0,0.547,0.04408588246657353,73.1,2.4775,6,432,17.8,338.63,14131063704.316433,20.4
0.14476,0.0,10.01,0,0.547,0.0797983419029951,65.2,2.7592,6,432,17.8,391.5,12496425292.22698,19.3
0.06899,0.0,25.65,0,0.581,0.1728556475712019,69.7,2.2577,2,188,19.1,389.15,13027628679.549835,22.0
0.07165,0.0,25.65,0,0.581,0.11618582910275854,84.1,2.1974,2,188,19.1,377.67,12979216483.54376,20.3
0.09299,0.0,25.65,0,0.581,-0.14202716772099241,92.9,2.0869,2,188,19.1,378.09,16183532589.043594,20.5
0.15038,0.0,25.65,0,0.581,0.041199548718606455,97.0,1.9444,2,188,19.1,370.31,23132157223.202705,17.3
0.09849,0.0,25.65,0,0.581,0.010731395258160553,95.8,2.0063,2,188,19.1,379.38,15903866013.934523,18.8
0.16902,0.0,25.65,0,0.581,-0.23880944249023286,88.4,1.9929,2,188,19.1,385.02,13614315658.084759,21.4
0.38735,0.0,25.65,0,0.581,0.12102215911974981,95.6,1.7572,2,188,19.1,359.29,25042782728.356743,15.7
0.25915,0.0,21.89,0,0.624,0.11854782009025602,96.0,1.7883,4,437,21.2,392.11,15718242051.590567,16.2
0.32543,0.0,21.89,0,0.624,-0.031243788342280823,98.8,1.8125,4,437,21.2,396.9,13945447692.053808,18.0
0.88125,0.0,21.89,0,0.624,0.24746967987543556,94.7,1.9799,4,437,21.2,396.9,16629509146.195686,14.3
0.34006,0.0,21.89,0,0.624,-0.10225394303274263,98.9,2.1185,4,437,21.2,395.04,11335697139.142359,19.2
1.19294,0.0,21.89,0,0.624,0.15005500420684592,97.7,2.271,4,437,21.2,396.9,11293998317.71643,19.6
0.59005,0.0,21.89,0,0.624,0.0004666068225698157,97.9,2.3274,4,437,21.2,385.76,10260387407.258055,23.0
0.32982,0.0,21.89,0,0.624,-0.12527971385902786,95.4,2.4699,4,437,21.2,388.69,13737357321.600107,18.4
0.97617,0.0,21.89,0,0.624,0.12733834478008155,98.4,2.346,4,437,21.2,262.76,15708168001.993116,15.6
0.55778,0.0,21.89,0,0.624,0.07473742244481232,98.2,2.1107,4,437,21.2,394.67,15713078647.621283,18.1
0.32264,0.0,21.89,0,0.624,-0.29187914992501374,93.5,1.9669,4,437,21.2,378.25,15477752359.987467,17.4
0.35233,0.0,21.89,0,0.624,0.0371145473736605,98.4,1.8498,4,437,21.2,394.08,13371228818.360363,17.1
0.2498,0.0,21.89,0,0.624,0.09655027444884587,98.2,1.6686,4,437,21.2,392.04,19571105395.897655,13.3
0.54452,0.0,21.89,0,0.624,0.14738275801012954,97.9,1.6687,4,437,21.2,396.9,16763378768.0643,17.8
0.2909,0.0,21.89,0,0.624,0.05592160688761184,93.6,1.6119,4,437,21.2,388.08,22097308130.190536,14.0
1.62864,0.0,21.89,0,0.624,-0.09946609329269815,100.0,1.4394,4,437,21.2,396.9,31339309009.70506,14.4
3.32105,0.0,19.58,1,0.871,0.049977079120016,100.0,1.3216,5,403,14.7,396.9,24413140814.12331,13.4
4.0974,0.0,19.58,0,0.871,0.057710729305015446,100.0,1.4118,5,403,14.7,396.9,24102879314.601788,15.6
2.77974,0.0,19.58,0,0.871,-0.12836193861306572,97.8,1.3459,5,403,14.7,396.9,26284120432.05066,11.8
2.37934,0.0,19.58,0,0.871,0.04394210794235927,100.0,1.4191,5,403,14.7,172.91,25161037920.89568,13.8
2.15505,0.0,19.58,0,0.871,-0.1084883994275185,100.0,1.5166,5,403,14.7,169.27,15086179370.487633,15.6
2.36862,0.0,19.58,0,0.871,-0.1491650976286557,95.7,1.4608,5,403,14.7,391.71,26780886716.218395,14.6
2.33099,0.0,19.58,0,0.871,-0.06462430656998085,93.8,1.5296,5,403,14.7,356.99,25805454966.116947,17.8
2.73397,0.0,19.58,0,0.871,0.04867302883816815,94.9,1.5257,5,403,14.7,351.85,19554574588.558918,15.4
1.6566,0.0,19.58,0,0.871,0.31758345116209474,97.3,1.618,5,403,14.7,372.8,12875724530.925741,21.5
1.49632,0.0,19.58,0,0.871,-0.2661942280059308,100.0,1.5916,5,403,14.7,341.6,12110774409.15335,19.6
1.12658,0.0,19.58,1,0.871,0.09135847795881936,88.0,1.6102,5,403,14.7,343.28,11294514708.481167,15.3
2.14918,0.0,19.58,0,0.871,0.06716115666704149,98.5,1.6232,5,403,14.7,261.95,14497537815.675713,19.4
1.41385,0.0,19.58,1,0.871,-0.028600877156102766,96.0,1.7494,5,403,14.7,321.02,13944130830.995235,17.0
3.53501,0.0,19.58,1,0.871,0.07497232230190119,82.6,1.7455,5,403,14.7,88.01,13657588565.800602,15.6
2.44668,0.0,19.58,0,0.871,-0.09363459257342137,94.0,1.7364,5,403,14.7,88.63,14780243858.297785,13.1
1.22358,0.0,19.58,0,0.605,-0.15504280491309272,97.4,1.8773,5,403,14.7,363.43,3859552836.4902854,41.3
1.34284,0.0,19.58,0,0.605,0.33040869034648934,100.0,1.7573,5,403,14.7,353.89,5781497239.283222,24.3
1.42502,0.0,19.58,0,0.871,0.19091092737187895,100.0,1.7659,5,403,14.7,364.31,6928314583.40661,23.3
1.27346,0.0,19.58,1,0.605,0.23455278985618022,92.6,1.7984,5,403,14.7,338.92,4858880602.993922,27.0
1.46336,0.0,19.58,0,0.605,-0.17949885940048826,90.8,1.9709,5,403,14.7,374.43,1865606052.041778,50.0
1.83377,0.0,19.58,1,0.605,-0.24448219969103752,98.2,2.0407,5,403,14.7,389.61,1745939562.954389,50.0
1.51902,0.0,19.58,1,0.605,-0.034873102212438195,93.9,2.162,5,403,14.7,388.45,2947805794.344309,50.0
2.24236,0.0,19.58,0,0.605,-0.030632204444385518,91.8,2.422,5,403,14.7,395.11,10395682049.392403,22.7
2.924,0.0,19.58,0,0.605,-0.045548890109063954,93.0,2.2834,5,403,14.7,240.16,9274951123.050749,25.0
2.01019,0.0,19.58,0,0.605,-0.056092732046316165,96.2,2.0459,5,403,14.7,369.3,3200209555.3190603,50.0
1.80028,0.0,19.58,0,0.605,0.10262220213250256,79.2,2.4259,5,403,14.7,227.61,10922617923.681396,23.8
2.3004,0.0,19.58,0,0.605,-0.1729174475680109,96.1,2.1,5,403,14.7,297.09,9977620929.691475,23.8
2.44953,0.0,19.58,0,0.605,-0.11801672296903884,95.2,2.2625,5,403,14.7,330.04,10410978114.35871,22.3
1.20742,0.0,19.58,0,0.605,0.24607151366847219,94.6,2.4259,5,403,14.7,292.29,13163941473.18472,17.4
2.3139,0.0,19.58,0,0.605,0.09381266104786948,97.3,2.3887,5,403,14.7,348.13,10855088565.869871,19.1
0.13914,0.0,4.05,0,0.51,0.1700671245976853,88.5,2.5961,5,296,16.6,396.9,13371962371.291517,23.1
0.09178,0.0,4.05,0,0.51,0.0651526599292692,84.1,2.6463,5,296,16.6,395.5,8355832640.580705,23.6
0.08447,0.0,4.05,0,0.51,0.06202653042467921,68.7,2.7019,5,296,16.6,393.23,8802529379.062384,22.6
0.06664,0.0,4.05,0,0.51,-0.03281913418783086,33.1,3.1323,5,296,16.6,390.96,4927279712.91183,29.4
0.07022,0.0,4.05,0,0.51,0.30829546663825225,47.2,3.5549,5,296,16.6,393.23,9232939221.764818,23.2
0.05425,0.0,4.05,0,0.51,0.08490103435041967,73.4,3.3175,5,296,16.6,395.6,5860615726.657263,24.6
0.06642,0.0,4.05,0,0.51,-0.017826102046610386,74.4,2.9153,5,296,16.6,391.27,6402587164.922599,29.9
0.0578,0.0,2.46,0,0.488,-0.013828501314879671,58.4,2.829,3,193,17.8,396.9,4697326336.843535,37.2
0.06588,0.0,2.46,0,0.488,0.0059186716312120205,83.3,2.741,3,193,17.8,395.56,6918223924.336944,39.8
0.06888,0.0,2.46,0,0.488,0.11678931185023438,62.2,2.5979,3,193,17.8,396.9,8610380586.419538,36.2
0.09103,0.0,2.46,0,0.488,-0.10683984055272593,92.2,2.7006,3,193,17.8,394.12,4539915318.403408,37.9
0.10008,0.0,2.46,0,0.488,-0.2322046195836262,95.6,2.847,3,193,17.8,396.9,5143412039.629336,32.5
0.08308,0.0,2.46,0,0.488,0.17020259176861804,89.8,2.9879,3,193,17.8,391.0,12575691477.826166,26.4
0.06047,0.0,2.46,0,0.488,0.12665132984413807,68.8,3.2797,3,193,17.8,387.11,12074420638.160257,29.6
0.05602,0.0,2.46,0,0.488,-0.27189927862640456,53.6,3.1992,3,193,17.8,392.63,4174380032.318297,50.0
0.07875,45.0,3.44,0,0.437,0.010630603391472402,41.1,3.7886,5,398,15.2,393.87,6282551182.576351,32.0
0.12579,45.0,3.44,0,0.437,0.13042208392180696,29.1,4.5667,5,398,15.2,382.84,4216360925.546049,29.8
0.0837,45.0,3.44,0,0.437,-0.23613823401862039,38.9,4.5667,5,398,15.2,396.9,4657866423.036054,34.9
0.09068,45.0,3.44,0,0.437,-0.19924827123275463,21.5,6.4798,5,398,15.2,377.68,4680309153.936705,37.0
0.06911,45.0,3.44,0,0.437,-0.04589160185983665,30.8,6.4798,5,398,15.2,389.71,4274660104.1046505,30.5
0.08664,45.0,3.44,0,0.437,-0.02467387544428972,26.3,6.4798,5,398,15.2,390.49,2677113751.044285,36.4
0.02187,60.0,2.93,0,0.401,0.07314466684545848,9.9,6.2196,1,265,15.6,393.37,4506858273.404381,31.1
0.01439,60.0,2.93,0,0.401,-0.25960479915679047,18.8,6.2196,1,265,15.6,376.7,3999954353.194945,29.1
0.01381,80.0,0.46,0,0.422,0.10711226803757537,32.0,5.6484,4,255,14.4,394.23,2542302336.468067,50.0
0.04011,80.0,1.52,0,0.404,-0.21168013867773733,34.1,7.309,2,329,12.6,396.9,3785324737.9060884,33.3
0.04666,80.0,1.52,0,0.404,0.026581657727111546,36.6,7.309,2,329,12.6,354.31,7981045040.82991,30.3
0.03768,80.0,1.52,0,0.404,0.17129645428618964,38.3,7.309,2,329,12.6,392.2,5958976367.931644,34.6
0.0315,95.0,1.47,0,0.403,-0.29951239681883307,15.3,7.6534,3,402,17.0,396.9,4323691608.301846,34.9
0.01778,95.0,1.47,0,0.403,-0.12146967710911671,13.9,7.6534,3,402,17.0,384.3,4055392775.631319,32.9
0.03445,82.5,2.03,0,0.415,-0.006778764332915653,38.4,6.27,2,348,14.7,393.77,6714971381.89385,24.1
0.02177,82.5,2.03,0,0.415,-0.15825881663540176,15.7,6.27,2,348,14.7,395.38,2826900968.290611,42.3
0.0351,95.0,2.68,0,0.4161,0.07331018134415924,33.2,5.118,4,224,14.7,392.78,3341119012.989757,48.5
0.02009,95.0,2.68,0,0.4161,0.016941723656788754,31.9,5.118,4,224,14.7,390.55,2686248537.984228,50.0
0.13642,0.0,10.59,0,0.489,-0.038423590876902156,22.3,3.9454,4,277,18.6,396.9,9865086706.8019,22.6
0.22969,0.0,10.59,0,0.489,-0.1514367333219769,52.5,4.3549,4,277,18.6,394.87,9966824727.44567,24.4
0.25199,0.0,10.59,0,0.489,0.18858093586316665,72.7,4.3549,4,277,18.6,389.43,16547935992.502562,22.5
0.13587,0.0,10.59,1,0.489,0.17775214407324574,59.1,4.2392,4,277,18.6,381.32,13227475287.18407,24.4
0.43571,0.0,10.59,1,0.489,0.24713227403755586,100.0,3.875,4,277,18.6,396.9,21082688652.88947,20.0
0.17446,0.0,10.59,1,0.489,0.022431089965329012,92.1,3.8771,4,277,18.6,393.25,15686594795.30848,21.7
0.37578,0.0,10.59,1,0.489,-0.09020720141057417,88.6,3.665,4,277,18.6,395.24,21830377499.59073,19.3
0.21719,0.0,10.59,1,0.489,-0.07676944835823142,53.8,3.6526,4,277,18.6,390.94,14616769889.23042,22.4
0.14052,0.0,10.59,0,0.489,-0.14117082546888282,32.3,3.9454,4,277,18.6,385.81,8736587366.849861,28.1
0.28955,0.0,10.59,0,0.489,0.3337586620353171,9.8,3.5875,4,277,18.6,348.93,26830822119.990795,23.7
0.19802,0.0,10.59,0,0.489,-0.07302234253332521,42.4,3.9454,4,277,18.6,393.63,8422701149.054384,25.0
0.0456,0.0,13.89,1,0.55,-0.0049059837260425065,56.0,3.1121,5,276,16.4,392.8,12211435455.607035,23.3
0.07013,0.0,13.89,0,0.55,0.1948063620876957,85.1,3.4211,5,276,16.4,392.78,8636886453.361599,28.7
0.11069,0.0,13.89,1,0.55,-0.038340075236174456,93.8,2.8893,5,276,16.4,396.9,16374735637.548956,21.5
0.11425,0.0,13.89,1,0.55,-0.018011674069860956,92.4,3.3633,5,276,16.4,393.74,9306310494.561548,23.0
0.35809,0.0,6.2,1,0.507,0.1546206045222085,88.5,2.8617,8,307,17.4,391.7,8666193345.404314,26.7
0.40771,0.0,6.2,1,0.507,-0.03546928799281055,91.3,3.048,8,307,17.4,395.24,19568317352.35968,21.7
0.62356,0.0,6.2,1,0.507,-0.22557229144717064,77.7,3.2721,8,307,17.4,390.39,9288663164.220007,27.5
0.6147,0.0,6.2,0,0.507,-0.12369684237766215,80.8,3.2721,8,307,17.4,396.9,6856181994.832996,30.1
0.31533,0.0,6.2,0,0.504,0.07328878503541339,78.3,2.8944,8,307,17.4,385.05,3658587932.4820614,44.8
0.52693,0.0,6.2,0,0.504,-0.05355101831432763,83.0,2.8944,8,307,17.4,382.0,4087810105.096001,50.0
0.38214,0.0,6.2,0,0.504,0.043601835928862784,86.5,3.2157,8,307,17.4,387.38,3069631355.1230245,37.6
0.41238,0.0,6.2,0,0.504,-0.05251013929794114,79.9,3.2157,8,307,17.4,372.08,5579272107.277508,31.6
0.29819,0.0,6.2,0,0.504,-0.03792138050387926,17.0,3.3751,8,307,17.4,377.51,3691677339.149282,46.7
0.44178,0.0,6.2,0,0.504,-0.011475134130762524,21.4,3.3751,8,307,17.4,380.34,3243196059.913336,31.5
0.537,0.0,6.2,0,0.504,-0.0666358839250493,68.1,3.6715,8,307,17.4,378.35,10671487883.776453,24.3
0.46296,0.0,6.2,0,0.504,-0.162214856671391,76.9,3.6715,8,307,17.4,376.14,4712450757.772655,31.7
0.57529,0.0,6.2,0,0.507,-0.24600206414256195,73.3,3.8384,8,307,17.4,385.91,2415453664.306442,41.7
0.33147,0.0,6.2,0,0.507,0.034935004289906875,70.4,3.6519,8,307,17.4,378.95,3615726893.9348135,48.3
0.44791,0.0,6.2,1,0.507,-0.3016076746331261,66.5,3.6519,8,307,17.4,360.2,7466550982.495348,29.0
0.33045,0.0,6.2,0,0.507,0.018955012727505747,61.5,3.6519,8,307,17.4,376.75,9865031603.246876,24.0
0.52058,0.0,6.2,1,0.507,0.09864813980990329,76.5,4.148,8,307,17.4,388.45,8595149676.474895,25.1
0.51183,0.0,6.2,0,0.507,0.08867589929265339,71.6,4.148,8,307,17.4,390.07,4379745638.763725,31.5
0.08244,30.0,4.93,0,0.428,0.24767735254398082,18.5,6.1899,6,300,16.6,379.41,5708814894.253597,23.7
0.09252,30.0,4.93,0,0.428,-0.03601725914267223,42.2,6.1899,6,300,16.6,383.78,6657367349.054174,23.3
0.11329,30.0,4.93,0,0.428,-0.053709086580813345,54.3,6.3361,6,300,16.6,391.25,10386330253.386932,22.0
0.10612,30.0,4.93,0,0.428,0.12118925844002786,65.1,6.3361,6,300,16.6,394.62,11137674795.019602,20.1
0.1029,30.0,4.93,0,0.428,0.06791808646138645,52.9,7.0355,6,300,16.6,372.75,10192157143.68612,22.2
0.12757,30.0,4.93,0,0.428,0.19497974454594702,7.8,7.0355,6,300,16.6,374.71,4876993666.798173,23.7
0.20608,22.0,5.86,0,0.431,0.15183599319812577,76.5,7.9549,7,330,19.1,372.49,11141080109.27792,17.6
0.19133,22.0,5.86,0,0.431,0.10973509280986406,70.2,7.9549,7,330,19.1,389.13,16799004381.3198,18.5
0.33983,22.0,5.86,0,0.431,-0.1061905699120165,34.9,8.0555,7,330,19.1,390.18,8093567187.0721,24.3
0.19657,22.0,5.86,0,0.431,-0.02239919696477804,79.2,8.0555,7,330,19.1,376.14,9204857585.93248,20.5
0.16439,22.0,5.86,0,0.431,0.17374579126499923,49.1,7.8265,7,330,19.1,374.71,8509411205.374853,24.5
0.19073,22.0,5.86,0,0.431,-0.1430661467503327,17.5,7.8265,7,330,19.1,393.74,6099300724.49158,26.2
0.1403,22.0,5.86,0,0.431,0.030429929805974462,13.0,7.3967,7,330,19.1,396.28,5455469277.561615,24.4
0.21409,22.0,5.86,0,0.431,0.2406644472843411,8.9,7.3967,7,330,19.1,377.07,3392732250.7819133,24.8
0.08221,22.0,5.86,0,0.431,0.0880421348741285,6.8,8.9067,7,330,19.1,386.09,3169327712.203497,29.6
0.36894,22.0,5.86,0,0.431,0.20302666676555614,8.4,8.9067,7,330,19.1,396.9,3287368421.777417,42.8
0.04819,80.0,3.64,0,0.392,0.10849694474516627,32.0,9.2203,1,315,16.4,392.89,5953779235.319388,21.9
0.03548,80.0,3.64,0,0.392,-0.15474814769170933,19.1,9.2203,1,315,16.4,395.18,8154608815.198978,20.9
0.01538,90.0,3.75,0,0.394,0.04167880939362042,34.2,6.3361,3,244,15.9,386.34,2728348250.70164,44.0
0.61154,20.0,3.97,0,0.647,-0.17871166959741636,86.9,1.801,5,264,13.0,389.7,4583700331.235873,50.0
0.66351,20.0,3.97,0,0.647,0.051178440852970686,100.0,1.8946,5,264,13.0,383.29,7025935895.454944,36.0
0.65665,20.0,3.97,0,0.647,-0.012956585207046907,100.0,2.0107,5,264,13.0,391.93,6235367063.444768,30.1
0.54011,20.0,3.97,0,0.647,-0.0008862407815515283,81.8,2.1121,5,264,13.0,392.8,8711812466.345356,33.8
0.53412,20.0,3.97,0,0.647,0.0905998558315537,89.4,2.1398,5,264,13.0,388.37,6588253144.509907,43.1
0.52014,20.0,3.97,0,0.647,0.021910685504471755,91.5,2.2885,5,264,13.0,386.86,5494130494.790179,48.8
0.82526,20.0,3.97,0,0.647,-0.02530989310162135,94.5,2.0788,5,264,13.0,393.42,10219673039.886003,31.0
0.55007,20.0,3.97,0,0.647,-0.07631148838426996,91.6,1.9301,5,264,13.0,387.89,7357603631.770632,36.5
0.76162,20.0,3.97,0,0.647,0.18031224673750051,62.8,1.9865,5,264,13.0,392.4,9438891828.460302,22.8
0.7857,20.0,3.97,0,0.647,0.038349422517012885,84.6,2.1329,5,264,13.0,384.07,13368550196.56627,30.7
0.57834,20.0,3.97,0,0.575,0.12381019642176641,67.0,2.4216,5,264,13.0,384.54,6823752782.472443,50.0
0.5405,20.0,3.97,0,0.575,0.22497068412700133,52.6,2.872,5,264,13.0,390.3,2828769758.8676367,43.5
0.09065,20.0,6.96,1,0.464,-0.10162236165221676,61.5,3.9175,3,223,18.6,391.34,12352918432.53553,20.7
0.29916,20.0,6.96,0,0.464,-0.02045599682519046,42.1,4.429,3,223,18.6,388.65,11671695030.966362,21.1
0.16211,20.0,6.96,0,0.464,0.16614195128797973,16.3,4.429,3,223,18.6,396.9,6111154477.239343,25.2
0.1146,20.0,6.96,0,0.464,-0.043188696401701934,58.7,3.9175,3,223,18.6,394.96,7112119943.052451,24.4
0.22188,20.0,6.96,1,0.464,0.11853613234327068,51.8,4.3665,3,223,18.6,390.77,5907952353.958173,35.2
0.05644,40.0,6.41,1,0.447,-0.009852885779347011,32.9,4.0776,4,254,17.6,396.9,3091910217.1628933,32.4
0.09604,40.0,6.41,0,0.447,-0.18190260109967088,42.8,4.2673,4,254,17.6,396.9,2868218309.0862837,32.0
0.10469,40.0,6.41,1,0.447,-0.004757141728241737,49.0,4.7872,4,254,17.6,389.25,5665476323.474577,33.2
0.06127,40.0,6.41,1,0.447,0.07912948255953015,27.6,4.8628,4,254,17.6,393.45,3807437823.473714,33.1
0.07978,40.0,6.41,0,0.447,-0.0435079688762176,32.1,4.1403,4,254,17.6,396.9,6462050004.810306,29.1
0.21038,20.0,3.33,0,0.4429,0.014866626116324532,32.2,4.1007,5,216,14.9,396.9,4233444334.845441,35.1
0.03578,20.0,3.33,0,0.4429,0.05260365763141881,64.5,4.6947,5,216,14.9,387.31,3644801349.609416,45.4
0.03705,20.0,3.33,0,0.4429,-0.22291619062718665,37.2,5.2447,5,216,14.9,392.23,3898182564.087446,35.4
0.06129,20.0,3.33,1,0.4429,0.3160245973838074,49.7,5.2119,5,216,14.9,377.07,2919195789.9457383,46.0
0.01501,90.0,1.21,1,0.401,0.1407443994174019,24.8,5.885,1,198,13.6,395.52,2950652796.9704003,50.0
0.00906,90.0,2.97,0,0.4,0.02851319778685109,20.8,7.3073,1,285,15.3,394.72,7164559134.485863,32.2
0.01096,55.0,2.25,0,0.389,0.18945654700898415,31.9,7.3073,1,300,15.3,394.72,7414070829.883158,22.0
0.01965,80.0,1.76,0,0.385,-0.1252751572183072,31.5,9.0892,1,241,18.2,341.6,11793623944.927456,20.1
0.03871,52.5,5.32,0,0.405,0.07136746180453056,31.3,7.3172,6,293,16.6,396.9,6479737910.085381,23.2
0.0459,52.5,5.32,0,0.405,0.02113557441192704,45.6,7.3172,6,293,16.6,396.9,7112187799.075759,22.3
0.04297,52.5,5.32,0,0.405,-0.24556725806300533,22.9,7.3172,6,293,16.6,371.72,8478708149.417367,24.8
0.03502,80.0,4.95,0,0.411,0.010483914672462333,27.9,5.1167,4,245,19.2,396.9,2940511442.6493835,28.5
0.07886,80.0,4.95,0,0.411,-0.026069221412863698,27.7,5.1167,4,245,19.2,396.9,3283940837.424194,37.3
0.03615,80.0,4.95,0,0.411,0.1713848060125259,23.4,5.1167,4,245,19.2,396.9,4497304672.334925,27.9
0.08265,0.0,13.92,0,0.437,0.026092862792870417,18.4,5.5027,4,289,16.0,396.9,7665595652.94256,23.9
0.08199,0.0,13.92,0,0.437,-0.10976888732930509,42.3,5.5027,4,289,16.0,396.9,9272160794.090607,21.7
0.12932,0.0,13.92,0,0.437,-0.1434484205617375,31.1,5.9604,4,289,16.0,396.9,5778597053.905177,28.6
0.05372,0.0,13.92,0,0.437,-0.21963315779869685,51.0,5.9604,4,289,16.0,392.85,6696857530.679274,27.1
0.14103,0.0,13.92,0,0.437,0.1312792079771148,58.0,6.32,4,289,16.0,396.9,14494906794.405945,20.3
0.06466,70.0,2.24,0,0.4,0.11097567132619286,20.1,7.8278,5,358,14.8,368.24,4647518978.299442,22.5
0.05561,70.0,2.24,0,0.4,-0.06563725520987343,10.0,7.8278,5,358,14.8,371.58,4139571294.728011,29.0
0.04417,70.0,2.24,0,0.4,-0.05650813740634825,47.4,7.8278,5,358,14.8,390.86,5453733780.753384,24.8
0.03537,34.0,6.09,0,0.433,-0.11905703133367312,40.4,5.4917,7,329,16.1,395.75,8398111907.104425,22.0
0.09266,34.0,6.09,0,0.433,-0.07556882864924043,18.4,5.4917,7,329,16.1,383.61,7846591503.823081,26.4
0.1,34.0,6.09,0,0.433,0.09984099500525914,17.7,5.4917,7,329,16.1,390.43,4383136292.692814,33.1
0.05515,33.0,2.18,0,0.472,0.008198374796151181,41.1,4.022,7,222,18.4,393.68,6299139379.365805,36.1
0.05479,33.0,2.18,0,0.472,0.10209857186716287,58.1,3.37,7,222,18.4,393.36,8316274268.160088,28.4
0.07503,33.0,2.18,0,0.472,0.28734833688710015,71.9,3.0992,7,222,18.4,396.9,5934372018.784904,33.4
0.04932,33.0,2.18,0,0.472,-0.1891732118729397,70.3,3.1827,7,222,18.4,396.9,7041403070.834967,28.2
0.49298,0.0,9.9,0,0.544,0.2569156663766625,82.5,3.3175,4,304,18.4,396.9,3938372490.551249,22.8
0.3494,0.0,9.9,0,0.544,-0.04993852909772602,76.7,3.1025,4,304,18.4,396.24,9235083627.061113,20.3
2.63548,0.0,9.9,0,0.544,-0.16851609721445632,37.8,2.5194,4,304,18.4,350.45,11404075867.136099,16.1
0.79041,0.0,9.9,0,0.544,0.2114731178109338,52.8,2.6403,4,304,18.4,396.9,5331852485.251587,22.1
0.26169,0.0,9.9,0,0.544,0.06577792678691549,90.4,2.834,4,304,18.4,396.3,10634732991.10249,19.4
0.26938,0.0,9.9,0,0.544,-0.08303029479676304,82.8,3.2628,4,304,18.4,393.39,7411664544.511875,21.6
0.3692,0.0,9.9,0,0.544,-0.20490286651117984,87.3,3.6023,4,304,18.4,395.69,8571388571.001011,23.8
0.25356,0.0,9.9,0,0.544,0.028959399317030288,77.7,3.945,4,304,18.4,396.42,10628041818.820185,16.2
0.31827,0.0,9.9,0,0.544,-0.026717780935009344,83.2,3.9986,4,304,18.4,390.7,16613671806.553587,17.8
0.24522,0.0,9.9,0,0.544,0.25397222056570873,71.7,4.0317,4,304,18.4,396.9,14496717783.892153,19.8
0.40202,0.0,9.9,0,0.544,-0.12704686974499185,67.2,3.5325,4,304,18.4,395.21,9222025153.603258,23.1
0.47547,0.0,9.9,0,0.544,0.0027394571809012946,58.8,4.0019,4,304,18.4,396.23,11634329966.80526,21.0
0.1676,0.0,7.38,0,0.493,0.007517190037811247,52.3,4.5404,5,287,19.6,396.9,6542787152.512397,23.8
0.18159,0.0,7.38,0,0.493,0.022939107174389642,54.3,4.5404,5,287,19.6,396.9,6157743515.989895,23.1
0.35114,0.0,7.38,0,0.493,0.14524950446757925,49.9,4.7211,5,287,19.6,396.9,7113429903.027167,20.4
0.28392,0.0,7.38,0,0.493,-0.06253326319027247,74.3,4.7211,5,287,19.6,391.13,10595571210.420315,18.5
0.34109,0.0,7.38,0,0.493,0.056927271037250676,40.1,4.7211,5,287,19.6,396.9,5517321690.213852,25.0
0.19186,0.0,7.38,0,0.493,0.06887252919694205,14.7,5.4159,5,287,19.6,393.68,4849597078.604652,24.6
0.30347,0.0,7.38,0,0.493,0.14498095369028596,28.9,5.4159,5,287,19.6,396.9,5657684030.743456,23.0
0.24103,0.0,7.38,0,0.493,0.14925520443070073,43.7,5.4159,5,287,19.6,396.9,11729405666.321629,22.2
0.06617,0.0,3.24,0,0.46,0.06901210580154413,25.8,5.2146,4,430,16.9,382.44,9301296522.839447,19.3
0.06724,0.0,3.24,0,0.46,0.12207343721978291,17.2,5.2146,4,430,16.9,375.21,6605074438.961757,22.6
0.04544,0.0,3.24,0,0.46,-0.16422425424867806,32.2,5.8736,4,430,16.9,368.57,8463092691.867278,19.8
0.05023,35.0,6.06,0,0.4379,-0.09514097392076336,28.4,6.6407,1,304,16.9,394.02,11243553776.12572,17.1
0.03466,35.0,6.06,0,0.4379,0.10262134940621395,23.3,6.6407,1,304,16.9,362.25,7059470604.073021,19.4
0.05083,0.0,5.19,0,0.515,0.21291321317421422,38.1,6.4584,5,224,20.2,389.71,5420453889.211732,22.2
0.03738,0.0,5.19,0,0.515,0.15055870529238052,38.5,6.4584,5,224,20.2,389.4,6041232540.135538,20.7
0.03961,0.0,5.19,0,0.515,-0.08876238807592636,34.5,5.9853,5,224,20.2,396.9,7416231405.016174,21.1
0.03427,0.0,5.19,0,0.515,0.12565784552266465,46.3,5.2311,5,224,20.2,396.9,8930721447.17209,19.5
0.03041,0.0,5.19,0,0.515,0.05830838404599886,59.6,5.615,5,224,20.2,394.81,9359834361.302708,18.5
0.03306,0.0,5.19,0,0.515,0.028130185666971667,37.3,4.8122,5,224,20.2,396.14,7752928373.894416,20.6
0.05497,0.0,5.19,0,0.515,-0.16730710637463392,45.4,4.8122,5,224,20.2,396.9,8889281937.114408,19.0
0.06151,0.0,5.19,0,0.515,0.01920573634779769,58.5,4.8122,5,224,20.2,396.9,8302016218.067879,18.7
0.01301,35.0,1.52,0,0.442,-0.016010921356030702,49.3,7.0379,1,284,15.5,394.74,5203688612.22,32.7
0.02498,0.0,1.89,0,0.518,-0.07378743781591864,59.7,6.2669,1,422,15.9,389.96,7602781530.754873,16.5
0.02543,55.0,3.78,0,0.484,-0.09488117749742943,56.4,5.7321,5,370,17.6,396.9,6577124817.626915,23.9
0.03049,55.0,3.78,0,0.484,0.14753277365233156,28.1,6.4654,5,370,17.6,387.97,4360026124.162065,31.2
0.03113,0.0,4.39,0,0.442,0.22376392740324305,48.5,8.0136,3,352,18.8,385.64,9570388793.277447,17.5
0.06162,0.0,4.39,0,0.442,0.003464092888021353,52.3,8.0136,3,352,18.8,364.61,11494560152.545004,17.2
0.0187,85.0,4.15,0,0.429,-0.10065881177408359,27.7,8.5353,4,351,17.9,392.43,5663137651.656733,23.1
0.01501,80.0,2.01,0,0.435,-0.14713617498914267,29.7,8.344,4,280,17.0,390.94,5456963105.132389,24.5
0.02899,40.0,1.25,0,0.429,0.24201280512388104,34.5,8.7921,1,335,19.7,389.85,5613678049.7540455,26.6
0.06211,40.0,1.25,0,0.429,0.33880638216557124,44.4,8.7921,1,335,19.7,396.9,5161252311.962449,22.9
0.0795,60.0,1.69,0,0.411,-0.15433584033637204,35.9,10.7103,4,411,18.3,370.78,4995016509.927923,24.1
0.07244,60.0,1.69,0,0.411,0.0531089241545942,18.5,10.7103,4,411,18.3,392.33,7062862464.307962,18.6
0.01709,90.0,2.02,0,0.41,0.026742707705117025,36.1,12.1265,5,187,17.0,384.46,4175668147.3880067,30.1
0.04301,80.0,1.91,0,0.413,0.01728915431476548,21.9,10.5857,4,334,22.0,382.8,7333653426.741416,18.2
0.10659,80.0,1.91,0,0.413,-0.08116406378557674,19.5,10.5857,4,334,22.0,376.04,4934198512.999679,20.6
8.98296,0.0,18.1,1,0.77,0.014044888041455764,97.4,2.1222,24,666,20.2,377.73,16136032292.232609,17.8
3.8497,0.0,18.1,1,0.77,0.14547854575712615,91.0,2.5052,24,666,20.2,391.34,12362097946.088293,21.7
5.20177,0.0,18.1,1,0.77,-0.16334824553269864,83.4,2.7227,24,666,20.2,395.43,10368517474.981977,22.7
4.26131,0.0,18.1,0,0.77,-0.08743350077666201,81.3,2.5091,24,666,20.2,390.74,11540898083.357866,22.6
4.54192,0.0,18.1,0,0.77,0.20624319576995695,88.0,2.5182,24,666,20.2,374.56,6843001532.570244,25.0
3.83684,0.0,18.1,0,0.77,0.12187227889467783,91.1,2.2955,24,666,20.2,350.65,13001690056.041805,19.9
3.67822,0.0,18.1,0,0.77,-0.14344607382354477,96.2,2.1036,24,666,20.2,380.79,9276157752.323727,20.8
4.22239,0.0,18.1,1,0.77,0.20447170190586594,89.0,1.9047,24,666,20.2,353.04,13109294256.508932,16.8
3.47428,0.0,18.1,1,0.718,0.16912717473335792,82.9,1.9047,24,666,20.2,354.55,4858961932.289728,21.9
4.55587,0.0,18.1,0,0.718,0.1409081791276361,87.9,1.6132,24,666,20.2,354.7,6383000537.635148,27.5
3.69695,0.0,18.1,0,0.718,-0.03959466052054064,91.4,1.7523,24,666,20.2,316.03,12871520673.40748,21.9
13.5222,0.0,18.1,0,0.631,-0.24345337754881438,100.0,1.5106,24,666,20.2,131.42,12280880298.084764,23.1
4.89822,0.0,18.1,0,0.631,0.07034631519134266,100.0,1.3325,24,666,20.2,375.52,2888941730.8385606,50.0
5.66998,0.0,18.1,1,0.631,0.22828306841999677,96.8,1.3567,24,666,20.2,375.33,3417128482.934577,50.0
6.53876,0.0,18.1,1,0.631,0.04184030381190147,97.5,1.2024,24,666,20.2,392.05,2745582921.2777534,50.0
9.2323,0.0,18.1,0,0.631,0.038500112122127485,100.0,1.1691,24,666,20.2,366.15,8352597345.788419,50.0
8.26725,0.0,18.1,1,0.668,0.05061665763902915,89.6,1.1296,24,666,20.2,347.88,8044067620.896388,50.0
11.1081,0.0,18.1,0,0.668,0.2272644299577456,100.0,1.1742,24,666,20.2,396.9,31705540578.389282,13.8
18.4982,0.0,18.1,0,0.668,0.16918804684298577,100.0,1.137,24,666,20.2,396.9,34696583565.38617,13.8
19.6091,0.0,18.1,0,0.671,-0.07165473712690579,97.9,1.3163,24,666,20.2,396.9,12139027166.367756,15.0
15.288,0.0,18.1,0,0.671,0.08278652193077028,93.3,1.3449,24,666,20.2,363.02,20952124633.07703,13.9
9.82349,0.0,18.1,0,0.671,0.040089488483158145,98.8,1.358,24,666,20.2,396.9,19085501669.213955,13.3
23.6482,0.0,18.1,0,0.671,-0.07723748288283919,96.2,1.3861,24,666,20.2,396.9,21526433603.60269,13.1
17.8667,0.0,18.1,0,0.671,0.05217564127509401,100.0,1.3861,24,666,20.2,393.74,19542780754.4445,10.2
88.9762,0.0,18.1,0,0.671,0.08409965799557967,91.9,1.4165,24,666,20.2,396.9,15750156510.515451,10.4
15.8744,0.0,18.1,0,0.671,-0.11392615991431981,99.1,1.5192,24,666,20.2,396.9,19218088642.314987,10.9
9.18702,0.0,18.1,0,0.7,0.018926193294385198,100.0,1.5804,24,666,20.2,396.9,21716451535.894684,11.3
7.99248,0.0,18.1,0,0.7,-0.019459949417535233,100.0,1.5331,24,666,20.2,396.9,22362280579.873516,12.3
20.0849,0.0,18.1,0,0.7,-0.14423610621357605,91.2,1.4395,24,666,20.2,285.83,27748854948.50455,8.8
16.8118,0.0,18.1,0,0.7,-0.0838160402014494,98.1,1.4261,24,666,20.2,396.9,28052630488.019787,7.2
24.3938,0.0,18.1,0,0.7,-0.30744083293242985,100.0,1.4672,24,666,20.2,396.9,25628164378.794243,10.5
22.5971,0.0,18.1,0,0.7,0.19842516988681866,89.5,1.5184,24,666,20.2,396.9,29026572746.082912,7.4
14.3337,0.0,18.1,0,0.7,-0.04247107672176588,100.0,1.5895,24,666,20.2,372.92,27757010560.65518,10.2
8.15174,0.0,18.1,0,0.7,-0.10825132094025039,98.9,1.7281,24,666,20.2,396.9,19077937301.88608,11.5
6.96215,0.0,18.1,0,0.7,0.009327731402525186,97.0,1.9265,24,666,20.2,394.43,15391291622.3701,15.1
5.29305,0.0,18.1,0,0.7,-0.043789403846415,82.5,2.1678,24,666,20.2,378.38,17197195820.802082,23.2
11.5779,0.0,18.1,0,0.7,-0.017658600278245992,97.0,1.77,24,666,20.2,396.9,23318076405.41896,9.7
8.64476,0.0,18.1,0,0.693,-0.1973541945680096,92.6,1.7912,24,666,20.2,396.9,13738995189.752533,13.8
13.3598,0.0,18.1,0,0.693,-0.04603102102996079,94.7,1.7821,24,666,20.2,396.9,14949528827.346666,12.7
8.71675,0.0,18.1,0,0.693,-0.13699542873363837,98.8,1.7257,24,666,20.2,391.98,15520575881.915964,13.1
5.87205,0.0,18.1,0,0.693,0.11820656774926558,96.0,1.6768,24,666,20.2,396.9,17545734576.541878,12.5
7.67202,0.0,18.1,0,0.693,0.16342303137319808,98.9,1.6334,24,666,20.2,393.1,18047941198.739773,8.5
38.3518,0.0,18.1,0,0.693,-0.008134748359560417,100.0,1.4896,24,666,20.2,396.9,27755506971.45678,5.0
9.91655,0.0,18.1,0,0.693,-0.0006951039148687093,77.8,1.5004,24,666,20.2,338.16,27310416074.91035,6.3
25.0461,0.0,18.1,0,0.693,-0.06894431486066668,100.0,1.5888,24,666,20.2,396.9,24364397124.048058,5.6
14.2362,0.0,18.1,0,0.693,-0.11214818266910179,100.0,1.5741,24,666,20.2,396.9,18607421086.886383,7.2
9.59571,0.0,18.1,0,0.693,0.07694820291224641,100.0,1.639,24,666,20.2,376.11,18522635542.129414,12.1
24.8017,0.0,18.1,0,0.693,-0.2558844080222743,96.0,1.7028,24,666,20.2,396.9,17916262882.780632,8.3
41.5292,0.0,18.1,0,0.693,0.21228475038745415,85.4,1.6074,24,666,20.2,329.46,24955490687.816128,8.5
67.9208,0.0,18.1,0,0.693,0.011123010336439407,100.0,1.4254,24,666,20.2,384.97,20868116629.558605,5.0
20.7162,0.0,18.1,0,0.659,0.03182524186778145,100.0,1.1781,24,666,20.2,370.22,21478434955.808514,11.9
11.9511,0.0,18.1,0,0.659,0.060885719759260465,100.0,1.2852,24,666,20.2,332.09,11019981518.190084,27.9
7.40389,0.0,18.1,0,0.597,-0.0757365872425618,97.9,1.4547,24,666,20.2,314.64,24022290331.14546,17.2
14.4383,0.0,18.1,0,0.597,0.07678022146945825,100.0,1.4655,24,666,20.2,179.36,18144067611.863853,27.5
51.1358,0.0,18.1,0,0.597,0.12169561664787282,100.0,1.413,24,666,20.2,2.6,9190270449.52203,15.0
14.0507,0.0,18.1,0,0.597,-0.12008627121152625,100.0,1.5275,24,666,20.2,35.05,19274914939.10246,17.2
18.811,0.0,18.1,0,0.597,-0.15749064219025924,100.0,1.5539,24,666,20.2,28.79,31243196316.788853,17.9
28.6558,0.0,18.1,0,0.597,0.11236737767407348,100.0,1.5894,24,666,20.2,210.97,18299297807.302288,16.3
45.7461,0.0,18.1,0,0.693,0.07490489042540453,100.0,1.6582,24,666,20.2,88.27,33748005581.575546,7.0
18.0846,0.0,18.1,0,0.679,0.20639984331620936,100.0,1.8347,24,666,20.2,27.25,26535706872.361202,7.2
10.8342,0.0,18.1,0,0.679,0.013029820695775875,90.8,1.8195,24,666,20.2,21.57,23463328360.006462,7.5
25.9406,0.0,18.1,0,0.679,-0.29981874091374505,89.1,1.6475,24,666,20.2,127.36,24241723966.336887,10.4
73.5341,0.0,18.1,0,0.679,0.16360136060006147,100.0,1.8026,24,666,20.2,16.45,18620662117.22456,8.8
11.8123,0.0,18.1,0,0.718,-0.07311907602564421,76.5,1.794,24,666,20.2,48.45,20666758415.672073,8.4
11.0874,0.0,18.1,0,0.718,0.1314391929919591,100.0,1.8589,24,666,20.2,318.75,13669159461.735163,16.7
7.02259,0.0,18.1,0,0.718,-0.09479559587352974,95.3,1.8746,24,666,20.2,319.98,14362319841.537672,14.2
12.0482,0.0,18.1,0,0.614,-0.011719191732153925,87.6,1.9512,24,666,20.2,291.55,12914681947.38639,20.8
7.05042,0.0,18.1,0,0.614,0.030321730148205814,85.1,2.0218,24,666,20.2,2.52,21180986390.08115,13.4
8.79212,0.0,18.1,0,0.584,-0.015399756804313276,70.6,2.0635,24,666,20.2,3.65,15836411701.970999,11.7
15.8603,0.0,18.1,0,0.679,0.15926942362176671,95.4,1.9096,24,666,20.2,7.68,22298906585.167374,8.3
12.2472,0.0,18.1,0,0.584,0.11184782790179876,59.7,1.9976,24,666,20.2,24.65,14180245657.115725,10.2
37.6619,0.0,18.1,0,0.679,-0.11797114366460147,78.7,1.8629,24,666,20.2,18.82,13074370019.910734,10.9
7.36711,0.0,18.1,0,0.679,-0.026099311673449213,78.1,1.9356,24,666,20.2,96.73,19440471004.278053,11.0
9.33889,0.0,18.1,0,0.679,0.055695920593003795,95.6,1.9682,24,666,20.2,60.72,21853769100.719337,9.5
8.49213,0.0,18.1,0,0.584,-0.1400398418191512,86.1,2.0527,24,666,20.2,83.45,16147785118.18205,14.5
10.0623,0.0,18.1,0,0.584,-0.15422138661387003,94.3,2.0882,24,666,20.2,81.33,17842343585.108982,14.1
6.44405,0.0,18.1,0,0.584,-0.010547842117704057,74.8,2.2004,24,666,20.2,97.95,10984270940.527912,16.1
5.58107,0.0,18.1,0,0.713,-0.0640871964850157,87.9,2.3158,24,666,20.2,100.19,14474386110.567373,14.3
13.9134,0.0,18.1,0,0.713,0.5076200184292567,95.0,2.2222,24,666,20.2,100.63,13652097610.2941,11.7
11.1604,0.0,18.1,0,0.74,-0.03771129559291646,94.6,2.1247,24,666,20.2,109.85,21247701867.756527,13.4
14.4208,0.0,18.1,0,0.74,0.1996550720289424,93.3,2.0026,24,666,20.2,27.49,16563087024.119713,9.6
15.1772,0.0,18.1,0,0.74,0.15372000520881318,100.0,1.9142,24,666,20.2,9.32,23941164130.489452,8.7
13.6781,0.0,18.1,0,0.74,0.14660041370643062,87.9,1.8206,24,666,20.2,68.95,30910632674.150043,8.4
9.39063,0.0,18.1,0,0.74,-0.04288504768843679,93.9,1.8172,24,666,20.2,396.9,20727809807.401676,12.8
22.0511,0.0,18.1,0,0.74,0.11387380398201086,92.4,1.8662,24,666,20.2,391.45,19908182928.768505,10.5
9.72418,0.0,18.1,0,0.74,-0.105143753074327,97.2,2.0651,24,666,20.2,385.96,17785899520.705772,17.1
5.66637,0.0,18.1,0,0.74,-0.14123657182931262,100.0,2.0048,24,666,20.2,395.69,15030873485.323519,18.4
9.96654,0.0,18.1,0,0.74,0.0519626837198079,100.0,1.9784,24,666,20.2,386.73,17342464071.95564,15.4
12.8023,0.0,18.1,0,0.74,0.1886866972443314,96.6,1.8956,24,666,20.2,240.52,21635511061.05704,10.8
10.6718,0.0,18.1,0,0.74,0.05555171825888739,94.8,1.9879,24,666,20.2,43.06,21820649176.42468,11.8
6.28807,0.0,18.1,0,0.74,0.011110533206842025,96.4,2.072,24,666,20.2,318.01,16018202850.999825,14.9
9.92485,0.0,18.1,0,0.74,-0.0951443355315883,96.6,2.198,24,666,20.2,388.52,15116875120.314793,12.6
9.32909,0.0,18.1,0,0.713,-0.12311625851517896,98.7,2.2616,24,666,20.2,396.9,16439213267.337997,14.1
7.52601,0.0,18.1,0,0.713,0.06483357502222742,98.3,2.185,24,666,20.2,304.21,17832033829.598217,13.0
6.71772,0.0,18.1,0,0.713,-0.07568700119265573,92.6,2.3236,24,666,20.2,0.32,15801767383.948513,13.4
5.44114,0.0,18.1,0,0.713,-0.0314325237836615,98.2,2.3552,24,666,20.2,355.29,16190376871.234629,15.2
5.09017,0.0,18.1,0,0.713,0.3939623034619677,91.8,2.3682,24,666,20.2,385.09,15812688979.757296,16.1
8.24809,0.0,18.1,0,0.713,0.11932168454612739,99.3,2.4527,24,666,20.2,375.87,15035311198.269426,17.8
9.51363,0.0,18.1,0,0.713,0.006284617285421318,94.1,2.4961,24,666,20.2,6.68,16972677905.694431,14.9
4.75237,0.0,18.1,0,0.713,-0.08425821249903992,86.5,2.4358,24,666,20.2,50.92,16364092757.102997,14.1
4.66883,0.0,18.1,0,0.713,0.012497924172403835,87.9,2.5806,24,666,20.2,10.48,17286126356.865864,12.7
8.20058,0.0,18.1,0,0.713,-0.16999789101501803,80.3,2.7792,24,666,20.2,3.5,15092758740.58084,13.5
7.75223,0.0,18.1,0,0.713,0.15280129967356312,83.7,2.7831,24,666,20.2,272.21,14645331903.704731,14.9
6.80117,0.0,18.1,0,0.713,0.021345444942536318,84.4,2.7175,24,666,20.2,396.9,13322153994.519545,20.0
4.81213,0.0,18.1,0,0.713,-0.02723483528725275,90.0,2.5975,24,666,20.2,255.23,14872639898.085175,16.4
3.69311,0.0,18.1,0,0.713,0.054199435340920296,88.4,2.5671,24,666,20.2,391.43,13370299440.927376,17.7
6.65492,0.0,18.1,0,0.713,0.10977153849896056,83.0,2.7344,24,666,20.2,396.9,12592231517.678032,19.5
5.82115,0.0,18.1,0,0.713,0.042024233309524775,89.9,2.8016,24,666,20.2,393.82,9337605510.83957,20.2
7.83932,0.0,18.1,0,0.655,0.07255333565728714,65.4,2.9634,24,666,20.2,396.9,11905232982.719257,21.4
3.1636,0.0,18.1,0,0.655,-0.0762085742569382,48.2,3.0665,24,666,20.2,334.4,12945137850.211916,19.9
3.77498,0.0,18.1,0,0.655,-0.032715930724408274,84.7,2.8715,24,666,20.2,22.01,15644648353.549995,19.0
4.42228,0.0,18.1,0,0.584,0.011210151960913078,94.5,2.5403,24,666,20.2,331.29,19610260359.895287,19.1
15.5757,0.0,18.1,0,0.58,-0.02059400545527821,71.0,2.9084,24,666,20.2,368.74,16424272457.919828,19.1
13.0751,0.0,18.1,0,0.58,-0.028518804276828492,56.7,2.8237,24,666,20.2,396.9,13334404636.569763,20.1
4.34879,0.0,18.1,0,0.58,-0.06237802380694615,84.0,3.0334,24,666,20.2,396.9,14823436272.200968,19.9
4.03841,0.0,18.1,0,0.532,0.3518565741061286,90.7,3.0993,24,666,20.2,395.33,11790283209.457565,19.6
3.56868,0.0,18.1,0,0.58,-0.09705732461966388,75.0,2.8965,24,666,20.2,393.37,13069259991.690218,23.2
4.64689,0.0,18.1,0,0.614,0.003771003927495284,67.6,2.5329,24,666,20.2,374.68,10666273218.74818,29.8
8.05579,0.0,18.1,0,0.584,-0.013656366967265895,95.4,2.4298,24,666,20.2,352.58,16386914313.084047,13.8
6.39312,0.0,18.1,0,0.584,0.21552232248197134,97.4,2.206,24,666,20.2,302.76,21914805977.242115,13.3
4.87141,0.0,18.1,0,0.614,0.026922830591938396,93.6,2.3053,24,666,20.2,396.21,16996842731.751074,16.7
15.0234,0.0,18.1,0,0.614,0.10846177054861153,97.3,2.1007,24,666,20.2,349.48,22742442376.435246,12.0
10.233,0.0,18.1,0,0.614,-0.02289024626174434,96.7,2.1705,24,666,20.2,379.7,15966165644.526615,14.6
14.3337,0.0,18.1,0,0.614,0.2118142710490387,88.0,1.9512,24,666,20.2,383.32,11980832434.678408,21.4
5.82401,0.0,18.1,0,0.532,-0.05720423306590804,64.7,3.4242,24,666,20.2,396.9,9791310459.219755,23.0
5.70818,0.0,18.1,0,0.532,-0.0241234230074548,74.9,3.3317,24,666,20.2,393.07,6908591893.420367,23.7
5.73116,0.0,18.1,0,0.532,-0.11201606914185538,77.0,3.4106,24,666,20.2,395.28,6153494025.753042,25.0
2.81838,0.0,18.1,0,0.532,0.18887586083984914,40.3,4.0983,24,666,20.2,392.92,9447188385.59508,21.8
2.37857,0.0,18.1,0,0.583,0.057582723346949805,41.9,3.724,24,666,20.2,370.73,12106198188.369455,20.6
3.67367,0.0,18.1,0,0.583,0.1755518270937333,51.9,3.9917,24,666,20.2,388.62,9468875483.54179,21.2
5.69175,0.0,18.1,0,0.583,-0.15153555848035824,79.8,3.5459,24,666,20.2,392.68,13438200381.798958,19.1
4.83567,0.0,18.1,0,0.583,-0.036145440605621255,53.2,3.1523,24,666,20.2,388.22,10471150119.315031,20.6
0.15086,0.0,27.74,0,0.609,0.061176663915189236,92.7,1.8209,4,711,20.1,395.09,16496881172.398401,15.2
0.18337,0.0,27.74,0,0.609,0.03242019532781844,98.3,1.7554,4,711,20.1,344.05,21666174256.680084,7.0
0.20746,0.0,27.74,0,0.609,-0.11411068918613934,98.0,1.8226,4,711,20.1,318.43,27056336247.38551,8.1
0.10574,0.0,27.74,0,0.609,-0.051220379267935004,98.8,1.8681,4,711,20.1,390.11,16395385424.181532,13.6
0.11132,0.0,27.74,0,0.609,-0.30065458342074947,83.5,2.1099,4,711,20.1,396.9,12073838638.837017,20.1
0.17331,0.0,9.69,0,0.585,-0.04149227947977609,54.0,2.3817,6,391,19.2,396.9,10810276940.081608,21.8
0.27957,0.0,9.69,0,0.585,0.14907522626333652,42.6,2.3817,6,391,19.2,396.9,12090822022.602064,24.5
0.17899,0.0,9.69,0,0.585,-0.08701412750542237,28.8,2.7986,6,391,19.2,393.29,15917922529.413448,23.1
0.2896,0.0,9.69,0,0.585,0.0877990644525436,72.9,2.7986,6,391,19.2,396.9,19102188753.42023,19.7
0.26838,0.0,9.69,0,0.585,0.19028378979887095,70.6,2.8927,6,391,19.2,396.9,12820488361.499254,18.3
0.23912,0.0,9.69,0,0.585,0.09771217859933362,65.3,2.4091,6,391,19.2,396.9,11622002139.442446,21.2
0.17783,0.0,9.69,0,0.585,0.15398973970468724,73.5,2.3999,6,391,19.2,395.77,13439820661.76475,17.5
0.22438,0.0,9.69,0,0.585,0.05943139586329417,79.7,2.4982,6,391,19.2,396.9,12935402446.541698,16.8
0.06263,0.0,11.93,0,0.573,0.14761431418400053,69.1,2.4786,1,273,21.0,391.99,8745834355.932785,22.4
0.04527,0.0,11.93,0,0.573,0.022127616844827128,76.7,2.2875,1,273,21.0,396.9,8039918735.533275,20.6
0.06076,0.0,11.93,0,0.573,0.08095693417888018,91.0,2.1675,1,273,21.0,396.9,5040129198.170761,23.9
0.10959,0.0,11.93,0,0.573,-0.3675015001719344,89.3,2.3889,1,273,21.0,393.45,5804692813.914078,22.0
0.04741,0.0,11.93,0,0.573,0.07754777870162118,80.8,2.505,1,273,21.0,396.9,7214695580.510878,11.9
