CRIM,ZN,INDUS,CHAS,NOX,RM,AGE,DIS,RAD,TAX,PTRATIO,B,LSTAT
-0.47307158381914727,-0.5020146421341568,-1.0105702693895895,-0.2780887148615228,-0.39645716000521775,0.37277791278449207,0.556020291013857,-0.5509669589360157,-0.5077973146584166,-0.6511928468009711,-0.775988758795226,0.42924400948291147,-0.46339332094657903
-0.4782481361949968,1.2411217173174922,-0.6659710171409525,3.5959747611403814,-0.9328616995687207,-0.18364822418643106,-1.276788516341403,0.1358613053325142,-0.624359880068644,-0.90513875069927,-0.32465063821752366,0.4445860781223135,-1.2852247677315687
-0.4710267430956934,-0.5020146421341568,2.1433889884792903,-0.2780887148615228,0.446464259308858,-0.49053159368347704,1.0822368821881212,-0.9243965371193245,-0.624359880068644,1.5859496399221378,0.8036946632267322,0.3701770452212129,0.7917842375708958
-0.47309209081780657,-0.5020146421341568,-0.02349783498247694,-0.2780887148615228,-1.2223498637775954,-0.8584458047579577,-2.1752943965097042,0.716351874245838,-0.624359880068644,-0.5967758673941929,0.3974903547067991,0.37894394158658573,-0.9613594937039803
0.25908539495624366,-0.5020146421341568,1.04096341454827,-0.2780887148615228,1.3319574674771801,2.3641799900261584,0.8316575530575193,-0.6844169277008296,1.7068914281359044,1.5859496399221378,0.8488284752845014,0.3151647705284986,0.7008105826729369
-0.4716434178410903,-0.5020146421341568,0.27145576228118673,-0.2780887148615228,-1.0180052772772132,-1.9239837507686657,0.21236863963474592,0.12367277887934515,-0.5077973146584166,-0.0344670801908168,0.17182129441794794,0.1899077387082364,-0.06746606785030257
-0.439895654345289,-0.5020146421341568,-0.1563729703834344,-0.2780887148615228,-0.10696899579634292,-0.30875988590729,0.5238029486970657,0.0979521088836817,-0.624359880068644,-0.6028221984393904,0.036419858244636914,0.376642631290675,0.8258642636442682
-0.44390477258317806,-0.5020146421341568,1.5943664509984115,-0.2780887148615228,0.5741796258715969,0.3042976539500699,0.8960922376911026,-1.0473375007926267,-0.624359880068644,0.20133983057188928,1.3001665958622037,0.3479310456940793,1.6819986081491343
0.10502510274278992,-0.5020146421341568,1.04096341454827,-0.2780887148615228,-0.20914128904653403,2.3641799900261584,0.7922808013369963,-0.33358890841296396,1.7068914281359044,1.5859496399221378,0.8488284752845014,0.4273810440052696,0.07281129091754358
-0.4536485265175728,-0.5020146421341568,-0.18703646316827086,-0.2780887148615228,0.24211967280847577,0.33033490630083434,0.3985132841317646,-0.6220347056964217,-0.39123474924818913,-0.07679139750719995,0.3974903547067991,0.4445860781223135,0.25159337082956756
-0.47030167421452607,-0.5020146421341568,0.42623339252845593,3.5959747611403814,-0.05588284917124736,-0.39497948819989204,0.9032516470948341,-0.4343601901123919,-0.5077973146584166,-0.772119467704923,-0.8662563829107678,0.4445860781223135,0.7885602835193404
-0.46160817156861017,0.042715470194483476,-0.4527867339701856,-0.2780887148615228,-0.27725615121332814,0.509999555734529,0.6204549756474408,1.342477437871617,-0.5077973146584166,-0.5604978811230072,-1.4078621276040102,0.33291773566837846,0.676171676270169
5.573351055516498,-0.5020146421341568,1.04096341454827,-0.2780887148615228,1.1616703120601948,0.4451245091667812,1.1251933386105102,-1.0251198324941337,1.7068914281359044,1.5859496399221378,0.8488284752845014,-2.9375729534339157,3.0432740411312276
-0.47824520662375974,-0.5020146421341568,0.27145576228118673,-0.2780887148615228,-1.0180052772772132,-0.5710356939769922,-0.5322099383533284,0.585253235387344,-0.5077973146584166,-0.0344670801908168,0.17182129441794794,0.3295205633267965,0.027175447854055353
-0.444927192944905,-0.5020146421341568,-0.5243348838014704,-0.2780887148615228,-0.5412012421096551,-0.5744558454096206,0.20520923023101434,0.4446533042543325,-0.5077973146584166,-0.7056098262077495,0.578025602937881,0.38135483808706294,-0.1137134736367678
0.1941543780584916,-0.5020146421341568,1.04096341454827,-0.2780887148615228,0.4890360481631043,-0.08257985319496047,-0.034630984793990495,-0.6053834510537067,1.7068914281359044,1.5859496399221378,0.8488284752845014,0.20108553157408643,-0.1026751016546508
-0.4720887126691204,-0.5020146421341568,2.1433889884792903,-0.2780887148615228,0.20806224172507873,-0.030944422463295332,0.974845741132149,-0.8580794364961771,-0.8574850108890988,-1.304196599682311,0.3523565426490298,0.25259104772065105,0.7150456241275912
1.613064375792011,-0.5020146421341568,1.04096341454827,-0.2780887148615228,1.2212708164561397,-0.42562518481782513,1.1251933386105102,-1.0580864375072323,1.7068914281359044,1.5859496399221378,0.8488284752845014,0.18179835957026655,2.565621325708339
-0.4844925172867473,2.984258076769141,-1.4189057816409931,-0.2780887148615228,-1.145720643839952,0.6840538648216835,-1.3090058586581945,0.8896304924442351,-0.624359880068644,-0.8990924196540724,-1.7689326240661716,0.4153265615028825,-1.3668592837904565
0.8799963003619006,-0.5020146421341568,1.04096341454827,-0.2780887148615228,1.3319574674771801,-1.023888773818977,1.0786571774862557,-0.735570349744444,1.7068914281359044,1.5859496399221378,0.8488284752845014,0.4445860781223135,0.7986268725593034
-0.4627697465640965,0.36955353759166765,-0.5856618693711431,-0.2780887148615228,-0.7881176174642832,1.1219635994597,-1.8710194968511162,0.3044852500428903,-0.7409224454788714,-1.0925750131003953,0.12668748236017865,0.4445860781223135,-0.8138443637542595
-0.4748293265613712,1.2411217173174922,-0.6659710171409525,-0.2780887148615228,-0.9328616995687207,-0.43331733465163125,-1.3054261539563288,0.16594873086848605,-0.624359880068644,-0.90513875069927,-0.32465063821752366,0.4445860781223135,-0.7590606956266456
-0.3208759636980693,-0.5020146421341568,-0.4133622432468246,-0.2780887148615228,-0.15805514242143848,1.8291890814043146,0.9139907612004312,0.21043205379009058,-0.624359880068644,-0.5846832053037977,1.2098989717466637,0.042075948747138776,1.4388629362710958
-0.4773414338971329,-0.5020146421341568,0.14004079320331672,-0.2780887148615228,0.13994737955828465,0.9845169421016425,0.01906458573399564,-0.6314400253217017,-0.9740475762993263,-0.7902584608405158,1.2098989717466637,0.39077925167983874,-0.40250418767391954
0.542143497450275,-0.5020146421341568,1.04096341454827,-0.2780887148615228,1.3745292563314264,-0.8137928834248435,0.9569472176228202,-0.9212774260191041,1.7068914281359044,1.5859496399221378,0.8488284752845014,-0.39835100740827334,0.4743712715743123
0.6934851475557557,-0.5020146421341568,1.04096341454827,-0.2780887148615228,0.23360531503762652,-0.21186422240950809,0.9605269223246863,-0.654857351735664,1.7068914281359044,1.5859496399221378,0.8488284752845014,-0.04109998051933528,0.7904616828428568
-0.47423022924339653,-0.5020146421341568,0.27145576228118673,-0.2780887148615228,-1.0180052772772132,-0.41762513933411355,-1.1443394423723703,0.3398031849623088,-0.5077973146584166,-0.0344670801908168,0.17182129441794794,0.4353808369386724,-0.47810047785934173
0.9070274541660673,-0.5020146421341568,1.04096341454827,-0.2780887148615228,1.3319574674771801,-0.06393269640974343,0.9139907612004312,-0.623042418513416,1.7068914281359044,1.5859496399221378,0.8488284752845014,-3.83113886547453,0.8819141971594332
-0.4609607363252244,-0.5020146421341568,-0.055621494090400805,3.5959747611403814,-0.5752586731930522,0.055849372157428176,0.8423966671631163,0.03964872447186972,-0.624359880068644,-0.7660731366597254,0.12668748236017865,0.4045871134553007,0.6811240907946126
-0.447203469796085,-0.5020146421341568,-0.18703646316827086,-0.2780887148615228,0.24211967280847577,1.3010590225391687,0.07276015626198178,-0.4327286550753535,-0.39123474924818913,-0.07679139750719995,0.3974903547067991,0.4445860781223135,0.23365237528102636
-0.4661343591298368,-0.5020146421341568,-1.0105702693895895,-0.2780887148615228,-0.39645716000521775,1.1510823666258718,0.7135272978959498,-0.575056093894641,-0.5077973146584166,-0.6511928468009711,-0.775988758795226,0.4445860781223135,0.31975141832840154
-0.461965579259529,-0.5020146421341568,-0.5243348838014704,-0.2780887148615228,-0.5412012421096551,-0.054788896592430116,-0.582325804179449,0.35794201566820577,-0.5077973146584166,-0.7056098262077495,0.578025602937881,0.4445860781223135,-0.7464555845387392
2.385797380986023,-0.5020146421341568,1.04096341454827,-0.2780887148615228,0.9743544411015121,-0.6421231953114398,1.05001953987133,-1.1891850763657261,1.7068914281359044,1.5859496399221378,0.8488284752845014,0.4445860781223135,0.127259044438754
0.05226498954932004,-0.5020146421341568,1.04096341454827,-0.2780887148615228,1.8172758604155879,-1.174704830025163,0.9891645599396122,-0.8113887426421088,1.7068914281359044,1.5859496399221378,0.8488284752845014,0.26804270256462076,-0.3197072904056436
0.16125382828091506,-0.5020146421341568,1.04096341454827,-0.2780887148615228,0.23360531503762652,-0.027392781845994835,0.9283095800078944,-0.6018324630319175,1.7068914281359044,1.5859496399221378,0.8488284752845014,-0.2744090100428165,1.2937075387002002
-0.17170659066485372,-0.5020146421341568,1.2570680303652113,-0.2780887148615228,2.677225995271362,0.3876778787851247,1.0714977680825242,-1.041915046110705,-0.5077973146584166,-0.004235424964828839,-1.6335311878928616,-1.0342797525114975,0.4954822178190421
-0.4825179862729824,-0.5020146421341568,-0.5696000398171811,-0.2780887148615228,-0.7455458286100374,0.7168499607151697,-0.2673117904152635,0.5626996628165198,-0.8574850108890988,-0.9776947232416411,-0.23438301410198353,0.3999844928634798,-1.1938298173823645
-0.4814955659112555,-0.5020146421341568,-0.8441113085576206,-0.2780887148615228,-0.35388537115097146,0.8216336122981124,-0.7971080862913935,0.689383559810086,-0.5077973146584166,-1.0865286820551978,0.8488284752845014,0.4445860781223135,-0.3736386358167913
-0.4666133440270928,-0.5020146421341568,-0.055621494090400805,3.5959747611403814,-0.5752586731930522,1.2080934270605825,-0.33890588445257835,0.21340720591645496,-0.624359880068644,-0.7660731366597254,0.12668748236017865,0.2738507714066799,0.2971933295454999
-0.4578949400256621,-0.5020146421341568,-0.02349783498247694,-0.2780887148615228,-1.2223498637775954,0.6561909559870143,-2.2178928824619066,0.716351874245838,-0.624359880068644,-0.5967758673941929,0.3974903547067991,0.22837249651130914,-0.7125577041741604
-0.4440951947135857,-0.5020146421341568,-0.18703646316827086,-0.2780887148615228,0.24211967280847577,0.5407795087480672,0.15509336440489427,-0.47788378654162106,-0.39123474924818913,-0.07679139750719995,0.3974903547067991,0.4445860781223135,1.2143847087203732
-0.479291063555383,0.9360728544134537,-1.2836213718069416,-0.2780887148615228,-0.7200027552974896,-1.5139300771609643,0.062021042156384654,-0.29356831368090536,-0.2746721838379617,-1.098621344145593,0.036419858244636914,0.4445860781223135,-0.668609026671156
-0.48357263191831673,3.420042166632053,-1.2106130556525694,-0.2780887148615228,-1.1959553546879624,0.01512669144598658,-1.3125855633600603,0.6351110266662516,-0.624359880068644,-1.0865286820551978,-1.6335311878928616,0.3749988382221679,-1.3485588174929188
-0.466661681952504,0.042715470194483476,-0.7156166721259256,-0.2780887148615228,-1.2564072948609926,0.2590883126960048,-1.137180032968639,1.2973223064053496,-0.624359880068644,-0.3549226255862892,0.2620889185334881,0.4445860781223135,0.10215995492963312
-0.4796543303887759,-0.5020146421341568,-1.1040209140671857,-0.2780887148615228,-0.5752586731930522,-0.6822283678153801,-0.08832655532197663,-0.3369479511362783,-0.8574850108890988,-0.8083974539761085,-0.23438301410198353,0.39286138956661476,-0.539325750057555
0.5332903331719405,-0.5020146421341568,1.04096341454827,-0.2780887148615228,1.2212708164561397,-0.041357455918596166,1.017802197554538,-0.8963725235419597,1.7068914281359044,1.5859496399221378,0.8488284752845014,0.41751828559422555,0.6350197954925989
-0.31781309696974414,-0.5020146421341568,-0.4133622432468246,-0.2780887148615228,-0.15805514242143848,-0.1705754984908762,0.9462081035172232,-0.0034909813604092504,-0.624359880068644,-0.5846832053037977,1.2098989717466637,0.026733880107736138,0.8564280258548708
-0.4735871883568663,-0.5020146421341568,-0.02349783498247694,-0.2780887148615228,-1.2223498637775954,-0.505717983050021,-2.2178928824619066,0.716351874245838,-0.624359880068644,-0.5967758673941929,0.3974903547067991,0.3002610467073655,-0.8304037036481317
0.15048911877041204,-0.5020146421341568,1.04096341454827,-0.2780887148615228,0.19954788395422948,-0.5733042072266844,0.5524405863119914,-0.3652118963367369,1.7068914281359044,1.5859496399221378,0.8488284752845014,0.4445860781223135,0.54636321082905
-0.48452173975983676,0.2823967196190852,-1.2646392096068046,-0.2780887148615228,-0.15805514242143848,0.5649915655049573,-0.12054389763876801,0.1418116095852421,-0.9740475762993263,-0.6511928468009711,-1.3627283155462393,0.4445860781223135,-1.0402819004323505
-0.46930854956516954,0.042715470194483476,-0.4527867339701856,-0.2780887148615228,-0.27725615121332814,0.5228646600202985,0.5130638345914685,1.1671354077146123,-0.5077973146584166,-0.5604978811230072,-1.4078621276040102,0.4445860781223135,0.10324300071333067
-0.48108835550930695,0.36955353759166765,-1.1157022446518854,-0.2780887148615228,-0.9677705664292025,-1.7642512386262386,-1.1228612141611758,0.6959096999582396,-0.5077973146584166,-1.1348993304167785,-1.5432635637773204,0.39340932058945066,-1.1593452588642055
-0.3059849531001956,-0.5020146421341568,-0.4133622432468246,-0.2780887148615228,-0.15805514242143848,1.075229934437423,0.8280778483556537,0.08753907644140745,-0.624359880068644,-0.5846832053037977,1.2098989717466637,0.4445860781223135,0.92965635711409
-0.4697699570350033,-0.5020146421341568,-0.3520352576771519,-0.2780887148615228,-0.3113135822967252,-0.1564372171776365,0.09781808917504208,-0.45029164988582526,-0.5077973146584166,-0.11911571482358309,1.1647651596888928,0.43012069911944856,-0.6731482393593522
-0.4073437235449203,0.36955353759166765,-1.0222515999742887,-0.2780887148615228,0.15697609509998317,1.5583825901790889,-0.5715866900738517,-0.4426618242714401,-0.5077973146584166,-0.8446754402472941,-2.400805992874955,0.3722591831079889,-1.3263076496878803
0.051598512092893456,-0.5020146421341568,1.04096341454827,-0.2780887148615228,0.22509095726677725,1.1917704490000287,-0.5966446229869119,0.09464105248498603,1.7068914281359044,1.5859496399221378,0.8488284752845014,0.3538487007407061,-0.28961917756350475
0.34348634229536296,-0.5020146421341568,1.04096341454827,-0.2780887148615228,1.5618451272901102,-1.1583137132395291,1.1251933386105102,-0.8587992313654588,1.7068914281359044,1.5859496399221378,0.8488284752845014,0.43132614736968744,0.578749407141355
-0.4813857069898665,2.984258076769141,-0.8791553003117194,-0.2780887148615228,-1.239378579319294,-0.032780348926790576,-1.45577375143469,0.6344872044462073,-0.624359880068644,-0.9595557301060483,0.3974903547067991,0.4445860781223135,-1.3088619462253817
-0.4791050357818309,-0.5020146421341568,-0.9463229511737418,-0.2780887148615228,-0.9158329840270221,-1.027432060820944,-0.7362531063596758,0.4726293315070785,-0.7409224454788714,-0.9474630680156532,0.08155367030240779,0.4445860781223135,-0.3961094115619243
-0.45848964298678124,0.4567103555642501,-0.7462801649107619,-0.2780887148615228,-1.0690914239023088,0.7035112028386056,0.05844133745451911,1.9964350697762856,-0.2746721838379617,-0.44561759126425304,0.3523565426490298,0.3594375971736311,0.8547993667489238
-0.467985848151646,0.5874455825231237,-0.8528723064961454,-0.2780887148615228,-0.8817755529436251,-0.9536554317786728,-0.9009195226455,2.008911514177167,-0.15810961842773427,-0.7237488193433422,0.6231594149956503,0.43012069911944856,-0.3871100576655807
-0.48452173975983676,3.420042166632053,-1.4189057816409931,-0.2780887148615228,-1.3074934414860875,-1.2993663195869944,-1.6705560335466345,2.3523496394737413,-0.5077973146584166,-1.0744360199648026,-0.18924920204421428,0.43395621627929937,-1.074482587345863
-0.4218040871709492,-0.5020146421341568,-0.6966345099257888,-0.2780887148615228,-0.4475433066303133,-0.19568281942679186,-1.6884545570559633,-0.2012426251143818,-0.15810961842773427,-0.5846832053037977,-0.41491826233306545,0.2631113233590981,-1.2616052207426987
-0.36893557984170877,-0.5020146421341568,-0.4133622432468246,-0.2780887148615228,-0.15805514242143848,0.5922265479846798,-1.1443394423723703,0.0009717468291368866,-0.624359880068644,-0.5846832053037977,1.2098989717466637,-0.7379586553618993,-0.1265734258003301
-0.47487034055868976,2.1126898970433166,-1.3551695216382262,-0.2780887148615228,-1.239378579319294,-1.255490199373549,-1.1693973752854308,2.6048392837203505,-0.624359880068644,0.044135223396751896,-0.008713953813132362,0.15834691179289404,-0.9881017343428675
-0.4226932120413908,-0.5020146421341568,-0.055621494090400805,3.5959747611403814,-0.5752586731930522,1.7227876051224984,1.1251933386105102,0.03864101165487544,-0.624359880068644,-0.7660731366597254,0.12668748236017865,0.4445860781223135,1.5235908418688027
0.79030161779745,-0.5020146421341568,1.04096341454827,-0.2780887148615228,1.1616703120601948,-1.1268509347639921,1.0822368821881212,-0.9927290633764603,1.7068914281359044,1.5859496399221378,0.8488284752845014,0.3906696654752717,0.6552043387898986
-0.4811557356477589,0.5874455825231237,-0.8922967972195063,-0.2780887148615228,-1.111663212756555,0.06034141777303103,-1.301846449254463,0.7707683663635289,-0.624359880068644,-0.741887812478935,0.307222730591259,0.4445860781223135,-0.8175831225504617
-0.48246818356195276,2.766366031837685,-1.171188564929208,-0.2780887148615228,-1.0946344972148565,0.9965706432992901,-1.6741357382485005,0.7709603116620038,-0.7409224454788714,-0.9172314127896652,-0.008713953813132362,0.43066863014228446,-1.1411662715909163
0.19736811770552432,-0.5020146421341568,1.04096341454827,-0.2780887148615228,1.3319574674771801,-0.017839486684034355,0.6920490696847557,-0.582493974210551,1.7068914281359044,1.5859496399221378,0.8488284752845014,-3.7900440387618453,0.9308514293976458
-0.45892468431548167,-0.5020146421341568,-0.5929627009865802,-0.2780887148615228,-0.9243473417978714,0.49180357512837336,-1.26246969753394,0.6266654335333468,-0.7409224454788714,-1.0321117026484194,-0.18924920204421428,0.4445860781223135,0.20795904963895065
0.3496106109663948,-0.5020146421341568,1.04096341454827,-0.2780887148615228,-0.20914128904653403,-0.2895137282277357,0.2266874584422091,-0.22206868999893029,1.7068914281359044,1.5859496399221378,0.8488284752845014,0.40261456177309174,-0.6893442110648859
1.3887471061718666,-0.5020146421341568,1.04096341454827,-0.2780887148615228,1.5618451272901102,1.2892110447381706,1.0034833787470747,-0.9112002978491613,1.7068914281359044,1.5859496399221378,0.8488284752845014,-1.269122988898919,1.609900404011728
-0.4709022363181192,2.984258076769141,-1.3230458625303023,-0.2780887148615228,-1.2223498637775954,-0.7126678176842237,-1.7564689463914125,2.6048392837203505,-0.624359880068644,-0.42143226708346265,1.3001665958622037,0.2159892553952202,-0.9975969621189736
-0.4737614978454701,-0.5020146421341568,0.27145576228118673,-0.2780887148615228,-1.0180052772772132,-1.4866658178370165,-0.8150066098007223,0.14205154120833585,-0.5077973146584166,-0.0344670801908168,0.17182129441794794,0.3356573907825574,-0.3057635803198841
5.131201122209401,-0.5020146421341568,1.04096341454827,-0.2780887148615228,1.1616703120601948,-0.17090227909337077,1.1251933386105102,-1.1060247758013888,1.7068914281359044,1.5859496399221378,0.8488284752845014,0.4445860781223135,2.5653865773995883
-0.4660669789913849,-0.5020146421341568,-0.3520352576771519,-0.2780887148615228,-0.3113135822967252,0.177539432053676,0.767222868423936,-0.6590801483021164,-0.5077973146584166,-0.11911571482358309,1.1647651596888928,0.39845028599953974,-0.015158934116879722
-0.4813739887049183,3.420042166632053,-1.2106130556525694,-0.2780887148615228,-1.1959553546879624,0.4332942130828499,-1.2660494022358055,0.6351110266662516,-0.624359880068644,-1.0865286820551978,-1.6335311878928616,0.3994365618406439,-1.2463169707027215
1.8387438960373788,-0.5020146421341568,1.04096341454827,-0.2780887148615228,0.9743544411015121,-0.9557123341364577,1.0929759962937184,-1.0918208237142313,1.7068914281359044,1.5859496399221378,0.8488284752845014,0.4445860781223135,1.2324796131872122
-0.45965561233912305,-0.5020146421341568,2.1433889884792903,-0.2780887148615228,0.446464259308858,0.12995321682830321,1.0643383586787925,-0.978477124964684,-0.624359880068644,1.5859496399221378,0.8036946632267322,-0.13457701301512162,1.6146877045064747
-0.4677426937389717,0.042715470194483476,-0.7156166721259256,-0.2780887148615228,-1.2564072948609926,0.9464236853803315,-1.2732088116395373,1.2973223064053496,-0.624359880068644,-0.3549226255862892,0.2620889185334881,0.4445860781223135,-0.5261484865822911
0.5979957730844405,-0.5020146421341568,1.04096341454827,-0.2780887148615228,0.3442919660586669,-0.6724042641323007,1.05001953987133,-1.122772003093341,1.7068914281359044,1.5859496399221378,0.8488284752845014,-0.4568700406471366,1.9825370241805305
-0.4813183268514145,2.984258076769141,-1.0704370886361745,-0.2780887148615228,-1.3500652303403338,-1.2585488877252915,-1.7707877651988753,2.603654021502267,-0.9740475762993263,-0.5363125569422169,-0.8662563829107678,0.42573725093676246,-0.4948094502583214
1.2093987550402843,-0.5020146421341568,1.04096341454827,-0.2780887148615228,1.2212708164561397,-0.24155465662268366,1.017802197554538,-0.971471121570343,1.7068914281359044,1.5859496399221378,0.8488284752845014,0.4445860781223135,1.872591416537975
-0.4481834113748749,-0.5020146421341568,-0.1563729703834344,-0.2780887148615228,-0.10696899579634292,0.3774164340950043,0.7815416872313992,-0.4608966276265746,-0.624359880068644,-0.6028221984393904,0.036419858244636914,0.43801090584828434,-0.10759932903358622
-0.4209061735867965,-0.5020146421341568,-0.6966345099257888,3.5959747611403814,-0.42200023331776554,-2.3311295529421057,-0.07400773651451346,-0.06841647856961211,-0.15810961842773427,-0.5846832053037977,-0.41491826233306545,0.042404707360839955,-0.6022326830945334
0.21835849561891513,-0.5020146421341568,1.04096341454827,-0.2780887148615228,1.3319574674771801,-0.31259563635886956,0.767222868423936,-0.574384285349978,1.7068914281359044,1.5859496399221378,0.8488284752845014,-1.1079216819806283,0.5540451414873729
-0.43655301356382653,-0.5020146421341568,-0.5243348838014704,-0.2780887148615228,-0.5412012421096551,0.311758139872638,-1.0190497778070695,0.4446533042543325,-0.5077973146584166,-0.7056098262077495,0.578025602937881,0.4445860781223135,-0.9065566834378479
-0.4823041275726785,0.7181808094819975,0.5941525196835118,-0.2780887148615228,-0.7881176174642832,0.3071666964719661,-1.4199767044160327,-0.06169839312298347,-0.624359880068644,-0.8083974539761085,-0.05384776587090324,0.43833966446198547,-0.9006781927455967
-0.43490659452861014,-0.5020146421341568,1.5943664509984115,-0.2780887148615228,0.5741796258715969,0.16477811077143747,1.0679180633806586,-0.9331780345245603,-0.624359880068644,0.20133983057188928,1.3001665958622037,0.41368276843437474,0.3196368921598511
-0.47622966161267627,-0.5020146421341568,-1.0105702693895895,-0.2780887148615228,-0.39645716000521775,2.1765247076538987,-0.7648907439746017,-0.11496321344982406,-0.5077973146584166,-0.6511928468009711,-0.775988758795226,0.4043679410461666,-0.326454796284366
3.313226395351926,-0.5020146421341568,1.04096341454827,-0.2780887148615228,1.0424693032683061,-2.3311295529421057,0.7350055261071441,-1.0302543692283426,1.7068914281359044,1.5859496399221378,0.8488284752845014,-2.509200479780891,2.016796165439981
-0.31177525065020495,-0.5020146421341568,1.5943664509984115,-0.2780887148615228,0.5741796258715969,1.0026231195599224,1.0428601304675982,-0.7310596352302792,-0.624359880068644,0.20133983057188928,1.3001665958622037,0.4445860781223135,-0.004671334734892611
-0.47748937724460344,-0.5020146421341568,-0.9609246144046163,-0.2780887148615228,-0.975433488422967,-0.08485666249585694,-0.582325804179449,2.0246030423275068,-0.7409224454788714,-0.31259830826990603,0.2169551064757188,0.09073222357495736,0.026641441105750816
0.180821899358723,-0.5020146421341568,1.04096341454827,-0.2780887148615228,1.3745292563314264,0.9347677030531826,0.6920490696847557,-1.0467136785725826,1.7068914281359044,1.5859496399221378,0.8488284752845014,-0.017867705151097514,-0.7714023170926323
-0.400085710805154,-0.5020146421341568,1.5943664509984115,-0.2780887148615228,0.5741796258715969,-0.1070934128089975,1.05001953987133,-0.70399534814529,-0.624359880068644,0.20133983057188928,1.3001665958622037,0.3225070462344985,-0.1660441441394837
0.8658186403602459,-0.5020146421341568,1.04096341454827,-0.2780887148615228,0.6337801302675418,0.17505687660440122,1.1251933386105102,-1.241854866267294,1.7068914281359044,1.5859496399221378,0.8488284752845014,0.10760849907829946,-0.46389843230386113
2.268892840771946,-0.5020146421341568,1.04096341454827,-0.2780887148615228,0.3442919660586669,-1.2788939916116144,1.1251933386105102,-1.0751695690715162,1.7068914281359044,1.5859496399221378,0.8488284752845014,-3.5893916981993774,3.0432740411312276
1.6258226585293196,-0.5020146421341568,1.04096341454827,-0.2780887148615228,1.5618451272901102,1.3705795669266478,0.8853531235855054,-0.8598549305070717,1.7068914281359044,1.5859496399221378,0.8488284752845014,-3.603637904793108,0.8179666995107254
1.5716109427878966,-0.5020146421341568,1.04096341454827,-0.2780887148615228,0.3442919660586669,-1.0014109141552117,1.1251933386105102,-1.0878379587708729,1.7068914281359044,1.5859496399221378,0.8488284752845014,-3.520790734140336,1.2413516355970635
-0.4789160784370418,-0.5020146421341568,-0.9463229511737418,-0.2780887148615228,-0.9158329840270221,-0.14611125805033412,-0.8400645427137823,0.3036214961997522,-0.7409224454788714,-0.9474630680156532,0.08155367030240779,0.43461373350670235,0.04183509889677719
-0.4725823454225616,-0.5020146421341568,0.27145576228118673,-0.2780887148615228,-1.0180052772772132,-0.6062896664470692,-0.843644247415648,0.3398031849623088,-0.5077973146584166,-0.0344670801908168,0.17182129441794794,0.2947817364790075,-0.5031461984938832
