CRIM,ZN,INDUS,CHAS,NOX,RM,AGE,DIS,RAD,TAX,PTRATIO,B,LSTAT
-0.47307158381914727,-0.5020146421341568,-1.0105702693895895,-0.2780887148615228,-0.39645716000521775,0.14718486428735378,0.556020291013857,-0.5509669589360157,-0.5077973146584166,-0.6511928468009711,-0.775988758795226,0.42924400948291147,-0.463150537226651
-0.4782481361949968,1.2411217173174922,-0.6659710171409525,3.5959747611403814,-0.9328616995687207,0.9698489546343042,-1.276788516341403,0.1358613053325142,-0.624359880068644,-0.90513875069927,-0.32465063821752366,0.4445860781223135,-1.2856139515375173
-0.4710267430956934,-0.5020146421341568,2.1433889884792903,-0.2780887148615228,0.446464259308858,0.46911079278821116,1.0822368821881212,-0.9243965371193245,-0.624359880068644,1.5859496399221378,0.8036946632267322,0.3701770452212129,0.79238770047095
-0.47309209081780657,-0.5020146421341568,-0.02349783498247694,-0.2780887148615228,-1.2223498637775954,0.916438833594584,-2.1752943965097042,0.716351874245838,-0.624359880068644,-0.5967758673941929,0.3974903547067991,0.37894394158658573,-0.9612914043030081
0.25908539495624366,-0.5020146421341568,1.04096341454827,-0.2780887148615228,1.3319574674771801,-1.0443145142692212,0.8316575530575193,-0.6844169277008296,1.7068914281359044,1.5859496399221378,0.8488284752845014,0.3151647705284986,0.7002620017782204
-0.4716434178410903,-0.5020146421341568,0.27145576228118673,-0.2780887148615228,-1.0180052772772132,0.4957209458376871,0.21236863963474592,0.12367277887934515,-0.5077973146584166,-0.0344670801908168,0.17182129441794794,0.1899077387082364,-0.06712343300016714
-0.439895654345289,-0.5020146421341568,-0.1563729703834344,-0.2780887148615228,-0.10696899579634292,-0.31469471802201576,0.5238029486970657,0.0979521088836817,-0.624359880068644,-0.6028221984393904,0.036419858244636914,0.376642631290675,0.8257015984141204
-0.44390477258317806,-0.5020146421341568,1.5943664509984115,-0.2780887148615228,0.5741796258715969,0.372884808653486,0.8960922376911026,-1.0473375007926267,-0.624359880068644,0.20133983057188928,1.3001665958622037,0.3479310456940793,1.6824626931152251
0.10502510274278992,-0.5020146421341568,1.04096341454827,-0.2780887148615228,-0.20914128904653403,0.0009337889351020021,0.7922808013369963,-0.33358890841296396,1.7068914281359044,1.5859496399221378,0.8488284752845014,0.4273810440052696,0.07353581247767298
-0.4536485265175728,-0.5020146421341568,-0.18703646316827086,-0.2780887148615228,0.24211967280847577,-0.08558349982397823,0.3985132841317646,-0.6220347056964217,-0.39123474924818913,-0.07679139750719995,0.3974903547067991,0.4445860781223135,0.25085270374111707
-0.47030167421452607,-0.5020146421341568,0.42623339252845593,3.5959747611403814,-0.05588284917124736,-0.4828698926943472,0.9032516470948341,-0.4343601901123919,-0.5077973146584166,-0.772119467704923,-0.8662563829107678,0.4445860781223135,0.7897110732819417
-0.46160817156861017,0.042715470194483476,-0.4527867339701856,-0.2780887148615228,-0.27725615121332814,0.7603898200972873,0.6204549756474408,1.342477437871617,-0.5077973146584166,-0.5604978811230072,-1.4078621276040102,0.33291773566837846,0.6763539835544403
5.573351055516498,-0.5020146421341568,1.04096341454827,-0.2780887148615228,1.1616703120601948,-1.3097799555127525,1.1251933386105102,-1.0251198324941337,1.7068914281359044,1.5859496399221378,0.8488284752845014,-2.9375729534339157,3.0433769042630834
-0.47824520662375974,-0.5020146421341568,0.27145576228118673,-0.2780887148615228,-1.0180052772772132,0.04787367808123353,-0.5322099383533284,0.585253235387344,-0.5077973146584166,-0.0344670801908168,0.17182129441794794,0.3295205633267965,0.026849877331596276
-0.444927192944905,-0.5020146421341568,-0.5243348838014704,-0.2780887148615228,-0.5412012421096551,1.5437941003250966,0.20520923023101434,0.4446533042543325,-0.5077973146584166,-0.7056098262077495,0.578025602937881,0.38135483808706294,-0.11448083780062147
0.1941543780584916,-0.5020146421341568,1.04096341454827,-0.2780887148615228,0.4890360481631043,0.485536215913834,-0.034630984793990495,-0.6053834510537067,1.7068914281359044,1.5859496399221378,0.8488284752845014,0.20108553157408643,-0.1025536813811345
-0.4720887126691204,-0.5020146421341568,2.1433889884792903,-0.2780887148615228,0.20806224172507873,0.23621201473115971,0.974845741132149,-0.8580794364961771,-0.8574850108890988,-1.304196599682311,0.3523565426490298,0.25259104772065105,0.714986724959255
1.613064375792011,-0.5020146421341568,1.04096341454827,-0.2780887148615228,1.2212708164561397,0.5409648334977513,1.1251933386105102,-1.0580864375072323,1.7068914281359044,1.5859496399221378,0.8488284752845014,0.18179835957026655,2.5651560664857174
-0.4844925172867473,2.984258076769141,-1.4189057816409931,-0.2780887148615228,-1.145720643839952,0.4723704838017481,-1.3090058586581945,0.8896304924442351,-0.624359880068644,-0.8990924196540724,-1.7689326240661716,0.4153265615028825,-1.367100478253448
0.8799963003619006,-0.5020146421341568,1.04096341454827,-0.2780887148615228,1.3319574674771801,-1.0566918938090937,1.0786571774862557,-0.735570349744444,1.7068914281359044,1.5859496399221378,0.8488284752845014,0.4445860781223135,0.7995403346867528
-0.4627697465640965,0.36955353759166765,-0.5856618693711431,-0.2780887148615228,-0.7881176174642832,-0.17284440703394835,-1.8710194968511162,0.3044852500428903,-0.7409224454788714,-1.0925750131003953,0.12668748236017865,0.4445860781223135,-0.813967705663261
-0.4748293265613712,1.2411217173174922,-0.6659710171409525,-0.2780887148615228,-0.9328616995687207,1.2537995469205765,-1.3054261539563288,0.16594873086848605,-0.624359880068644,-0.90513875069927,-0.32465063821752366,0.4445860781223135,-0.7589705234277621
-0.3208759636980693,-0.5020146421341568,-0.4133622432468246,-0.2780887148615228,-0.15805514242143848,-0.20906697790049844,0.9139907612004312,0.21043205379009058,-0.624359880068644,-0.5846832053037977,1.2098989717466637,0.042075948747138776,1.438591434104619
-0.4773414338971329,-0.5020146421341568,0.14004079320331672,-0.2780887148615228,0.13994737955828465,-0.21524376628965572,0.01906458573399564,-0.6314400253217017,-0.9740475762993263,-0.7902584608405158,1.2098989717466637,0.39077925167983874,-0.4028520772049628
0.542143497450275,-0.5020146421341568,1.04096341454827,-0.2780887148615228,1.3745292563314264,0.9427919014330254,0.9569472176228202,-0.9212774260191041,1.7068914281359044,1.5859496399221378,0.8488284752845014,-0.39835100740827334,0.47353071939472824
0.6934851475557557,-0.5020146421341568,1.04096341454827,-0.2780887148615228,0.23360531503762652,0.6277319220517145,0.9605269223246863,-0.654857351735664,1.7068914281359044,1.5859496399221378,0.8488284752845014,-0.04109998051933528,0.7904957742309893
-0.47423022924339653,-0.5020146421341568,0.27145576228118673,-0.2780887148615228,-1.0180052772772132,-2.3716855533373087,-1.1443394423723703,0.3398031849623088,-0.5077973146584166,-0.0344670801908168,0.17182129441794794,0.4353808369386724,-0.4781418731344835
0.9070274541660673,-0.5020146421341568,1.04096341454827,-0.2780887148615228,1.3319574674771801,1.6602788000093647,0.9139907612004312,-0.623042418513416,1.7068914281359044,1.5859496399221378,0.8488284752845014,-3.83113886547453,0.8819633800800156
-0.4609607363252244,-0.5020146421341568,-0.055621494090400805,3.5959747611403814,-0.5752586731930522,-1.1138329133772809,0.8423966671631163,0.03964872447186972,-0.624359880068644,-0.7660731366597254,0.12668748236017865,0.4045871134553007,0.6816133603550197
-0.447203469796085,-0.5020146421341568,-0.18703646316827086,-0.2780887148615228,0.24211967280847577,-0.6607265731396224,0.07276015626198178,-0.4327286550753535,-0.39123474924818913,-0.07679139750719995,0.3974903547067991,0.4445860781223135,0.23286426821159836
-0.4661343591298368,-0.5020146421341568,-1.0105702693895895,-0.2780887148615228,-0.39645716000521775,-0.8980243464179211,0.7135272978959498,-0.575056093894641,-0.5077973146584166,-0.6511928468009711,-0.775988758795226,0.4445860781223135,0.31982779246796633
-0.461965579259529,-0.5020146421341568,-0.5243348838014704,-0.2780887148615228,-0.5412012421096551,-0.08585349151371564,-0.582325804179449,0.35794201566820577,-0.5077973146584166,-0.7056098262077495,0.578025602937881,0.4445860781223135,-0.7461813882651729
2.385797380986023,-0.5020146421341568,1.04096341454827,-0.2780887148615228,0.9743544411015121,-0.38480276538216796,1.05001953987133,-1.1891850763657261,1.7068914281359044,1.5859496399221378,0.8488284752845014,0.4445860781223135,0.12719392842185684
0.05226498954932004,-0.5020146421341568,1.04096341454827,-0.2780887148615228,1.8172758604155879,-2.3716855533373087,0.9891645599396122,-0.8113887426421088,1.7068914281359044,1.5859496399221378,0.8488284752845014,0.26804270256462076,-0.31946330812144785
0.16125382828091506,-0.5020146421341568,1.04096341454827,-0.2780887148615228,0.23360531503762652,0.7847293420914851,0.9283095800078944,-0.6018324630319175,1.7068914281359044,1.5859496399221378,0.8488284752845014,-0.2744090100428165,1.2930191889782165
-0.17170659066485372,-0.5020146421341568,1.2570680303652113,-0.2780887148615228,2.677225995271362,0.24895054691504687,1.0714977680825242,-1.041915046110705,-0.5077973146584166,-0.004235424964828839,-1.6335311878928616,-1.0342797525114975,0.4955702832621129
-0.4825179862729824,-0.5020146421341568,-0.5696000398171811,-0.2780887148615228,-0.7455458286100374,-0.9223320257519781,-0.2673117904152635,0.5626996628165198,-0.8574850108890988,-0.9776947232416411,-0.23438301410198353,0.3999844928634798,-1.1932682771823748
-0.4814955659112555,-0.5020146421341568,-0.8441113085576206,-0.2780887148615228,-0.35388537115097146,-0.9439951006031045,-0.7971080862913935,0.689383559810086,-0.5077973146584166,-1.0865286820551978,0.8488284752845014,0.4445860781223135,-0.3737315116065008
-0.4666133440270928,-0.5020146421341568,-0.055621494090400805,3.5959747611403814,-0.5752586731930522,1.1418794248193478,-0.33890588445257835,0.21340720591645496,-0.624359880068644,-0.7660731366597254,0.12668748236017865,0.2738507714066799,0.29704276131381196
-0.4578949400256621,-0.5020146421341568,-0.02349783498247694,-0.2780887148615228,-1.2223498637775954,1.0283473286209355,-2.2178928824619066,0.716351874245838,-0.624359880068644,-0.5967758673941929,0.3974903547067991,0.22837249651130914,-0.7114003957828144
-0.4440951947135857,-0.5020146421341568,-0.18703646316827086,-0.2780887148615228,0.24211967280847577,-1.8676144954879583,0.15509336440489427,-0.47788378654162106,-0.39123474924818913,-0.07679139750719995,0.3974903547067991,0.4445860781223135,1.2149674631126526
-0.479291063555383,0.9360728544134537,-1.2836213718069416,-0.2780887148615228,-0.7200027552974896,1.2422357692622206,0.062021042156384654,-0.29356831368090536,-0.2746721838379617,-1.098621344145593,0.036419858244636914,0.4445860781223135,-0.6687828584075888
-0.48357263191831673,3.420042166632053,-1.2106130556525694,-0.2780887148615228,-1.1959553546879624,0.506296340494697,-1.3125855633600603,0.6351110266662516,-0.624359880068644,-1.0865286820551978,-1.6335311878928616,0.3749988382221679,-1.3485580682069933
-0.466661681952504,0.042715470194483476,-0.7156166721259256,-0.2780887148615228,-1.2564072948609926,-0.6135447976726311,-1.137180032968639,1.2973223064053496,-0.624359880068644,-0.3549226255862892,0.2620889185334881,0.4445860781223135,0.10172027439531296
-0.4796543303887759,-0.5020146421341568,-1.1040209140671857,-0.2780887148615228,-0.5752586731930522,0.4330370865174486,-0.08832655532197663,-0.3369479511362783,-0.8574850108890988,-0.8083974539761085,-0.23438301410198353,0.39286138956661476,-0.5398499957082719
0.5332903331719405,-0.5020146421341568,1.04096341454827,-0.2780887148615228,1.2212708164561397,-0.3482596681546026,1.017802197554538,-0.8963725235419597,1.7068914281359044,1.5859496399221378,0.8488284752845014,0.41751828559422555,0.6353487513527923
-0.31781309696974414,-0.5020146421341568,-0.4133622432468246,-0.2780887148615228,-0.15805514242143848,-0.006736835731292301,0.9462081035172232,-0.0034909813604092504,-0.624359880068644,-0.5846832053037977,1.2098989717466637,0.026733880107736138,0.856351862636858
-0.4735871883568663,-0.5020146421341568,-0.02349783498247694,-0.2780887148615228,-1.2223498637775954,-0.0447697695092835,-2.2178928824619066,0.716351874245838,-0.624359880068644,-0.5967758673941929,0.3974903547067991,0.3002610467073655,-0.8295150561514705
0.15048911877041204,-0.5020146421341568,1.04096341454827,-0.2780887148615228,0.19954788395422948,0.782389445302495,0.5524405863119914,-0.3652118963367369,1.7068914281359044,1.5859496399221378,0.8488284752845014,0.4445860781223135,0.546716170244553
-0.48452173975983676,0.2823967196190852,-1.2646392096068046,-0.2780887148615228,-0.15805514242143848,-0.8444528414773405,-0.12054389763876801,0.1418116095852421,-0.9740475762993263,-0.6511928468009711,-1.3627283155462393,0.4445860781223135,-1.0393211468044714
-0.46930854956516954,0.042715470194483476,-0.4527867339701856,-0.2780887148615228,-0.27725615121332814,-1.1963691417837283,0.5130638345914685,1.1671354077146123,-0.5077973146584166,-0.5604978811230072,-1.4078621276040102,0.4445860781223135,0.1031433230021087
-0.48108835550930695,0.36955353759166765,-1.1157022446518854,-0.2780887148615228,-0.9677705664292025,1.375163826918991,-1.1228612141611758,0.6959096999582396,-0.5077973146584166,-1.1348993304167785,-1.5432635637773204,0.39340932058945066,-1.1589411183718958
-0.3059849531001956,-0.5020146421341568,-0.4133622432468246,-0.2780887148615228,-0.15805514242143848,-2.093484133514572,0.8280778483556537,0.08753907644140745,-0.624359880068644,-0.5846832053037977,1.2098989717466637,0.4445860781223135,0.9296270249466108
-0.4697699570350033,-0.5020146421341568,-0.3520352576771519,-0.2780887148615228,-0.3113135822967252,1.2662067179536416,0.09781808917504208,-0.45029164988582526,-0.5077973146584166,-0.11911571482358309,1.1647651596888928,0.43012069911944856,-0.6732062249294422
-0.4073437235449203,0.36955353759166765,-1.0222515999742887,-0.2780887148615228,0.15697609509998317,1.4931876976528138,-0.5715866900738517,-0.4426618242714401,-0.5077973146584166,-0.8446754402472941,-2.400805992874955,0.3722591831079889,-1.3276336605698094
0.051598512092893456,-0.5020146421341568,1.04096341454827,-0.2780887148615228,0.22509095726677725,0.15700640780010564,-0.5966446229869119,0.09464105248498603,1.7068914281359044,1.5859496399221378,0.8488284752845014,0.3538487007407061,-0.2902344845867782
0.34348634229536296,-0.5020146421341568,1.04096341454827,-0.2780887148615228,1.5618451272901102,-1.0773886862223832,1.1251933386105102,-0.8587992313654588,1.7068914281359044,1.5859496399221378,0.8488284752845014,0.43132614736968744,0.5788398636941406
-0.4813857069898665,2.984258076769141,-0.8791553003117194,-0.2780887148615228,-1.239378579319294,-0.1526839115236495,-1.45577375143469,0.6344872044462073,-0.624359880068644,-0.9595557301060483,0.3974903547067991,0.4445860781223135,-1.3091078029246672
-0.4791050357818309,-0.5020146421341568,-0.9463229511737418,-0.2780887148615228,-0.9158329840270221,-0.21154711187627553,-0.7362531063596758,0.4726293315070785,-0.7409224454788714,-0.9474630680156532,0.08155367030240779,0.4445860781223135,-0.3955171890342476
-0.45848964298678124,0.4567103555642501,-0.7462801649107619,-0.2780887148615228,-1.0690914239023088,-1.3129021878783556,0.05844133745451911,1.9964350697762856,-0.2746721838379617,-0.44561759126425304,0.3523565426490298,0.3594375971736311,0.8551245407360706
-0.467985848151646,0.5874455825231237,-0.8528723064961454,-0.2780887148615228,-0.8817755529436251,-0.08293728826184547,-0.9009195226455,2.008911514177167,-0.15810961842773427,-0.7237488193433422,0.6231594149956503,0.43012069911944856,-0.3867696080620549
-0.48452173975983676,3.420042166632053,-1.4189057816409931,-0.2780887148615228,-1.3074934414860875,1.1292319182641628,-1.6705560335466345,2.3523496394737413,-0.5077973146584166,-1.0744360199648026,-0.18924920204421428,0.43395621627929937,-1.07385765325264
-0.4218040871709492,-0.5020146421341568,-0.6966345099257888,-0.2780887148615228,-0.4475433066303133,0.7857270379305054,-1.6884545570559633,-0.2012426251143818,-0.15810961842773427,-0.5846832053037977,-0.41491826233306545,0.2631113233590981,-1.2605601347054172
-0.36893557984170877,-0.5020146421341568,-0.4133622432468246,-0.2780887148615228,-0.15805514242143848,-0.0525449956044786,-1.1443394423723703,0.0009717468291368866,-0.624359880068644,-0.5846832053037977,1.2098989717466637,-0.7379586553618993,-0.12594007967558501
-0.47487034055868976,2.1126898970433166,-1.3551695216382262,-0.2780887148615228,-1.239378579319294,-0.6088847908276419,-1.1693973752854308,2.6048392837203505,-0.624359880068644,0.044135223396751896,-0.008713953813132362,0.15834691179289404,-0.9876369701958448
-0.4226932120413908,-0.5020146421341568,-0.055621494090400805,3.5959747611403814,-0.5752586731930522,-0.9905566108743801,1.1251933386105102,0.03864101165487544,-0.624359880068644,-0.7660731366597254,0.12668748236017865,0.4445860781223135,1.5241150227597382
0.79030161779745,-0.5020146421341568,1.04096341454827,-0.2780887148615228,1.1616703120601948,0.7569370215440221,1.0822368821881212,-0.9927290633764603,1.7068914281359044,1.5859496399221378,0.8488284752845014,0.3906696654752717,0.6547355126601695
-0.4811557356477589,0.5874455825231237,-0.8922967972195063,-0.2780887148615228,-1.111663212756555,0.1328152007193368,-1.301846449254463,0.7707683663635289,-0.624359880068644,-0.741887812478935,0.307222730591259,0.4445860781223135,-0.8179400528484948
-0.48246818356195276,2.766366031837685,-1.171188564929208,-0.2780887148615228,-1.0946344972148565,-1.2311016865233217,-1.6741357382485005,0.7709603116620038,-0.7409224454788714,-0.9172314127896652,-0.008713953813132362,0.43066863014228446,-1.1415900662132468
0.19736811770552432,-0.5020146421341568,1.04096341454827,-0.2780887148615228,1.3319574674771801,-0.047016819820902625,0.6920490696847557,-0.582493974210551,1.7068914281359044,1.5859496399221378,0.8488284752845014,-3.7900440387618453,0.9305236200462292
-0.45892468431548167,-0.5020146421341568,-0.5929627009865802,-0.2780887148615228,-0.9243473417978714,-0.25321210774609343,-1.26246969753394,0.6266654335333468,-0.7409224454788714,-1.0321117026484194,-0.18924920204421428,0.4445860781223135,0.2076155641287445
0.3496106109663948,-0.5020146421341568,1.04096341454827,-0.2780887148615228,-0.20914128904653403,0.4393589432770216,0.2266874584422091,-0.22206868999893029,1.7068914281359044,1.5859496399221378,0.8488284752845014,0.40261456177309174,-0.6894916733132994
1.3887471061718666,-0.5020146421341568,1.04096341454827,-0.2780887148615228,1.5618451272901102,-0.5919623128132103,1.0034833787470747,-0.9112002978491613,1.7068914281359044,1.5859496399221378,0.8488284752845014,-1.269122988898919,1.6100059066515897
-0.4709022363181192,2.984258076769141,-1.3230458625303023,-0.2780887148615228,-1.2223498637775954,0.17902782089892155,-1.7564689463914125,2.6048392837203505,-0.624359880068644,-0.42143226708346265,1.3001665958622037,0.2159892553952202,-0.9976129164371681
-0.4737614978454701,-0.5020146421341568,0.27145576228118673,-0.2780887148615228,-1.0180052772772132,1.3380021461547464,-0.8150066098007223,0.14205154120833585,-0.5077973146584166,-0.0344670801908168,0.17182129441794794,0.3356573907825574,-0.3055692130655002
5.131201122209401,-0.5020146421341568,1.04096341454827,-0.2780887148615228,1.1616703120601948,-0.44719028085412155,1.1251933386105102,-1.1060247758013888,1.7068914281359044,1.5859496399221378,0.8488284752845014,0.4445860781223135,2.5656750660425147
-0.4660669789913849,-0.5020146421341568,-0.3520352576771519,-0.2780887148615228,-0.3113135822967252,0.10443833888028008,0.767222868423936,-0.6590801483021164,-0.5077973146584166,-0.11911571482358309,1.1647651596888928,0.39845028599953974,-0.014592255924805448
-0.4813739887049183,3.420042166632053,-1.2106130556525694,-0.2780887148615228,-1.1959553546879624,1.6709627323788576,-1.2660494022358055,0.6351110266662516,-0.624359880068644,-1.0865286820551978,-1.6335311878928616,0.3994365618406439,-1.2468851081606291
1.8387438960373788,-0.5020146421341568,1.04096341454827,-0.2780887148615228,0.9743544411015121,-0.6051000309111377,1.0929759962937184,-1.0918208237142313,1.7068914281359044,1.5859496399221378,0.8488284752845014,0.4445860781223135,1.2326152712501102
-0.45965561233912305,-0.5020146421341568,2.1433889884792903,-0.2780887148615228,0.446464259308858,-1.0017362824891134,1.0643383586787925,-0.978477124964684,-0.624359880068644,1.5859496399221378,0.8036946632267322,-0.13457701301512162,1.6137764478355558
-0.4677426937389717,0.042715470194483476,-0.7156166721259256,-0.2780887148615228,-1.2564072948609926,0.00700253165895554,-1.2732088116395373,1.2973223064053496,-0.624359880068644,-0.3549226255862892,0.2620889185334881,0.4445860781223135,-0.5260276836659775
0.5979957730844405,-0.5020146421341568,1.04096341454827,-0.2780887148615228,0.3442919660586669,0.40328382902440657,1.05001953987133,-1.122772003093341,1.7068914281359044,1.5859496399221378,0.8488284752845014,-0.4568700406471366,1.9835715702718724
-0.4813183268514145,2.984258076769141,-1.0704370886361745,-0.2780887148615228,-1.3500652303403338,-0.8373572007657991,-1.7707877651988753,2.603654021502267,-0.9740475762993263,-0.5363125569422169,-0.8662563829107678,0.42573725093676246,-0.49480778055098407
1.2093987550402843,-0.5020146421341568,1.04096341454827,-0.2780887148615228,1.2212708164561397,0.7409534761985089,1.017802197554538,-0.971471121570343,1.7068914281359044,1.5859496399221378,0.8488284752845014,0.4445860781223135,1.871900391790634
-0.4481834113748749,-0.5020146421341568,-0.1563729703834344,-0.2780887148615228,-0.10696899579634292,0.07290816857898778,0.7815416872313992,-0.4608966276265746,-0.624359880068644,-0.6028221984393904,0.036419858244636914,0.43801090584828434,-0.10821127535881438
-0.4209061735867965,-0.5020146421341568,-0.6966345099257888,3.5959747611403814,-0.42200023331776554,0.2806104589987697,-0.07400773651451346,-0.06841647856961211,-0.15810961842773427,-0.5846832053037977,-0.41491826233306545,0.042404707360839955,-0.6030181746732945
0.21835849561891513,-0.5020146421341568,1.04096341454827,-0.2780887148615228,1.3319574674771801,-1.1944090551179873,0.767222868423936,-0.574384285349978,1.7068914281359044,1.5859496399221378,0.8488284752845014,-1.1079216819806283,0.5532552408819676
-0.43655301356382653,-0.5020146421341568,-0.5243348838014704,-0.2780887148615228,-0.5412012421096551,0.9730929230038547,-1.0190497778070695,0.4446533042543325,-0.5077973146584166,-0.7056098262077495,0.578025602937881,0.4445860781223135,-0.9067820696179096
-0.4823041275726785,0.7181808094819975,0.5941525196835118,-0.2780887148615228,-0.7881176174642832,0.019225146304053788,-1.4199767044160327,-0.06169839312298347,-0.624359880068644,-0.8083974539761085,-0.05384776587090324,0.43833966446198547,-0.9001066267515294
-0.43490659452861014,-0.5020146421341568,1.5943664509984115,-0.2780887148615228,0.5741796258715969,0.6038333194470741,1.0679180633806586,-0.9331780345245603,-0.624359880068644,0.20133983057188928,1.3001665958622037,0.41368276843437474,0.31907147123755014
-0.47622966161267627,-0.5020146421341568,-1.0105702693895895,-0.2780887148615228,-0.39645716000521775,-0.5752701644395292,-0.7648907439746017,-0.11496321344982406,-0.5077973146584166,-0.6511928468009711,-0.775988758795226,0.4043679410461666,-0.32545755805030474
3.313226395351926,-0.5020146421341568,1.04096341454827,-0.2780887148615228,1.0424693032683061,-0.7782779572698096,0.7350055261071441,-1.0302543692283426,1.7068914281359044,1.5859496399221378,0.8488284752845014,-2.509200479780891,2.0168525047845276
-0.31177525065020495,-0.5020146421341568,1.5943664509984115,-0.2780887148615228,0.5741796258715969,-1.3723776627730662,1.0428601304675982,-0.7310596352302792,-0.624359880068644,0.20133983057188928,1.3001665958622037,0.4445860781223135,-0.004122482937500231
-0.47748937724460344,-0.5020146421341568,-0.9609246144046163,-0.2780887148615228,-0.975433488422967,-0.7195882127522892,-0.582325804179449,2.0246030423275068,-0.7409224454788714,-0.31259830826990603,0.2169551064757188,0.09073222357495736,0.02669588011564574
0.180821899358723,-0.5020146421341568,1.04096341454827,-0.2780887148615228,1.3745292563314264,-2.3716855533373087,0.6920490696847557,-1.0467136785725826,1.7068914281359044,1.5859496399221378,0.8488284752845014,-0.017867705151097514,-0.770427011327907
-0.400085710805154,-0.5020146421341568,1.5943664509984115,-0.2780887148615228,0.5741796258715969,-1.0994646610643757,1.05001953987133,-0.70399534814529,-0.624359880068644,0.20133983057188928,1.3001665958622037,0.3225070462344985,-0.16631679502740854
0.8658186403602459,-0.5020146421341568,1.04096341454827,-0.2780887148615228,0.6337801302675418,-0.25138130992512725,1.1251933386105102,-1.241854866267294,1.7068914281359044,1.5859496399221378,0.8488284752845014,0.10760849907829946,-0.46450340722157574
2.268892840771946,-0.5020146421341568,1.04096341454827,-0.2780887148615228,0.3442919660586669,-0.44948694761844094,1.1251933386105102,-1.0751695690715162,1.7068914281359044,1.5859496399221378,0.8488284752845014,-3.5893916981993774,3.0433769042630834
1.6258226585293196,-0.5020146421341568,1.04096341454827,-0.2780887148615228,1.5618451272901102,-0.8722155823834798,0.8853531235855054,-0.8598549305070717,1.7068914281359044,1.5859496399221378,0.8488284752845014,-3.603637904793108,0.8177925760748739
1.5716109427878966,-0.5020146421341568,1.04096341454827,-0.2780887148615228,0.3442919660586669,1.303082850873202,1.1251933386105102,-1.0878379587708729,1.7068914281359044,1.5859496399221378,0.8488284752845014,-3.520790734140336,1.2405696098421573
-0.4789160784370418,-0.5020146421341568,-0.9463229511737418,-0.2780887148615228,-0.9158329840270221,-0.3092820079331347,-0.8400645427137823,0.3036214961997522,-0.7409224454788714,-0.9474630680156532,0.08155367030240779,0.43461373350670235,0.04138454659991415
-0.4725823454225616,-0.5020146421341568,0.27145576228118673,-0.2780887148615228,-1.0180052772772132,-1.026857531010265,-0.843644247415648,0.3398031849623088,-0.5077973146584166,-0.0344670801908168,0.17182129441794794,0.2947817364790075,-0.5033644649586511
