CRIM,ZN,INDUS,CHAS,NOX,RM,AGE,DIS,RAD,TAX,PTRATIO,B,LSTAT,MEDV
0.00632,18.0,2.31,0,0.538,2.6312887109421585,65.2,4.09,1,296,15.3,396.9,20.230281728279934,24.0
0.02731,0.0,7.07,0,0.469,2.6222042854181464,78.9,4.9671,2,242,17.8,396.9,36.19329270703347,21.6
0.02729,0.0,7.07,0,0.469,2.6498288144889415,61.1,4.9671,2,242,17.8,392.83,16.325009022317605,34.7
0.03237,0.0,2.18,0,0.458,2.8580810473920115,45.8,6.0622,3,222,18.7,394.63,11.494901636463792,33.4
0.06905,0.0,2.18,0,0.458,2.8444066607129903,54.2,6.0622,3,222,18.7,396.9,21.968695366225628,36.2
0.02985,0.0,2.18,0,0.458,2.6609985468448647,58.7,6.0622,3,222,18.7,394.12,20.843689577612437,28.7
0.08829,12.5,7.87,0,0.524,2.5566542991327297,66.6,5.5605,5,311,15.2,395.6,48.8114032422388,22.9
0.14455,12.5,7.87,0,0.524,2.489944050407077,96.1,5.9505,5,311,15.2,396.9,76.87530646755972,27.1
0.21124,12.5,7.87,0,0.524,2.157440478141512,100.0,6.0821,5,311,15.2,386.63,119.4196252330447,16.5
0.17004,12.5,7.87,0,0.524,2.6229404048580305,85.9,6.5921,5,311,15.2,386.71,68.73822010546502,18.9
0.22489,12.5,7.87,0,0.524,2.5463493151186825,94.3,6.3467,5,311,15.2,392.52,82.08019696996855,15.0
0.11747,12.5,7.87,0,0.524,2.420117892372019,82.9,6.2267,5,311,15.2,396.9,52.84478505801951,18.9
0.09378,12.5,7.87,0,0.524,2.254176958744168,39.0,5.4509,5,311,15.2,390.5,63.19469929392231,21.7
0.62976,0.0,8.14,0,0.538,2.317414417387833,61.8,4.7075,4,307,21.0,396.9,33.04590739503824,20.4
0.63796,0.0,8.14,0,0.538,2.2891729624514077,84.5,4.4619,4,307,21.0,380.02,41.4398162911175,18.2
0.62739,0.0,8.14,0,0.538,2.353344603817492,56.5,4.4986,4,307,21.0,395.62,34.00438066604147,19.9
1.05393,0.0,8.14,0,0.538,2.3740077801715973,29.3,4.4986,4,307,21.0,386.85,25.406837860298097,23.1
0.7842,0.0,8.14,0,0.538,2.5336032269178306,81.7,4.2579,4,307,21.0,386.75,58.684671404456,17.5
0.80271,0.0,8.14,0,0.538,2.13067058578223,36.6,3.7965,4,307,21.0,288.99,46.53655884748833,20.2
0.7258,0.0,8.14,0,0.538,2.2128897110092014,69.5,3.7965,4,307,21.0,390.95,44.984193471489654,18.2
1.25179,0.0,8.14,0,0.538,2.13448882816122,98.1,3.7979,4,307,21.0,376.57,84.36305047369757,13.6
0.85204,0.0,8.14,0,0.538,2.3851272554043037,89.2,4.0123,4,307,21.0,392.53,54.92825022603152,19.6
1.23247,0.0,8.14,0,0.538,2.4633010665906436,91.7,3.9769,4,307,21.0,396.9,75.76972660462982,15.2
0.98843,0.0,8.14,0,0.538,2.4059460533326273,100.0,4.0952,4,307,21.0,394.54,78.64171078774847,14.5
0.75026,0.0,8.14,0,0.538,2.433074063909345,94.1,4.3996,4,307,21.0,394.33,64.29046486805902,15.6
0.84054,0.0,8.14,0,0.538,2.248649484884975,85.7,4.4546,4,307,21.0,303.42,66.00721662191236,13.9
0.67191,0.0,8.14,0,0.538,2.298153145077859,90.3,4.682,4,307,21.0,376.88,60.09368406125025,16.6
0.95577,0.0,8.14,0,0.538,2.3903425997272745,88.8,4.4534,4,307,21.0,306.38,69.23328396139554,14.8
0.77299,0.0,8.14,0,0.538,2.768119416963653,94.4,4.4547,4,307,21.0,387.94,50.97999899816888,18.4
1.00245,0.0,8.14,0,0.538,2.6591858951095455,87.3,4.239,4,307,21.0,380.23,48.07786804369607,21.0
1.13081,0.0,8.14,0,0.538,2.219781799947662,94.1,4.233,4,307,21.0,360.17,90.5156883774234,12.7
1.35472,0.0,8.14,0,0.538,2.340325761218968,100.0,4.175,4,307,21.0,376.73,52.249735363806174,14.5
1.38799,0.0,8.14,0,0.538,2.4169203327696764,82.0,3.99,4,307,21.0,232.6,110.99149458029095,13.2
1.15172,0.0,8.14,0,0.538,2.3234844849678464,95.0,3.7872,4,307,21.0,358.77,73.82558322911227,13.1
1.61282,0.0,8.14,0,0.538,2.5356561617674047,96.9,3.7598,4,307,21.0,248.31,81.62255493614003,13.5
0.06417,0.0,5.96,0,0.499,2.39959372766349,68.2,3.3603,5,279,19.2,396.9,38.70501035591971,18.9
0.09744,0.0,5.96,0,0.499,2.26762450466779,61.4,3.3779,5,279,19.2,377.56,45.364897441912674,20.0
0.08014,0.0,5.96,0,0.499,2.296679444506446,41.5,3.9342,5,279,19.2,396.9,35.46997637611552,21.0
0.17505,0.0,5.96,0,0.499,2.397610698825366,30.2,3.8473,5,279,19.2,393.43,40.21665829417574,24.7
0.02763,75.0,2.95,0,0.428,2.5000328688984688,21.8,5.4011,3,252,18.3,395.63,17.701630192295713,30.8
0.03359,75.0,2.95,0,0.428,2.8846462053836803,15.8,5.4011,3,252,18.3,395.62,7.005862832485782,34.9
0.12744,0.0,6.91,0,0.448,2.6076251203821625,2.9,5.7209,3,233,17.9,385.41,19.812164197891185,26.6
0.1415,0.0,6.91,0,0.448,2.571982808169477,6.6,5.7209,3,233,17.9,383.37,23.519699418173914,25.3
0.15936,0.0,6.91,0,0.448,2.4821535118467373,6.5,5.7209,3,233,17.9,394.46,29.542188948769397,24.7
0.12269,0.0,6.91,0,0.448,2.4212040434032454,40.0,5.7209,3,233,17.9,389.39,38.34568748481623,21.2
0.17142,0.0,6.91,0,0.448,2.15448447308192,33.8,5.1004,3,233,17.9,396.9,41.00482093460958,19.3
0.18836,0.0,6.91,0,0.448,2.3564296126022404,33.3,5.1004,3,233,17.9,396.9,55.71224081663258,20.0
0.22927,0.0,6.91,0,0.448,2.3102525685327993,85.5,5.6894,3,233,17.9,392.74,76.06569029080002,16.6
0.25387,0.0,6.91,0,0.448,2.123562427299271,95.3,5.87,3,233,17.9,396.9,123.96149573530221,14.4
0.21977,0.0,6.91,0,0.448,2.2720306752415897,62.0,6.0877,3,233,17.9,396.9,65.39350442063036,19.4
0.08873,21.0,5.64,0,0.439,2.5099710495589416,45.7,6.8147,4,243,16.8,395.56,53.93600150776942,19.7
0.04337,21.0,5.64,0,0.439,2.3714736462225945,63.0,6.8147,4,243,16.8,393.97,37.534565849267466,20.5
0.0536,21.0,5.64,0,0.439,2.7710054487168776,21.1,6.8147,4,243,16.8,396.9,21.172271116616038,25.0
0.04981,21.0,5.64,0,0.439,2.4143374992987594,21.4,6.8147,4,243,16.8,396.9,34.136372492476106,23.4
0.0136,75.0,4.0,0,0.41,2.4652605422713125,47.6,7.3197,3,469,21.1,396.9,60.011782873093516,18.9
0.01311,90.0,1.22,0,0.403,2.7996370521547043,21.9,8.6966,5,226,17.9,395.93,19.205632658522504,35.4
0.02055,85.0,0.74,0,0.41,2.687352925838786,35.7,9.1876,2,313,17.3,396.9,23.885728304740777,24.7
0.01432,100.0,1.32,0,0.411,2.634504997432073,40.5,8.3248,5,256,15.1,392.9,15.47491235044584,31.6
0.15445,25.0,5.13,0,0.453,2.380592562341429,29.2,7.8148,8,284,19.7,390.68,27.844751629891764,23.3
0.10328,25.0,5.13,0,0.453,2.338472429406892,47.2,6.932,8,284,19.7,396.9,36.76599309843998,19.6
0.14932,25.0,5.13,0,0.453,2.2599129552347903,66.2,7.2254,8,284,19.7,395.11,52.47663833108464,18.7
0.17171,25.0,5.13,0,0.453,2.203120722103707,93.4,6.8185,8,284,19.7,378.08,57.681971188942455,16.0
0.11027,25.0,5.13,0,0.453,2.3879839072560936,67.8,7.2255,8,284,19.7,396.9,26.598668732090395,22.2
0.1265,25.0,5.13,0,0.453,2.522709099212716,43.4,7.9809,8,284,19.7,395.58,38.79774358520647,25.0
0.01951,17.5,1.38,0,0.4161,2.6739619329634716,59.5,9.2229,3,216,18.6,393.24,32.08009646959513,33.0
0.03584,80.0,3.37,0,0.398,2.5849111351620175,17.8,6.6115,4,337,16.1,396.9,18.199529652690018,23.5
0.04379,80.0,3.37,0,0.398,2.3729645985355514,31.1,6.6115,4,337,16.1,396.9,40.77302173569674,19.4
0.05789,12.5,6.07,0,0.409,2.304762005812621,21.4,6.498,4,345,18.9,396.21,31.820122538187466,22.0
0.13554,12.5,6.07,0,0.409,2.15688084721357,36.8,6.498,4,345,18.9,396.9,52.68581140656664,17.4
0.12816,12.5,6.07,0,0.409,2.4530111155127092,33.0,6.498,4,345,18.9,396.9,34.89224076780652,20.9
0.08826,0.0,10.81,0,0.413,2.539158664957198,6.6,5.2873,4,305,19.2,383.73,26.46019335217804,24.2
0.15876,0.0,10.81,0,0.413,2.4944340922567756,17.5,5.2873,4,305,19.2,376.94,39.8860344458385,21.7
0.09164,0.0,10.81,0,0.413,2.316500252223996,7.8,5.2873,4,305,19.2,390.91,22.619446835658646,22.8
0.19539,0.0,10.81,0,0.413,2.396051887455009,6.2,5.2873,4,305,19.2,377.17,29.916693001530405,23.4
0.07896,0.0,12.83,0,0.437,2.659811648053382,6.0,4.2515,5,398,18.7,394.92,27.38883793392283,24.1
0.09512,0.0,12.83,0,0.437,2.601628293410915,45.0,4.5026,5,398,18.7,383.23,35.20817718472583,21.4
0.10153,0.0,12.83,0,0.437,2.5735633527747317,74.5,4.0522,5,398,18.7,373.66,47.849967583793415,20.0
0.08707,0.0,12.83,0,0.437,2.506309871392373,45.8,4.0905,5,398,18.7,386.96,41.30196096755826,20.8
0.05646,0.0,12.83,0,0.437,2.5309010718375964,53.7,5.0141,5,398,18.7,386.4,50.67416675043543,21.2
0.08387,0.0,12.83,0,0.437,2.248135165490618,36.6,4.5026,5,398,18.7,396.06,36.382297222976796,20.3
0.04113,25.0,4.86,0,0.426,2.659034806642416,33.5,5.4007,4,281,19.0,396.9,20.94241888914234,28.0
0.04462,25.0,4.86,0,0.426,2.727595404706393,70.4,5.4007,4,281,19.0,395.63,29.916776176855084,23.9
0.03659,25.0,4.86,0,0.426,2.4552956642777812,32.2,5.4007,4,281,19.0,396.9,26.9147006165662,24.8
0.03551,25.0,4.86,0,0.426,2.594962902230627,46.7,5.4007,4,281,19.0,390.64,31.023534311689108,22.9
0.05059,0.0,4.49,0,0.449,2.4005479266322753,48.0,4.7794,3,247,18.5,396.9,38.55332020120937,23.9
0.05735,0.0,4.49,0,0.449,2.450695933529437,56.1,4.4377,3,247,18.5,392.3,26.221190631428616,26.6
0.05188,0.0,4.49,0,0.449,2.366807129156932,45.1,4.4272,3,247,18.5,395.99,50.98643756287114,22.5
0.07151,0.0,4.49,0,0.449,2.3483057575182302,56.8,3.7476,3,247,18.5,395.15,33.525918848549736,22.2
0.0566,0.0,3.41,0,0.489,2.6368607309486602,86.3,3.4217,2,270,17.8,396.9,22.36007083917077,23.6
0.05302,0.0,3.41,0,0.489,2.8414329165321464,63.1,3.4145,2,270,17.8,396.06,22.775742624617532,28.7
0.04684,0.0,3.41,0,0.489,2.6032666000312252,66.1,3.0923,2,270,17.8,392.18,34.69187318372717,22.6
0.03932,0.0,3.41,0,0.489,2.5416870351132776,73.9,3.0921,2,270,17.8,393.55,31.82646700153143,22.0
0.04203,28.0,15.04,0,0.464,2.6357043857596443,53.6,3.6659,4,270,18.2,395.01,32.79922184652314,22.9
0.02875,28.0,15.04,0,0.464,2.4747966411497777,28.9,3.6659,4,270,18.2,396.33,24.855702779825407,25.0
0.04294,28.0,15.04,0,0.464,2.352566226989,77.3,3.615,4,270,18.2,396.9,42.17291564159974,20.6
0.12204,0.0,2.89,0,0.445,2.6293960694335152,57.8,3.4952,2,276,18.0,357.98,27.0126179944708,28.4
0.11504,0.0,2.89,0,0.445,2.329843637361104,69.6,3.4952,2,276,18.0,391.83,44.668254409052956,21.4
0.12083,0.0,2.89,0,0.445,3.4046941546305463,76.0,3.4952,2,276,18.0,396.9,17.002750475135574,38.7
0.08187,0.0,2.89,0,0.445,3.1069846020844163,36.9,3.4952,2,276,18.0,393.53,13.41514795872877,43.8
0.0686,0.0,2.89,0,0.445,3.0834467677340944,62.5,3.4952,2,276,18.0,396.9,25.016800971653215,33.2
0.14866,0.0,8.56,0,0.52,2.7995004118674713,79.9,2.7778,5,384,20.9,394.76,36.86046341846769,27.5
0.11432,0.0,8.56,0,0.52,2.7678202227683766,71.3,2.8561,5,384,20.9,395.58,30.686438067713354,26.5
0.22876,0.0,8.56,0,0.52,2.4003314908126554,85.4,2.7147,5,384,20.9,70.8,42.31135008494518,18.6
0.21161,0.0,8.56,0,0.52,2.345116389441236,87.4,2.7147,5,384,20.9,394.47,53.147654301176196,19.3
0.1396,0.0,8.56,0,0.52,2.5447986301129797,90.0,2.421,5,384,20.9,392.69,49.43425958185184,20.1
0.13262,0.0,8.56,0,0.52,2.319526034576345,96.7,2.1069,5,384,20.9,394.05,66.12715004827577,19.5
0.1712,0.0,8.56,0,0.52,2.206195416949718,91.9,2.211,5,384,20.9,395.67,75.36039845674362,19.5
0.13117,0.0,8.56,0,0.52,2.3910315963842863,85.2,2.1224,5,384,20.9,387.69,55.58973683621424,20.4
0.12802,0.0,8.56,0,0.52,2.659612898294566,97.1,2.4329,5,384,20.9,395.24,48.31941449206041,19.8
0.26363,0.0,8.56,0,0.52,2.4667190690514977,91.2,2.5451,5,384,20.9,391.23,62.29036400162077,19.4
0.10793,0.0,8.56,0,0.52,2.484671164193645,54.4,2.7778,5,384,20.9,393.49,52.81026682282783,21.7
0.10084,0.0,10.01,0,0.547,2.686011799711103,81.6,2.6775,6,432,17.8,395.59,40.89969582226497,22.8
0.12329,0.0,10.01,0,0.547,2.402149398323418,92.9,2.3534,6,432,17.8,394.95,65.22821393371792,18.8
0.22212,0.0,10.01,0,0.547,2.4922742249943766,95.4,2.548,6,432,17.8,396.9,67.71587403786289,18.7
0.14231,0.0,10.01,0,0.547,2.4138559984735792,84.2,2.2565,6,432,17.8,388.74,41.30630749521611,18.5
0.17134,0.0,10.01,0,0.547,2.5345965260441896,88.2,2.4631,6,432,17.8,344.91,62.38636198187635,18.3
0.13158,0.0,10.01,0,0.547,2.7694839932899713,72.5,2.7301,6,432,17.8,393.3,47.926329006182,21.2
0.15098,0.0,10.01,0,0.547,2.4348746388822238,82.6,2.7474,6,432,17.8,394.51,41.57182712153521,19.2
0.13058,0.0,10.01,0,0.547,2.508087799052426,73.1,2.4775,6,432,17.8,338.63,62.06431574077801,20.4
0.14476,0.0,10.01,0,0.547,2.3222360517695044,65.2,2.7592,6,432,17.8,391.5,54.96050119536382,19.3
0.06899,0.0,25.65,0,0.581,2.4725932734982106,69.7,2.2577,2,188,19.1,389.15,57.00751925895197,22.0
0.07165,0.0,25.65,0,0.581,2.2834171400994805,84.1,2.1974,2,188,19.1,377.67,57.05757409999064,20.3
0.09299,0.0,25.65,0,0.581,2.3962968570200642,92.9,2.0869,2,188,19.1,378.09,71.40921583988407,20.5
0.15038,0.0,25.65,0,0.581,2.461548449422396,97.0,1.9444,2,188,19.1,370.31,101.66304396369344,17.3
0.09849,0.0,25.65,0,0.581,2.445839079813341,95.8,2.0063,2,188,19.1,379.38,69.81230176780075,18.8
0.16902,0.0,25.65,0,0.581,2.3711104173138624,88.4,1.9929,2,188,19.1,385.02,59.53465554109374,21.4
0.38735,0.0,25.65,0,0.581,2.1160382679272938,95.6,1.7572,2,188,19.1,359.29,110.05441492289759,15.7
0.25915,0.0,21.89,0,0.624,2.463319323152273,96.0,1.7883,4,437,21.2,392.11,69.15403871445473,16.2
0.32543,0.0,21.89,0,0.624,2.6027857338802582,98.8,1.8125,4,437,21.2,396.9,61.14075206132037,18.0
0.88125,0.0,21.89,0,0.624,2.1975810177171247,94.7,1.9799,4,437,21.2,396.9,73.18408345841178,14.3
0.34006,0.0,21.89,0,0.624,2.5663026608382733,98.9,2.1185,4,437,21.2,395.04,49.63217692088123,19.2
1.19294,0.0,21.89,0,0.624,2.584481184753801,97.7,2.271,4,437,21.2,396.9,49.617544287050144,19.6
0.59005,0.0,21.89,0,0.624,2.465512340593386,97.9,2.3274,4,437,21.2,385.76,44.8599356833486,23.0
0.32982,0.0,21.89,0,0.624,2.4583150160935245,95.4,2.4699,4,437,21.2,388.69,60.36746858199407,18.4
0.97617,0.0,21.89,0,0.624,2.227036646795432,98.4,2.346,4,437,21.2,262.76,69.02174235959559,15.6
0.55778,0.0,21.89,0,0.624,2.570752621995726,98.2,2.1107,4,437,21.2,394.67,69.02856457972298,18.1
0.32264,0.0,21.89,0,0.624,2.351744856746775,93.5,1.9669,4,437,21.2,378.25,67.84409560432043,17.4
0.35233,0.0,21.89,0,0.624,2.603074451095498,98.4,1.8498,4,437,21.2,394.08,58.873771212555184,17.1
0.2498,0.0,21.89,0,0.624,2.485850365369573,98.2,1.6686,4,437,21.2,392.04,86.12843603595387,13.3
0.54452,0.0,21.89,0,0.624,2.540532979352112,97.9,1.6687,4,437,21.2,396.9,73.70724643221057,17.8
0.2909,0.0,21.89,0,0.624,2.475990061151959,93.6,1.6119,4,437,21.2,388.08,97.1806681291098,14.0
1.62864,0.0,21.89,0,0.624,1.8378361022032415,100.0,1.4394,4,437,21.2,396.9,137.46018613108623,14.4
3.32105,0.0,19.58,1,0.871,2.0111659091268743,100.0,1.3216,5,403,14.7,396.9,107.17305515527576,13.4
4.0974,0.0,19.58,0,0.871,2.2068395390841404,100.0,1.4118,5,403,14.7,396.9,106.03607093555503,15.6
2.77974,0.0,19.58,0,0.871,2.058666521640444,97.8,1.3459,5,403,14.7,396.9,115.68762433259108,11.8
2.37934,0.0,19.58,0,0.871,2.33042947032324,100.0,1.4191,5,403,14.7,172.91,111.02100757707576,13.8
2.15505,0.0,19.58,0,0.871,2.0795378516718457,100.0,1.5166,5,403,14.7,169.27,66.12564225718555,15.6
2.36862,0.0,19.58,0,0.871,1.966935332286658,95.7,1.4608,5,403,14.7,391.71,117.58797555865308,14.6
2.33099,0.0,19.58,0,0.871,2.1395342122338903,93.8,1.5296,5,403,14.7,356.99,113.4173983384817,17.8
2.73397,0.0,19.58,0,0.871,2.2368084077445913,94.9,1.5257,5,403,14.7,351.85,85.96718012191563,15.4
1.6566,0.0,19.58,0,0.871,2.3216893161981718,97.3,1.618,5,403,14.7,372.8,56.66431426592043,21.5
1.49632,0.0,19.58,0,0.871,2.107391886019159,100.0,1.5916,5,403,14.7,341.6,53.44095888214084,19.6
1.12658,0.0,19.58,1,0.871,2.09548475805738,88.0,1.6102,5,403,14.7,343.28,49.40915330425622,15.3
2.14918,0.0,19.58,0,0.871,2.4232294411475896,98.5,1.6232,5,403,14.7,261.95,63.55070021115152,19.4
1.41385,0.0,19.58,1,0.871,2.3502730281776496,96.0,1.7494,5,403,14.7,321.02,61.080191085710474,17.0
3.53501,0.0,19.58,1,0.871,2.2278879922079935,82.6,1.7455,5,403,14.7,88.01,59.76746011715327,15.6
2.44668,0.0,19.58,0,0.871,2.1413876501042166,94.0,1.7364,5,403,14.7,88.63,65.11493089910111,13.1
1.22358,0.0,19.58,0,0.605,2.69995393150579,97.4,1.8773,5,403,14.7,363.43,17.68305806362696,41.3
1.34284,0.0,19.58,0,0.605,2.484392935363463,100.0,1.7573,5,403,14.7,353.89,25.74487491861652,24.3
1.42502,0.0,19.58,0,0.871,2.4704548774008424,100.0,1.7659,5,403,14.7,364.31,30.455782864231974,23.3
1.27346,0.0,19.58,1,0.605,2.740223764963197,92.6,1.7984,5,403,14.7,338.92,21.236257598562066,27.0
1.46336,0.0,19.58,0,0.605,3.100830562004611,90.8,1.9709,5,403,14.7,374.43,8.18394499792877,50.0
1.83377,0.0,19.58,1,0.605,2.922096316525156,98.2,2.0407,5,403,14.7,389.61,7.418859815635774,50.0
1.51902,0.0,19.58,1,0.605,3.4796671438214997,93.9,2.162,5,403,14.7,388.45,13.359236981729397,50.0
2.24236,0.0,19.58,0,0.605,2.489872921119623,91.8,2.422,5,403,14.7,395.11,45.91332097464624,22.7
2.924,0.0,19.58,0,0.605,2.2908680663643035,93.0,2.2834,5,403,14.7,240.16,40.703737945781995,25.0
2.01019,0.0,19.58,0,0.605,3.2335271293183103,96.2,2.0459,5,403,14.7,369.3,13.772131639152919,50.0
1.80028,0.0,19.58,0,0.605,2.3296651163386666,79.2,2.4259,5,403,14.7,227.61,48.18552025656358,23.8
2.3004,0.0,19.58,0,0.605,2.6052585103274155,96.1,2.1,5,403,14.7,297.09,44.24938846239271,23.8
2.44953,0.0,19.58,0,0.605,2.623707346519233,95.2,2.2625,5,403,14.7,330.04,46.06957769001689,22.3
1.20742,0.0,19.58,0,0.605,2.359808000410761,94.6,2.4259,5,403,14.7,292.29,58.26729506201207,17.4
2.3139,0.0,19.58,0,0.605,2.2983240189400074,97.3,2.3887,5,403,14.7,348.13,47.959647404918215,19.1
0.13914,0.0,4.05,0,0.51,2.305581622950659,88.5,2.5961,5,296,16.6,396.9,58.79596679383202,23.1
0.09178,0.0,4.05,0,0.51,2.555696842290951,84.1,2.6463,5,296,16.6,395.5,36.585949718795995,23.6
0.08447,0.0,4.05,0,0.51,2.4401695640025656,68.7,2.7019,5,296,16.6,393.23,38.73733823080422,22.6
0.06664,0.0,4.05,0,0.51,2.7351178137182237,33.1,3.1323,5,296,16.6,390.96,21.264894739312034,29.4
0.07022,0.0,4.05,0,0.51,2.4531281507030274,47.2,3.5549,5,296,16.6,393.23,40.644636788165336,23.2
0.05425,0.0,4.05,0,0.51,2.638204254056304,73.4,3.3175,5,296,16.6,395.6,25.637290834466175,24.6
0.06642,0.0,4.05,0,0.51,2.7734609128787793,74.4,2.9153,5,296,16.6,391.27,27.95896485520105,29.9
0.0578,0.0,2.46,0,0.488,2.822307448174717,58.4,2.829,3,193,17.8,396.9,20.612492463250604,37.2
0.06588,0.0,2.46,0,0.488,3.1951328520323816,83.3,2.741,3,193,17.8,395.56,30.44953888536403,39.8
0.06888,0.0,2.46,0,0.488,2.3720698822450474,62.2,2.5979,3,193,17.8,396.9,37.51328334446408,36.2
0.09103,0.0,2.46,0,0.488,2.861978254450168,92.2,2.7006,3,193,17.8,394.12,20.034055253910118,37.9
0.10008,0.0,2.46,0,0.488,2.7917817437945507,95.6,2.847,3,193,17.8,396.9,22.80680358257844,32.5
0.08308,0.0,2.46,0,0.488,2.084607967293408,89.8,2.9879,3,193,17.8,391.0,55.61178361375768,26.4
0.06047,0.0,2.46,0,0.488,2.445944587730313,68.8,3.2797,3,193,17.8,387.11,52.937802387057545,29.6
0.05602,0.0,2.46,0,0.488,3.009565867876202,53.6,3.1992,3,193,17.8,392.63,18.33128039154126,50.0
0.07875,45.0,3.44,0,0.437,2.9615856340358366,41.1,3.7886,5,398,15.2,393.87,27.13665720707515,32.0
0.12579,45.0,3.44,0,0.437,2.733365299851363,29.1,4.5667,5,398,15.2,382.84,18.451998248283434,29.8
0.0837,45.0,3.44,0,0.437,2.8208801074348036,38.9,4.5667,5,398,15.2,396.9,21.004371288643114,34.9
0.09068,45.0,3.44,0,0.437,2.8491641680671034,21.5,6.4798,5,398,15.2,377.68,20.884135143259385,37.0
0.06911,45.0,3.44,0,0.437,2.896668471279701,30.8,6.4798,5,398,15.2,389.71,19.057112060311717,30.5
0.08664,45.0,3.44,0,0.437,2.8586469450126457,26.3,6.4798,5,398,15.2,390.49,11.77264162687077,36.4
0.02187,60.0,2.93,0,0.401,2.6861724948283197,9.9,6.2196,1,265,15.6,393.37,19.457490082896694,31.1
0.01439,60.0,2.93,0,0.401,2.5513731860919036,18.8,6.2196,1,265,15.6,376.7,17.743476812292336,29.1
0.01381,80.0,0.46,0,0.422,3.2923268558351135,32.0,5.6484,4,255,14.4,394.23,11.278892000425746,50.0
0.04011,80.0,1.52,0,0.404,3.037813341598004,34.1,7.309,2,329,12.6,396.9,16.3873764721674,33.3
0.04666,80.0,1.52,0,0.404,2.745731927598167,36.6,7.309,2,329,12.6,354.31,35.23562266338187,30.3
0.03768,80.0,1.52,0,0.404,2.9232750948900335,38.3,7.309,2,329,12.6,392.2,26.02256397547246,34.6
0.0315,95.0,1.47,0,0.403,2.8829778400011636,15.3,7.6534,3,402,17.0,396.9,18.526806874780593,34.9
0.01778,95.0,1.47,0,0.403,2.7748741635001637,13.9,7.6534,3,402,17.0,384.3,17.84769129885192,32.9
0.03445,82.5,2.03,0,0.415,2.567643779616248,38.4,6.27,2,348,14.7,393.77,29.58127834401116,24.1
0.02177,82.5,2.03,0,0.415,3.0445820283475586,15.7,6.27,2,348,14.7,395.38,12.691707733526163,42.3
0.0351,95.0,2.68,0,0.4161,3.204649586195227,33.2,5.118,4,224,14.7,392.78,14.666307115688166,48.5
0.02009,95.0,2.68,0,0.4161,3.2291805894441814,31.9,5.118,4,224,14.7,390.55,12.050432706879171,50.0
0.13642,0.0,10.59,0,0.489,2.2479302355988104,22.3,3.9454,4,277,18.6,396.9,43.467259425996446,22.6
0.22969,0.0,10.59,0,0.489,2.448784772406059,52.5,4.3549,4,277,18.6,394.87,43.78906525878208,24.4
0.25199,0.0,10.59,0,0.489,2.206695876453976,72.7,4.3549,4,277,18.6,389.43,72.30619265403853,22.5
0.13587,0.0,10.59,1,0.489,2.4096247464509166,59.1,4.2392,4,277,18.6,381.32,58.55144942200238,24.4
0.43571,0.0,10.59,1,0.489,2.138402056669778,100.0,3.875,4,277,18.6,396.9,92.6976767528948,20.0
0.17446,0.0,10.59,1,0.489,2.343872569661868,92.1,3.8771,4,277,18.6,393.25,69.01090864263458,21.7
0.37578,0.0,10.59,1,0.489,2.13986648095935,88.6,3.665,4,277,18.6,395.24,95.84757356447072,19.3
0.21719,0.0,10.59,1,0.489,2.168946827048557,53.8,3.6526,4,277,18.6,390.94,64.11668956707487,22.4
0.14052,0.0,10.59,0,0.489,2.6423028217172884,32.3,3.9454,4,277,18.6,385.81,38.37316863759317,28.1
0.28955,0.0,10.59,0,0.489,2.1333134932198994,9.8,3.5875,4,277,18.6,348.93,118.10859256922872,23.7
0.19802,0.0,10.59,0,0.489,2.5193478324851024,42.4,3.9454,4,277,18.6,393.63,37.096670034653435,25.0
0.0456,0.0,13.89,1,0.55,2.246155825346684,56.0,3.1121,5,276,16.4,392.8,53.94950266101041,23.3
0.07013,0.0,13.89,0,0.55,2.598411287036456,85.1,3.4211,5,276,16.4,392.78,38.009995927953064,28.7
0.11069,0.0,13.89,1,0.55,2.430434475841567,93.8,2.8893,5,276,16.4,396.9,72.01000311005797,21.5
0.11425,0.0,13.89,1,0.55,2.5421215221823923,92.4,3.3633,5,276,16.4,393.74,41.32457528547929,23.0
0.35809,0.0,6.2,1,0.507,2.645717828248744,88.5,2.8617,8,307,17.4,391.7,38.01283165359543,26.7
0.40771,0.0,6.2,1,0.507,2.4391271015627836,91.3,3.048,8,307,17.4,395.24,85.95526975594044,21.7
0.62356,0.0,6.2,1,0.507,2.7745202805934785,77.7,3.2721,8,307,17.4,390.39,40.70674630278304,27.5
0.6147,0.0,6.2,0,0.507,2.84513763804934,80.8,3.2721,8,307,17.4,396.9,30.07061922004722,30.1
0.31533,0.0,6.2,0,0.504,3.3571137007186094,78.3,2.8944,8,307,17.4,385.05,16.358387907659306,44.8
0.52693,0.0,6.2,0,0.504,3.529664714991308,83.0,2.8944,8,307,17.4,382.0,18.108364748580893,50.0
0.38214,0.0,6.2,0,0.504,3.2259247367774386,86.5,3.2157,8,307,17.4,387.38,13.207270908677069,37.6
0.41238,0.0,6.2,0,0.504,2.7906571258391417,79.9,3.2157,8,307,17.4,372.08,24.621161730848453,31.6
0.29819,0.0,6.2,0,0.504,2.9831062262421435,17.0,3.3751,8,307,17.4,377.51,16.067274490483832,46.7
0.44178,0.0,6.2,0,0.504,2.563252940048375,21.4,3.3751,8,307,17.4,380.34,14.346480972633866,31.5
0.537,0.0,6.2,0,0.504,2.505728719390247,68.1,3.6715,8,307,17.4,378.35,46.77518727446305,24.3
0.46296,0.0,6.2,0,0.504,3.084791933525935,76.9,3.6715,8,307,17.4,376.14,20.4863297167821,31.7
0.57529,0.0,6.2,0,0.507,3.172870936694287,73.3,3.8384,8,307,17.4,385.91,10.582526386154878,41.7
0.33147,0.0,6.2,0,0.507,3.404182798611968,70.4,3.6519,8,307,17.4,378.95,15.96190831549401,48.3
0.44791,0.0,6.2,1,0.507,2.68993554856486,66.5,3.6519,8,307,17.4,360.2,32.90458596625043,29.0
0.33045,0.0,6.2,0,0.507,2.4883632219829823,61.5,3.6519,8,307,17.4,376.75,43.52600538063217,24.0
0.52058,0.0,6.2,1,0.507,2.6447958050721696,76.5,4.148,8,307,17.4,388.45,37.96055561688003,25.1
0.51183,0.0,6.2,0,0.507,2.925724748565856,71.6,4.148,8,307,17.4,390.07,19.078599961794286,31.5
0.08244,30.0,4.93,0,0.428,2.417687947617048,18.5,6.1899,6,300,16.6,379.41,24.66941152211276,23.7
0.09252,30.0,4.93,0,0.428,2.6280657492745254,42.2,6.1899,6,300,16.6,383.78,29.387225639439666,23.3
0.11329,30.0,4.93,0,0.428,2.630054695223593,54.3,6.3361,6,300,16.6,391.25,45.99051283295617,22.0
0.10612,30.0,4.93,0,0.428,2.432134595884565,65.1,6.3361,6,300,16.6,394.62,49.30644457186024,20.1
0.1029,30.0,4.93,0,0.428,2.4613301048312324,52.9,7.0355,6,300,16.6,372.75,44.70909208056333,22.2
0.12757,30.0,4.93,0,0.428,2.5847748576939003,7.8,7.0355,6,300,16.6,374.71,21.283281899782406,23.7
0.20608,22.0,5.86,0,0.431,2.2425337963243908,76.5,7.9549,7,330,19.1,372.49,49.23094143766953,17.6
0.19133,22.0,5.86,0,0.431,2.343007348233872,70.2,7.9549,7,330,19.1,389.13,73.93313881206564,18.5
0.33983,22.0,5.86,0,0.431,2.5979321544424003,34.9,8.0555,7,330,19.1,390.18,35.674720196827586,24.3
0.19657,22.0,5.86,0,0.431,2.543503778775383,79.2,8.0555,7,330,19.1,376.14,40.55745194174715,20.5
0.16439,22.0,5.86,0,0.431,2.467290981883587,49.1,7.8265,7,330,19.1,374.71,37.580172636082835,24.5
0.19073,22.0,5.86,0,0.431,2.5869844141732297,17.5,7.8265,7,330,19.1,393.74,26.538982300832437,26.2
0.1403,22.0,5.86,0,0.431,2.6549771752564637,13.0,7.3967,7,330,19.1,396.28,24.045355512519368,24.4
0.21409,22.0,5.86,0,0.431,2.49877238429762,8.9,7.3967,7,330,19.1,377.07,15.105190902518396,24.8
0.08221,22.0,5.86,0,0.431,2.6356338328973163,6.8,8.9067,7,330,19.1,386.09,13.7755321998013,29.6
0.36894,22.0,5.86,0,0.431,3.3478018417710618,8.4,8.9067,7,330,19.1,396.9,14.459268395754652,42.8
0.04819,80.0,3.64,0,0.392,2.335664662955328,32.0,9.2203,1,315,16.4,392.89,26.427101255599602,21.9
0.03548,80.0,3.64,0,0.392,2.3509682315630647,19.1,9.2203,1,315,16.4,395.18,36.16364653599595,20.9
0.01538,90.0,3.75,0,0.394,2.990920502283773,34.2,6.3361,3,244,15.9,386.34,12.069034979178804,44.0
0.61154,20.0,3.97,0,0.647,3.5178114469139667,86.9,1.801,5,264,13.0,389.7,20.505736681308978,50.0
0.66351,20.0,3.97,0,0.647,2.8998126525497647,100.0,1.8946,5,264,13.0,383.29,30.79908325864095,36.0
0.65665,20.0,3.97,0,0.647,2.782322888326381,100.0,2.0107,5,264,13.0,391.93,27.17853207573085,30.1
0.54011,20.0,3.97,0,0.647,2.940893064771898,81.8,2.1121,5,264,13.0,392.8,38.60803250981952,33.8
0.53412,20.0,3.97,0,0.647,3.0244200918266624,89.4,2.1398,5,264,13.0,388.37,29.040682097567682,43.1
0.52014,20.0,3.97,0,0.647,3.1332668381712687,91.5,2.2885,5,264,13.0,386.86,24.124309752151113,48.8
0.82526,20.0,3.97,0,0.647,2.5482449637871856,94.5,2.0788,5,264,13.0,393.42,45.25271390532564,31.0
0.55007,20.0,3.97,0,0.647,2.679969102058182,91.6,1.9301,5,264,13.0,387.89,32.51277458425557,36.5
0.76162,20.0,3.97,0,0.647,2.299790244402641,62.8,1.9865,5,264,13.0,392.4,41.64463142861422,22.8
0.7857,20.0,3.97,0,0.647,2.642273524122193,84.6,2.1329,5,264,13.0,384.07,59.18472208531752,30.7
0.57834,20.0,3.97,0,0.575,3.3971681928072046,67.0,2.4216,5,264,13.0,384.54,29.604446029457083,50.0
0.5405,20.0,3.97,0,0.575,3.0476165500432484,52.6,2.872,5,264,13.0,390.3,12.196315490096467,43.5
0.09065,20.0,6.96,1,0.464,2.281948537021845,61.5,3.9175,3,223,18.6,391.34,54.53706503704873,20.7
0.29916,20.0,6.96,0,0.464,2.3493247331393152,42.1,4.429,3,223,18.6,388.65,51.40548167702961,21.1
0.16211,20.0,6.96,0,0.464,2.522589425139099,16.3,4.429,3,223,18.6,396.9,26.681808660450702,25.2
0.1146,20.0,6.96,0,0.464,2.480016784493841,58.7,3.9175,3,223,18.6,394.96,31.239553522367675,24.4
0.22188,20.0,6.96,1,0.464,3.1563520920778783,51.8,4.3665,3,223,18.6,390.77,25.835832739903683,35.2
0.05644,40.0,6.41,1,0.447,2.7712064021086316,32.9,4.0776,4,254,17.6,396.9,13.693856464564167,32.4
0.09604,40.0,6.41,0,0.447,2.7175792340516542,42.8,4.2673,4,254,17.6,396.9,12.58535109738367,32.0
0.10469,40.0,6.41,1,0.447,2.7738261301772664,49.0,4.7872,4,254,17.6,389.25,24.86212944008835,33.2
0.06127,40.0,6.41,1,0.447,2.685621434123108,27.6,4.8628,4,254,17.6,393.45,16.518511913875656,33.1
0.07978,40.0,6.41,0,0.447,2.591763202457221,32.1,4.1403,4,254,17.6,396.9,28.52460266476249,29.1
0.21038,20.0,3.33,0,0.4429,2.9113427581824305,32.2,4.1007,5,216,14.9,396.9,18.81648188450906,35.1
0.03578,20.0,3.33,0,0.4429,3.17825186208598,64.5,4.6947,5,216,14.9,387.31,15.876845607958796,45.4
0.03705,20.0,3.33,0,0.4429,2.94803365959279,37.2,5.2447,5,216,14.9,392.23,17.316752942972762,35.4
0.06129,20.0,3.33,1,0.4429,2.9779901114296043,49.7,5.2119,5,216,14.9,377.07,12.293051562886205,46.0
0.01501,90.0,1.21,1,0.401,3.2907444689119556,24.8,5.885,1,198,13.6,395.52,12.735999400021372,50.0
0.00906,90.0,2.97,0,0.4,2.8871989402079907,20.8,7.3073,1,285,15.3,394.72,31.840280635459713,32.2
0.01096,55.0,2.25,0,0.389,2.695491164784601,31.9,7.3073,1,300,15.3,394.72,32.71296550780528,22.0
0.01965,80.0,1.76,0,0.385,2.3022448584752495,31.5,9.0892,1,241,18.2,341.6,51.66075428316101,20.1
0.03871,52.5,5.32,0,0.405,2.2786442417355994,31.3,7.3172,6,293,16.6,396.9,28.65011855998039,23.2
0.0459,52.5,5.32,0,0.405,2.383958959437164,45.6,7.3172,6,293,16.6,396.9,31.53116355909218,22.3
0.04297,52.5,5.32,0,0.405,2.5742229823713614,22.9,7.3172,6,293,16.6,371.72,37.2446043727201,24.8
0.03502,80.0,4.95,0,0.411,2.7348265609697084,27.9,5.1167,4,245,19.2,396.9,13.018904788677517,28.5
0.07886,80.0,4.95,0,0.411,2.9091098099518704,27.7,5.1167,4,245,19.2,396.9,14.210454490991946,37.3
0.03615,80.0,4.95,0,0.411,2.6614587025910708,23.4,5.1167,4,245,19.2,396.9,19.957689587426614,27.9
0.08265,0.0,13.92,0,0.437,2.5566021969356028,18.4,5.5027,4,289,16.0,396.9,33.88915033489905,23.9
0.08199,0.0,13.92,0,0.437,2.4609295630160286,42.3,5.5027,4,289,16.0,396.9,40.93946073632586,21.7
0.12932,0.0,13.92,0,0.437,2.7817551575213275,31.1,5.9604,4,289,16.0,396.9,25.298046757626405,28.6
0.05372,0.0,13.92,0,0.437,2.6021529267129164,51.0,5.9604,4,289,16.0,392.85,29.438476966160508,27.1
0.14103,0.0,13.92,0,0.437,2.2749838747911872,58.0,6.32,4,289,16.0,396.9,63.96237199146672,20.3
0.06466,70.0,2.24,0,0.4,2.5736272018502926,20.1,7.8278,5,358,14.8,368.24,20.073136424560634,22.5
0.05561,70.0,2.24,0,0.4,2.8824160270647443,10.0,7.8278,5,358,14.8,371.58,18.7564968667564,29.0
0.04417,70.0,2.24,0,0.4,2.707366880138738,47.4,7.8278,5,358,14.8,390.86,23.9270668060054,24.8
0.03537,34.0,6.09,0,0.433,2.498503113248127,40.4,5.4917,7,329,16.1,395.75,37.15963584326108,22.0
0.09266,34.0,6.09,0,0.433,2.425648454468779,18.4,5.4917,7,329,16.1,383.61,34.29725242529727,26.4
0.1,34.0,6.09,0,0.433,2.947674717466711,17.7,5.4917,7,329,16.1,390.43,19.79837136920072,33.1
0.05515,33.0,2.18,0,0.472,2.935668527193122,41.1,4.022,7,222,18.4,393.68,27.603027965921893,36.1
0.05479,33.0,2.18,0,0.472,2.6583358674635265,58.1,3.37,7,222,18.4,393.36,36.2903893289001,28.4
0.07503,33.0,2.18,0,0.472,2.953471444516699,71.9,3.0992,7,222,18.4,396.9,26.069544325233977,33.4
0.04932,33.0,2.18,0,0.472,2.989200120481,70.3,3.1827,7,222,18.4,396.9,30.571402479636465,28.2
0.49298,0.0,9.9,0,0.544,2.5660927951323576,82.5,3.3175,4,304,18.4,396.9,17.45208959893348,22.8
0.3494,0.0,9.9,0,0.544,2.391868639465456,76.7,3.1025,4,304,18.4,396.24,40.31219080225396,20.3
2.63548,0.0,9.9,0,0.544,2.0631269696976666,37.8,2.5194,4,304,18.4,350.45,50.015099864441076,16.1
0.79041,0.0,9.9,0,0.544,2.440297283655257,52.8,2.6403,4,304,18.4,396.9,23.678199501491836,22.1
0.26169,0.0,9.9,0,0.544,2.626472860125593,90.4,2.834,4,304,18.4,396.3,46.928624057064894,19.4
0.26938,0.0,9.9,0,0.544,2.474655691642246,82.8,3.2628,4,304,18.4,393.39,32.21397503991136,21.6
0.3692,0.0,9.9,0,0.544,2.5832363797038393,87.3,3.6023,4,304,18.4,395.69,37.5610856746766,23.8
0.25356,0.0,9.9,0,0.544,2.056925052861798,77.7,3.945,4,304,18.4,396.42,46.56988717276408,16.2
0.31827,0.0,9.9,0,0.544,2.3868606823577334,83.2,3.9986,4,304,18.4,390.7,73.29261634907462,17.8
0.24522,0.0,9.9,0,0.544,2.389322105966924,71.7,4.0317,4,304,18.4,396.9,63.545761068072046,19.8
0.40202,0.0,9.9,0,0.544,2.6210292246974327,67.2,3.5325,4,304,18.4,395.21,40.48803306935498,23.1
0.47547,0.0,9.9,0,0.544,2.4233218053390084,58.8,4.0019,4,304,18.4,396.23,51.026748515588665,21.0
0.1676,0.0,7.38,0,0.493,2.520761908524473,52.3,4.5404,5,287,19.6,396.9,28.75693166119604,23.8
0.18159,0.0,7.38,0,0.493,2.430198033253497,54.3,4.5404,5,287,19.6,396.9,27.217576484356606,23.1
0.35114,0.0,7.38,0,0.493,2.486951565297849,49.9,4.7211,5,287,19.6,396.9,31.061030534640953,20.4
0.28392,0.0,7.38,0,0.493,2.3091180602008463,74.3,4.7211,5,287,19.6,391.13,46.877986181026856,18.5
0.34109,0.0,7.38,0,0.493,2.6500734560429664,40.1,4.7211,5,287,19.6,396.9,24.311333318250952,25.0
0.19186,0.0,7.38,0,0.493,2.487368534005494,14.7,5.4159,5,287,19.6,393.68,21.135598849790018,24.6
0.30347,0.0,7.38,0,0.493,2.5261889506438697,28.9,5.4159,5,287,19.6,396.9,25.141559692923007,23.0
0.24103,0.0,7.38,0,0.493,2.5709223062487108,43.7,5.4159,5,287,19.6,396.9,51.735238029615424,22.2
0.06617,0.0,3.24,0,0.46,2.46901991561852,25.8,5.2146,4,430,16.9,382.44,40.774016947179334,19.3
0.06724,0.0,3.24,0,0.46,2.4885278310962122,17.2,5.2146,4,430,16.9,375.21,29.10292170323354,22.6
0.04544,0.0,3.24,0,0.46,2.442490259407374,32.2,5.8736,4,430,16.9,368.57,36.981012482957595,19.8
0.05023,35.0,6.06,0,0.4379,2.2786823033146733,28.4,6.6407,1,304,16.9,394.02,49.568968123644,17.1
0.03466,35.0,6.06,0,0.4379,2.4460823308537587,23.3,6.6407,1,304,16.9,362.25,31.088897251890334,19.4
0.05083,0.0,5.19,0,0.515,2.405623743040572,38.1,6.4584,5,224,20.2,389.71,23.900561993194554,22.2
0.03738,0.0,5.19,0,0.515,2.597571740964649,38.5,6.4584,5,224,20.2,389.4,26.31157092090366,20.7
0.03961,0.0,5.19,0,0.515,2.5154790515233647,34.5,5.9853,5,224,20.2,396.9,32.52154995801392,21.1
0.03427,0.0,5.19,0,0.515,2.28304018949788,46.3,5.2311,5,224,20.2,396.9,39.33559337329858,19.5
0.03041,0.0,5.19,0,0.515,2.617429534858774,59.6,5.615,5,224,20.2,394.81,41.25066589915596,18.5
0.03306,0.0,5.19,0,0.515,2.5087251745813184,37.3,4.8122,5,224,20.2,396.14,33.97267404288941,20.6
0.05497,0.0,5.19,0,0.515,2.321317791147235,45.4,4.8122,5,224,20.2,396.9,39.00641146433932,19.0
0.06151,0.0,5.19,0,0.515,2.2438311954015986,58.5,4.8122,5,224,20.2,396.9,36.556276762300975,18.7
0.01301,35.0,1.52,0,0.442,2.8666225949575566,49.3,7.0379,1,284,15.5,394.74,22.48936053628493,32.7
0.02498,0.0,1.89,0,0.518,2.5102731580700706,59.7,6.2669,1,422,15.9,389.96,34.18887040799824,16.5
0.02543,55.0,3.78,0,0.484,2.708049397852849,56.4,5.7321,5,370,17.6,396.9,28.908885520557675,23.9
0.03049,55.0,3.78,0,0.484,2.7337289915157426,28.1,6.4654,5,370,17.6,387.97,19.225182020376643,31.2
0.03113,0.0,4.39,0,0.442,2.412758982644829,48.5,8.0136,3,352,18.8,385.64,41.985232581963984,17.5
0.06162,0.0,4.39,0,0.442,2.4153997404616905,52.3,8.0136,3,352,18.8,364.61,50.94501944295576,17.2
0.0187,85.0,4.15,0,0.429,2.606770088871549,27.7,8.5353,4,351,17.9,392.43,25.107204256574988,23.1
0.01501,80.0,2.01,0,0.435,2.435397804293201,29.7,8.344,4,280,17.0,390.94,24.160585706604483,24.5
0.02899,40.0,1.25,0,0.429,2.8376083999024977,34.5,8.7921,1,335,19.7,389.85,24.315098635815804,26.6
0.06211,40.0,1.25,0,0.429,2.5157457949517323,44.4,8.7921,1,335,19.7,396.9,22.83479251422162,22.9
0.0795,60.0,1.69,0,0.411,2.684809614660685,35.9,10.7103,4,411,18.3,370.78,21.997801807120446,24.1
0.07244,60.0,1.69,0,0.411,2.5872831446200326,18.5,10.7103,4,411,18.3,392.33,30.942102111420184,18.6
0.01709,90.0,2.02,0,0.41,2.631714522783554,36.1,12.1265,5,187,17.0,384.46,18.26772751878858,30.1
0.04301,80.0,1.91,0,0.413,2.256858157180518,21.9,10.5857,4,334,22.0,382.8,32.3185681409669,18.2
0.10659,80.0,1.91,0,0.413,2.137907036766276,19.5,10.5857,4,334,22.0,376.04,21.670654519652086,20.6
8.98296,0.0,18.1,1,0.77,2.3046047424420673,97.4,2.1222,24,666,20.2,377.73,70.70379819464678,17.8
3.8497,0.0,18.1,1,0.77,2.6222947508411556,91.0,2.5052,24,666,20.2,391.34,54.321350305678585,21.7
5.20177,0.0,18.1,1,0.77,2.4059308050628228,83.4,2.7227,24,666,20.2,395.43,45.458281584902046,22.7
4.26131,0.0,18.1,0,0.77,2.411308668129716,81.3,2.5091,24,666,20.2,390.74,50.873665764239,22.6
4.54192,0.0,18.1,0,0.77,2.5616181919462857,88.0,2.5182,24,666,20.2,374.56,30.18615132624762,25.0
3.83684,0.0,18.1,0,0.77,2.3886440497808987,91.1,2.2955,24,666,20.2,350.65,57.22872624088705,19.9
3.67822,0.0,18.1,0,0.77,1.9082779420540998,96.2,2.1036,24,666,20.2,380.79,40.671835882813426,20.8
4.22239,0.0,18.1,1,0.77,2.32416279939528,89.0,1.9047,24,666,20.2,353.04,57.95855546616706,16.8
3.47428,0.0,18.1,1,0.718,3.3327639695594167,82.9,1.9047,24,666,20.2,354.55,21.0640563750124,21.9
4.55587,0.0,18.1,0,0.718,1.550329878663378,87.9,1.6132,24,666,20.2,354.7,28.220377776872265,27.5
3.69695,0.0,18.1,0,0.718,1.9910810593256036,91.4,1.7523,24,666,20.2,316.03,56.650963215420575,21.9
13.5222,0.0,18.1,0,0.631,1.5514403474444498,100.0,1.5106,24,666,20.2,131.42,53.95857566995741,23.1
4.89822,0.0,18.1,0,0.631,1.9727396306164662,100.0,1.3325,24,666,20.2,375.52,12.819962686817508,50.0
5.66998,0.0,18.1,1,0.631,2.715392226814385,96.8,1.3567,24,666,20.2,375.33,14.902534169452094,50.0
6.53876,0.0,18.1,1,0.631,2.8533252942553533,97.5,1.2024,24,666,20.2,392.05,12.12697799602398,50.0
9.2323,0.0,18.1,0,0.631,2.461846220059656,100.0,1.1691,24,666,20.2,366.15,36.53581268408417,50.0
8.26725,0.0,18.1,1,0.668,2.2618953815631766,89.6,1.1296,24,666,20.2,347.88,35.59945641887709,50.0
11.1081,0.0,18.1,0,0.668,1.8208858646553048,100.0,1.1742,24,666,20.2,396.9,139.35065114541604,13.8
18.4982,0.0,18.1,0,0.668,1.6865126812824989,100.0,1.137,24,666,20.2,396.9,152.41126284673408,13.8
19.6091,0.0,18.1,0,0.671,2.7511256976092477,97.9,1.3163,24,666,20.2,396.9,53.63143552324123,15.0
15.288,0.0,18.1,0,0.671,2.615199217324057,93.3,1.3449,24,666,20.2,363.02,92.28315219386178,13.9
9.82349,0.0,18.1,0,0.671,2.847821796375923,98.8,1.358,24,666,20.2,396.9,84.03558390483109,13.3
23.6482,0.0,18.1,0,0.671,2.5941436457414744,96.2,1.3861,24,666,20.2,396.9,94.60218558380791,13.1
17.8667,0.0,18.1,0,0.671,2.517051203062665,100.0,1.3861,24,666,20.2,393.74,86.10360610156438,10.2
88.9762,0.0,18.1,0,0.671,2.818198504021323,91.9,1.4165,24,666,20.2,396.9,68.84916487215393,10.4
15.8744,0.0,18.1,0,0.671,2.6496373253167422,99.1,1.5192,24,666,20.2,396.9,84.46168119853535,10.9
9.18702,0.0,18.1,0,0.7,2.0989697795465694,100.0,1.5804,24,666,20.2,396.9,95.45553110028712,11.3
7.99248,0.0,18.1,0,0.7,2.175859541707305,100.0,1.5331,24,666,20.2,396.9,98.26813301626005,12.3
20.0849,0.0,18.1,0,0.7,1.8631694184929566,91.2,1.4395,24,666,20.2,285.83,122.03526093987087,8.8
16.8118,0.0,18.1,0,0.7,2.1040195019662393,98.1,1.4261,24,666,20.2,396.9,123.42848766032485,7.2
24.3938,0.0,18.1,0,0.7,2.0447202814086163,100.0,1.4672,24,666,20.2,396.9,112.71760751893208,10.5
22.5971,0.0,18.1,0,0.7,2.0130371129650113,89.5,1.5184,24,666,20.2,396.9,127.68815255542313,7.4
14.3337,0.0,18.1,0,0.7,2.05389076588727,100.0,1.5895,24,666,20.2,372.92,122.08684465639357,10.2
8.15174,0.0,18.1,0,0.7,2.4110986622541133,98.9,1.7281,24,666,20.2,396.9,83.94259956499666,11.5
6.96215,0.0,18.1,0,0.7,2.2929366425084203,97.0,1.9265,24,666,20.2,394.43,68.11860235142979,15.1
5.29305,0.0,18.1,0,0.7,2.459746645273668,82.5,2.1678,24,666,20.2,378.38,75.72774998729705,23.2
11.5779,0.0,18.1,0,0.7,1.987008885660883,97.0,1.77,24,666,20.2,396.9,102.44075305844582,9.7
8.64476,0.0,18.1,0,0.693,2.588843519508083,92.6,1.7912,24,666,20.2,396.9,60.55840939260177,13.8
13.3598,0.0,18.1,0,0.693,2.20962905002375,94.7,1.7821,24,666,20.2,396.9,65.63788576788498,12.7
8.71675,0.0,18.1,0,0.693,2.5248031809125737,98.8,1.7257,24,666,20.2,391.98,68.10442710870662,13.1
5.87205,0.0,18.1,0,0.693,2.65862048188436,96.0,1.6768,24,666,20.2,396.9,77.12351906230909,12.5
7.67202,0.0,18.1,0,0.693,2.2305265287228635,98.9,1.6334,24,666,20.2,393.1,79.50777854069896,8.5
38.3518,0.0,18.1,0,0.693,2.246437727713126,100.0,1.4896,24,666,20.2,396.9,121.99361163890461,5.0
9.91655,0.0,18.1,0,0.693,2.2353727203268425,77.8,1.5004,24,666,20.2,338.16,120.01188611478831,6.3
25.0461,0.0,18.1,0,0.693,2.3839946953432696,100.0,1.5888,24,666,20.2,396.9,107.09970637687081,5.6
14.2362,0.0,18.1,0,0.693,2.4822441783358804,100.0,1.5741,24,666,20.2,396.9,81.4909966355783,7.2
9.59571,0.0,18.1,0,0.693,2.6895404784106387,100.0,1.639,24,666,20.2,376.11,81.68374052830151,12.1
24.8017,0.0,18.1,0,0.693,2.1817625357603876,96.0,1.7028,24,666,20.2,396.9,78.79886196869899,8.3
41.5292,0.0,18.1,0,0.693,2.1689110460197956,85.4,1.6074,24,666,20.2,329.46,109.3664138196021,8.5
67.9208,0.0,18.1,0,0.693,2.119809389659075,100.0,1.4254,24,666,20.2,384.97,91.6603481508688,5.0
20.7162,0.0,18.1,0,0.659,1.9283581129067286,100.0,1.1781,24,666,20.2,370.22,94.4635482544812,11.9
11.9511,0.0,18.1,0,0.659,2.2480390665985603,100.0,1.2852,24,666,20.2,332.09,48.69575468450995,27.9
7.40389,0.0,18.1,0,0.597,2.3146000115573186,97.9,1.4547,24,666,20.2,314.64,105.56981944316716,17.2
14.4383,0.0,18.1,0,0.597,2.5342384648861214,100.0,1.4655,24,666,20.2,179.36,79.64010835009945,27.5
51.1358,0.0,18.1,0,0.597,2.3317836281917375,100.0,1.413,24,666,20.2,2.6,40.07709220425349,15.0
14.0507,0.0,18.1,0,0.597,2.547340890222986,100.0,1.5275,24,666,20.2,35.05,85.07173497224964,17.2
18.811,0.0,18.1,0,0.597,1.7779289137033103,100.0,1.5539,24,666,20.2,28.79,137.33764567767898,17.9
28.6558,0.0,18.1,0,0.597,2.097494746433247,100.0,1.5894,24,666,20.2,210.97,80.17221159019746,16.3
45.7461,0.0,18.1,0,0.693,1.7996618445377548,100.0,1.6582,24,666,20.2,88.27,148.41057651883625,7.0
18.0846,0.0,18.1,0,0.679,2.407239164687273,100.0,1.8347,24,666,20.2,27.25,116.73027572354701,7.2
10.8342,0.0,18.1,0,0.679,2.6315617932099484,90.8,1.8195,24,666,20.2,21.57,102.75436208521769,7.5
25.9406,0.0,18.1,0,0.679,2.1429963601368933,89.1,1.6475,24,666,20.2,127.36,106.57684486643802,10.4
73.5341,0.0,18.1,0,0.679,2.362075480774402,100.0,1.8026,24,666,20.2,16.45,81.756859778027,8.8
11.8123,0.0,18.1,0,0.718,2.7829094076895777,76.5,1.794,24,666,20.2,48.45,91.28573487015127,8.4
11.0874,0.0,18.1,0,0.718,2.383366213933905,100.0,1.8589,24,666,20.2,318.75,60.00259663005972,16.7
7.02259,0.0,18.1,0,0.718,2.5033523338091563,95.3,1.8746,24,666,20.2,319.98,63.66609074685664,14.2
12.0482,0.0,18.1,0,0.614,2.2867249406738166,87.6,1.9512,24,666,20.2,291.55,56.67081972952987,20.8
7.05042,0.0,18.1,0,0.614,2.3054857995189426,85.1,2.0218,24,666,20.2,2.52,93.1384988806126,13.4
8.79212,0.0,18.1,0,0.584,2.1893087892506093,70.6,2.0635,24,666,20.2,3.65,69.43826712334209,11.7
15.8603,0.0,18.1,0,0.679,2.3496715744183096,95.4,1.9096,24,666,20.2,7.68,98.01140661994422,8.3
12.2472,0.0,18.1,0,0.584,2.269876993516416,59.7,1.9976,24,666,20.2,24.65,62.02934591120862,10.2
37.6619,0.0,18.1,0,0.679,2.523488056263081,78.7,1.8629,24,666,20.2,18.82,57.552323163308216,10.9
7.36711,0.0,18.1,0,0.679,2.4907204732896533,78.1,1.9356,24,666,20.2,96.73,85.45544572606983,11.0
9.33889,0.0,18.1,0,0.679,2.591019237581386,95.6,1.9682,24,666,20.2,60.72,96.0142467368359,9.5
8.49213,0.0,18.1,0,0.584,2.591776720041763,86.1,2.0527,24,666,20.2,83.45,70.31882824764524,14.5
10.0623,0.0,18.1,0,0.584,2.7760638397495336,94.3,2.0882,24,666,20.2,81.33,78.6320338754739,14.1
6.44405,0.0,18.1,0,0.584,2.7125636969122717,74.8,2.2004,24,666,20.2,97.95,48.24820980448365,16.1
5.58107,0.0,18.1,0,0.713,2.5001644276841017,87.9,2.3158,24,666,20.2,100.19,63.85663939281102,14.3
13.9134,0.0,18.1,0,0.713,2.388763429571892,95.0,2.2222,24,666,20.2,100.63,60.20726055963649,11.7
11.1604,0.0,18.1,0,0.74,2.534611607381994,94.6,2.1247,24,666,20.2,109.85,93.00228404846528,13.4
14.4208,0.0,18.1,0,0.74,2.7290279537895543,93.3,2.0026,24,666,20.2,27.49,72.82894663858782,9.6
15.1772,0.0,18.1,0,0.74,2.423454892740603,100.0,1.9142,24,666,20.2,9.32,105.39790488505858,8.7
13.6781,0.0,18.1,0,0.74,2.370078618715279,87.9,1.8206,24,666,20.2,68.95,135.93430700704116,8.4
9.39063,0.0,18.1,0,0.74,2.418267169439095,93.9,1.8172,24,666,20.2,396.9,91.15547528695282,12.8
22.0511,0.0,18.1,0,0.74,2.164826418364485,92.4,1.8662,24,666,20.2,391.45,87.72052397597338,10.5
9.72418,0.0,18.1,0,0.74,2.59662300925297,97.2,2.0651,24,666,20.2,385.96,78.52548170355693,17.1
5.66637,0.0,18.1,0,0.74,2.4925931448120364,100.0,2.0048,24,666,20.2,395.69,65.98262002281804,18.4
9.96654,0.0,18.1,0,0.74,2.4358380088008538,100.0,1.9784,24,666,20.2,386.73,76.32414203196463,15.4
12.8023,0.0,18.1,0,0.74,2.1899803432820284,96.6,1.8956,24,666,20.2,240.52,95.45338055302248,10.8
10.6718,0.0,18.1,0,0.74,2.541889613060673,94.8,1.9879,24,666,20.2,43.06,95.95884229388562,11.8
6.28807,0.0,18.1,0,0.74,2.4888655306778684,96.4,2.072,24,666,20.2,318.01,70.58670679211755,14.9
9.92485,0.0,18.1,0,0.74,2.4751585223283112,96.6,2.198,24,666,20.2,388.52,66.41881080493846,12.6
9.32909,0.0,18.1,0,0.713,2.595057136880493,98.7,2.2616,24,666,20.2,396.9,72.51062988333219,14.1
7.52601,0.0,18.1,0,0.713,2.7823393376874,98.3,2.185,24,666,20.2,304.21,78.04206757787134,13.0
6.71772,0.0,18.1,0,0.713,2.622747347577336,92.6,2.3236,24,666,20.2,0.32,69.5723193158545,13.4
5.44114,0.0,18.1,0,0.713,2.4809487831772707,98.2,2.3552,24,666,20.2,355.29,71.37523892026455,15.2
5.09017,0.0,18.1,0,0.713,2.351672193079521,91.8,2.3682,24,666,20.2,385.09,69.59079248642313,16.1
8.24809,0.0,18.1,0,0.713,3.0383183628056525,99.3,2.4527,24,666,20.2,375.87,66.41045437799144,17.8
9.51363,0.0,18.1,0,0.713,2.7096590934109646,94.1,2.4961,24,666,20.2,6.68,74.3472500421574,14.9
4.75237,0.0,18.1,0,0.713,2.6457414526579943,86.5,2.4358,24,666,20.2,50.92,72.16452944766431,14.1
4.66883,0.0,18.1,0,0.713,2.4034262901192003,87.9,2.5806,24,666,20.2,10.48,75.89979484712305,12.7
8.20058,0.0,18.1,0,0.713,2.403510788770797,80.3,2.7792,24,666,20.2,3.5,66.7702003416152,13.5
7.75223,0.0,18.1,0,0.713,2.4774402611346695,83.7,2.7831,24,666,20.2,272.21,64.22559176193013,14.9
6.80117,0.0,18.1,0,0.713,2.4792208597678544,84.4,2.7175,24,666,20.2,396.9,58.578512948762835,20.0
4.81213,0.0,18.1,0,0.713,2.6966084271509287,90.0,2.5975,24,666,20.2,255.23,65.67128988622743,16.4
3.69311,0.0,18.1,0,0.713,2.5714139833803062,88.4,2.5671,24,666,20.2,391.43,58.38451513011135,17.7
6.65492,0.0,18.1,0,0.713,2.6868044116417376,83.0,2.7344,24,666,20.2,396.9,55.37179246679371,19.5
5.82115,0.0,18.1,0,0.713,2.5341533367648896,89.9,2.8016,24,666,20.2,393.82,41.17866525310509,20.2
7.83932,0.0,18.1,0,0.655,2.5474242125764386,65.4,2.9634,24,666,20.2,396.9,52.333736104669526,21.4
3.1636,0.0,18.1,0,0.655,2.342640645248512,48.2,3.0665,24,666,20.2,334.4,56.520911084545965,19.9
3.77498,0.0,18.1,0,0.655,2.349591673630529,84.7,2.8715,24,666,20.2,22.01,68.77688873381032,19.0
4.42228,0.0,18.1,0,0.584,2.341208402545327,94.5,2.5403,24,666,20.2,331.29,85.9392551314125,19.1
15.5757,0.0,18.1,0,0.58,2.333553872652436,71.0,2.9084,24,666,20.2,368.74,72.05334491555321,19.1
13.0751,0.0,18.1,0,0.58,2.2893871074097327,56.7,2.8237,24,666,20.2,396.9,58.976443035434436,20.1
4.34879,0.0,18.1,0,0.58,2.5905217620727194,84.0,3.0334,24,666,20.2,396.9,64.90973533148735,19.9
4.03841,0.0,18.1,0,0.532,2.479061860423969,90.7,3.0993,24,666,20.2,395.33,51.51136847673144,19.6
3.56868,0.0,18.1,0,0.58,2.474289028027978,75.0,2.8965,24,666,20.2,393.37,57.5413885902717,23.2
4.64689,0.0,18.1,0,0.614,2.926887987273421,67.6,2.5329,24,666,20.2,374.68,46.6582414911241,29.8
8.05579,0.0,18.1,0,0.584,2.3105183308880286,95.4,2.4298,24,666,20.2,352.58,72.37652947027107,13.8
6.39312,0.0,18.1,0,0.584,2.4867127332175714,97.4,2.206,24,666,20.2,302.76,96.57629988453238,13.3
4.87141,0.0,18.1,0,0.614,2.664349626873387,93.6,2.3053,24,666,20.2,396.21,74.28816600942173,16.7
15.0234,0.0,18.1,0,0.614,2.165132894788196,97.3,2.1007,24,666,20.2,349.48,100.30866116202876,12.0
10.233,0.0,18.1,0,0.614,2.4880273450367927,96.7,2.1705,24,666,20.2,379.7,70.5126995827349,14.6
14.3337,0.0,18.1,0,0.614,2.519533095485756,88.0,1.9512,24,666,20.2,383.32,52.89438091771923,21.4
5.82401,0.0,18.1,0,0.532,2.4435317161464067,64.7,3.4242,24,666,20.2,396.9,42.826006810393736,23.0
5.70818,0.0,18.1,0,0.532,2.726154584755543,74.9,3.3317,24,666,20.2,393.07,30.436301349936212,23.7
5.73116,0.0,18.1,0,0.532,2.853327670962629,77.0,3.4106,24,666,20.2,395.28,27.484462885187767,25.0
2.81838,0.0,18.1,0,0.532,2.2850040810243795,40.3,4.0983,24,666,20.2,392.92,41.49303346359637,21.8
2.37857,0.0,18.1,0,0.583,2.23857372218071,41.9,3.724,24,666,20.2,370.73,53.42905491185893,20.6
3.67367,0.0,18.1,0,0.583,2.612202061464829,51.9,3.9917,24,666,20.2,388.62,41.268455100691696,21.2
5.69175,0.0,18.1,0,0.583,2.6193575718280613,79.8,3.5459,24,666,20.2,392.68,59.42910295274645,19.1
4.83567,0.0,18.1,0,0.583,2.207736376377601,53.2,3.1523,24,666,20.2,388.22,46.066692458508506,20.6
0.15086,0.0,27.74,0,0.609,2.0950202761998584,92.7,1.8209,4,711,20.1,395.09,72.14939215623195,15.2
0.18337,0.0,27.74,0,0.609,2.048907427158635,98.3,1.7554,4,711,20.1,344.05,95.27940219154121,7.0
0.20746,0.0,27.74,0,0.609,1.9982011068451517,98.0,1.8226,4,711,20.1,318.43,118.6605380579399,8.1
0.10574,0.0,27.74,0,0.609,2.2855007380581767,98.8,1.8681,4,711,20.1,390.11,72.23699305585396,13.6
0.11132,0.0,27.74,0,0.609,2.2161587413247794,83.5,2.1099,4,711,20.1,396.9,52.966018362780936,20.1
0.17331,0.0,9.69,0,0.585,2.259656049360325,54.0,2.3817,6,391,19.2,396.9,47.253878728680725,21.8
0.27957,0.0,9.69,0,0.585,2.4059079529986254,42.6,2.3817,6,391,19.2,396.9,53.205548048567024,24.5
0.17899,0.0,9.69,0,0.585,2.345307760832648,28.8,2.7986,6,391,19.2,393.29,69.87645224022626,23.1
0.2896,0.0,9.69,0,0.585,1.9332230070342848,72.9,2.7986,6,391,19.2,396.9,84.05859949527057,19.7
0.26838,0.0,9.69,0,0.585,2.295919930770959,70.6,2.8927,6,391,19.2,396.9,56.46354599716937,18.3
0.23912,0.0,9.69,0,0.585,2.1806008886701087,65.3,2.4091,6,391,19.2,396.9,51.30116765802258,21.2
0.17783,0.0,9.69,0,0.585,2.260008034645591,73.5,2.3999,6,391,19.2,395.77,59.14497118912522,17.5
0.22438,0.0,9.69,0,0.585,2.3141099276931736,79.7,2.4982,6,391,19.2,396.9,57.11124366038574,16.8
0.06263,0.0,11.93,0,0.573,2.7111157113674045,69.1,2.4786,1,273,21.0,391.99,38.560641849138634,22.4
0.04527,0.0,11.93,0,0.573,2.4323310007653665,76.7,2.2875,1,273,21.0,396.9,35.59560500893286,20.6
0.06076,0.0,11.93,0,0.573,2.739766999112133,91.0,2.1675,1,273,21.0,396.9,22.57706694668654,23.9
0.10959,0.0,11.93,0,0.573,2.655196881548501,89.3,2.3889,1,273,21.0,393.45,25.41581046753612,22.0
0.04741,0.0,11.93,0,0.573,2.524466070473298,80.8,2.505,1,273,21.0,396.9,31.76150389146859,11.9
