CRIM,ZN,INDUS,CHAS,NOX,RM,AGE,DIS,RAD,TAX,PTRATIO,B,LSTAT,MEDV
0.00632,18.0,2.31,0,0.538,0.2133307463854906,65.2,4.09,1,296,15.3,396.9,182062371262.3602,24.0
0.02731,0.0,7.07,0,0.469,-0.33155528067901063,78.9,4.9671,2,242,17.8,396.9,321485595064.7479,21.6
0.02729,0.0,7.07,0,0.469,0.11791966393900485,61.1,4.9671,2,242,17.8,392.83,143644730715.9241,34.7
0.03237,0.0,2.18,0,0.458,-0.013545276532468589,45.8,6.0622,3,222,18.7,394.63,100130605058.43063,33.4
0.06905,0.0,2.18,0,0.458,0.023714106361109228,54.2,6.0622,3,222,18.7,396.9,193549971830.39777,36.2
0.02985,0.0,2.18,0,0.458,0.08000407323646815,58.7,6.0622,3,222,18.7,394.12,189617778712.5522,28.7
0.08829,12.5,7.87,0,0.524,0.0210186083606037,66.6,5.5605,5,311,15.2,395.6,434304507170.95654,22.9
0.14455,12.5,7.87,0,0.524,-0.2588533133527158,96.1,5.9505,5,311,15.2,396.9,683639305090.1951,27.1
0.21124,12.5,7.87,0,0.524,-0.04881934799198273,100.0,6.0821,5,311,15.2,386.63,1062047794742.1501,16.5
0.17004,12.5,7.87,0,0.524,-0.09380759392238647,85.9,6.5921,5,311,15.2,386.71,611518516647.1942,18.9
0.22489,12.5,7.87,0,0.524,-0.2039282122537869,94.3,6.3467,5,311,15.2,392.52,727799918668.1655,15.0
0.11747,12.5,7.87,0,0.524,-0.21093748946479884,82.9,6.2267,5,311,15.2,396.9,468171942096.10895,18.9
0.09378,12.5,7.87,0,0.524,0.02224418439015198,39.0,5.4509,5,311,15.2,390.5,562836904506.0355,21.7
0.62976,0.0,8.14,0,0.538,-0.015264309935664466,61.8,4.7075,4,307,21.0,396.9,290518183215.23285,20.4
0.63796,0.0,8.14,0,0.538,-0.07905006326132184,84.5,4.4619,4,307,21.0,380.02,370427040759.1606,18.2
0.62739,0.0,8.14,0,0.538,-0.06265407248996399,56.5,4.4986,4,307,21.0,395.62,301293724818.42706,19.9
1.05393,0.0,8.14,0,0.538,0.16182141523694307,29.3,4.4986,4,307,21.0,386.85,224359429837.3023,23.1
0.7842,0.0,8.14,0,0.538,-0.003890271558247029,81.7,4.2579,4,307,21.0,386.75,521117740678.97797,17.5
0.80271,0.0,8.14,0,0.538,0.06115835214172012,36.6,3.7965,4,307,21.0,288.99,410671944418.64874,20.2
0.7258,0.0,8.14,0,0.538,0.09736552464853543,69.5,3.7965,4,307,21.0,390.95,400263353502.95306,18.2
1.25179,0.0,8.14,0,0.538,0.2661441227265255,98.1,3.7979,4,307,21.0,376.57,745260637661.7473,13.6
0.85204,0.0,8.14,0,0.538,-0.0698598707502361,89.2,4.0123,4,307,21.0,392.53,485841264896.6777,19.6
1.23247,0.0,8.14,0,0.538,0.10295346114368871,91.7,3.9769,4,307,21.0,396.9,674940304102.4318,15.2
0.98843,0.0,8.14,0,0.538,0.051323888380730834,100.0,4.0952,4,307,21.0,394.54,697697377502.4956,14.5
0.75026,0.0,8.14,0,0.538,-0.07672326670491487,94.1,4.3996,4,307,21.0,394.33,574766792189.9946,15.6
0.84054,0.0,8.14,0,0.538,-0.036349781724916576,85.7,4.4546,4,307,21.0,303.42,590050915863.1603,13.9
0.67191,0.0,8.14,0,0.538,0.14681634335435984,90.3,4.682,4,307,21.0,376.88,533808126953.84186,16.6
0.95577,0.0,8.14,0,0.538,0.16514562753292356,88.8,4.4534,4,307,21.0,306.38,616156215376.8672,14.8
0.77299,0.0,8.14,0,0.538,0.15084246681849994,94.4,4.4547,4,307,21.0,387.94,451562996836.9548,18.4
1.00245,0.0,8.14,0,0.538,0.14237735398461596,87.3,4.239,4,307,21.0,380.23,426538792172.917,21.0
1.13081,0.0,8.14,0,0.538,-0.03548776225598055,94.1,4.233,4,307,21.0,360.17,802343630147.3904,12.7
1.35472,0.0,8.14,0,0.538,0.0871991906718907,100.0,4.175,4,307,21.0,376.73,465782683004.74615,14.5
1.38799,0.0,8.14,0,0.538,0.18002967912952192,82.0,3.99,4,307,21.0,232.6,987119647977.1996,13.2
1.15172,0.0,8.14,0,0.538,0.07142466468196104,95.0,3.7872,4,307,21.0,358.77,656618598644.4631,13.1
1.61282,0.0,8.14,0,0.538,-0.031676298379175974,96.9,3.7598,4,307,21.0,248.31,725538485604.3446,13.5
0.06417,0.0,5.96,0,0.499,-0.09392984962309045,68.2,3.3603,5,279,19.2,396.9,341197570413.8608,18.9
0.09744,0.0,5.96,0,0.499,-0.24663887992054828,61.4,3.3779,5,279,19.2,377.56,403165502998.0454,20.0
0.08014,0.0,5.96,0,0.499,-0.11003938331616565,41.5,3.9342,5,279,19.2,396.9,315878849946.57587,21.0
0.17505,0.0,5.96,0,0.499,0.10379670486689138,30.2,3.8473,5,279,19.2,393.43,358054280235.3998,24.7
0.02763,75.0,2.95,0,0.428,0.16440353883687325,21.8,5.4011,3,252,18.3,395.63,156821133305.6203,30.8
0.03359,75.0,2.95,0,0.428,-0.11048796146032802,15.8,5.4011,3,252,18.3,395.62,63875928713.19964,34.9
0.12744,0.0,6.91,0,0.448,-0.0930821228819501,2.9,5.7209,3,233,17.9,385.41,178770582294.99426,26.6
0.1415,0.0,6.91,0,0.448,-0.10492580720374826,6.6,5.7209,3,233,17.9,383.37,207967003486.6244,25.3
0.15936,0.0,6.91,0,0.448,0.010264305061093354,6.5,5.7209,3,233,17.9,394.46,265092900724.26093,24.7
0.12269,0.0,6.91,0,0.448,-0.10729158180108589,40.0,5.7209,3,233,17.9,389.39,340293512458.9146,21.2
0.17142,0.0,6.91,0,0.448,0.038036019593152164,33.8,5.1004,3,233,17.9,396.9,361814965900.6699,19.3
0.18836,0.0,6.91,0,0.448,-0.02331330336706537,33.3,5.1004,3,233,17.9,396.9,494371864613.54,20.0
0.22927,0.0,6.91,0,0.448,0.16763319611180322,85.5,5.6894,3,233,17.9,392.74,678216141118.6549,16.6
0.25387,0.0,6.91,0,0.448,0.015021702001901907,95.3,5.87,3,233,17.9,396.9,1100554802638.4058,14.4
0.21977,0.0,6.91,0,0.448,0.019174501676648546,62.0,6.0877,3,233,17.9,396.9,579725419934.2599,19.4
0.08873,21.0,5.64,0,0.439,-0.20199875019636096,45.7,6.8147,4,243,16.8,395.56,477281855071.85693,19.7
0.04337,21.0,5.64,0,0.439,0.039707993206454927,63.0,6.8147,4,243,16.8,393.97,330951515266.6189,20.5
0.0536,21.0,5.64,0,0.439,-0.1412307053852219,21.1,6.8147,4,243,16.8,396.9,192366790667.4781,25.0
0.04981,21.0,5.64,0,0.439,-0.04244725626306653,21.4,6.8147,4,243,16.8,396.9,304460977551.88196,23.4
0.0136,75.0,4.0,0,0.41,0.08402871931290702,47.6,7.3197,3,469,21.1,396.9,531519080524.4315,18.9
0.01311,90.0,1.22,0,0.403,-0.04155816847834955,21.9,8.6966,5,226,17.9,395.93,173505370145.67773,35.4
0.02055,85.0,0.74,0,0.41,0.09438395820921758,35.7,9.1876,2,313,17.3,396.9,209842997438.61908,24.7
0.01432,100.0,1.32,0,0.411,-0.2079720635225577,40.5,8.3248,5,256,15.1,392.9,136039689214.11212,31.6
0.15445,25.0,5.13,0,0.453,-0.14425704662968108,29.2,7.8148,8,284,19.7,390.68,248066594166.32913,23.3
0.10328,25.0,5.13,0,0.453,0.11684518121075942,47.2,6.932,8,284,19.7,396.9,324652840876.44824,19.6
0.14932,25.0,5.13,0,0.453,-0.21090652760284323,66.2,7.2254,8,284,19.7,395.11,470249500635.8489,18.7
0.17171,25.0,5.13,0,0.453,0.2063201645312119,93.4,6.8185,8,284,19.7,378.08,514160940073.0333,16.0
0.11027,25.0,5.13,0,0.453,-0.3029110615753749,67.8,7.2255,8,284,19.7,396.9,238700421393.32538,22.2
0.1265,25.0,5.13,0,0.453,-0.21691416200191815,43.4,7.9809,8,284,19.7,395.58,345485761021.9591,25.0
0.01951,17.5,1.38,0,0.4161,0.23893559179855303,59.5,9.2229,3,216,18.6,393.24,285643110443.3307,33.0
0.03584,80.0,3.37,0,0.398,-0.2084113827588113,17.8,6.6115,4,337,16.1,396.9,160736888526.6289,23.5
0.04379,80.0,3.37,0,0.398,-0.09172763849520013,31.1,6.6115,4,337,16.1,396.9,360992397921.5556,19.4
0.05789,12.5,6.07,0,0.409,0.14921833063987466,21.4,6.498,4,345,18.9,396.21,281513714191.8113,22.0
0.13554,12.5,6.07,0,0.409,-0.06281845022631403,36.8,6.498,4,345,18.9,396.9,467900964375.7858,17.4
0.12816,12.5,6.07,0,0.409,-0.05950552138877428,33.0,6.498,4,345,18.9,396.9,310698389800.81696,20.9
0.08826,0.0,10.81,0,0.413,-0.15474976003506447,6.6,5.2873,4,305,19.2,383.73,234573830125.96283,24.2
0.15876,0.0,10.81,0,0.413,-0.1205658415376061,17.5,5.2873,4,305,19.2,376.94,355821351783.27466,21.7
0.09164,0.0,10.81,0,0.413,-0.08318597707645731,7.8,5.2873,4,305,19.2,390.91,201808732609.77637,22.8
0.19539,0.0,10.81,0,0.413,0.18293808075635368,6.2,5.2873,4,305,19.2,377.17,264058862166.92197,23.4
0.07896,0.0,12.83,0,0.437,0.018746017231321434,6.0,4.2515,5,398,18.7,394.92,242456473112.38184,24.1
0.09512,0.0,12.83,0,0.437,-0.04735670809454767,45.0,4.5026,5,398,18.7,383.23,316453555053.34314,21.4
0.10153,0.0,12.83,0,0.437,0.08156886968178098,74.5,4.0522,5,398,18.7,373.66,425460586780.14026,20.0
0.08707,0.0,12.83,0,0.437,0.002502892877082427,45.8,4.0905,5,398,18.7,386.96,365838624063.27216,20.8
0.05646,0.0,12.83,0,0.437,0.025343899694726946,53.7,5.0141,5,398,18.7,386.4,449139864281.5895,21.2
0.08387,0.0,12.83,0,0.437,0.02397357576552006,36.6,4.5026,5,398,18.7,396.06,322719986477.82574,20.3
0.04113,25.0,4.86,0,0.426,0.07524840096932844,33.5,5.4007,4,281,19.0,396.9,186215654749.75674,28.0
0.04462,25.0,4.86,0,0.426,-0.497397737003122,70.4,5.4007,4,281,19.0,395.63,261367859859.44928,23.9
0.03659,25.0,4.86,0,0.426,-0.10368730038038462,32.2,5.4007,4,281,19.0,396.9,237781535489.6141,24.8
0.03551,25.0,4.86,0,0.426,0.02691278924603209,46.7,5.4007,4,281,19.0,390.64,279531746946.45825,22.9
0.05059,0.0,4.49,0,0.449,-0.02546784870510236,48.0,4.7794,3,247,18.5,396.9,343234125500.67993,23.9
0.05735,0.0,4.49,0,0.449,-0.05250916549723452,56.1,4.4377,3,247,18.5,392.3,231511901618.59695,26.6
0.05188,0.0,4.49,0,0.449,-0.21795073948500576,45.1,4.4272,3,247,18.5,395.99,452807704343.8516,22.5
0.07151,0.0,4.49,0,0.449,0.06884724244295326,56.8,3.7476,3,247,18.5,395.15,299384583599.55206,22.2
0.0566,0.0,3.41,0,0.489,0.10964235684439406,86.3,3.4217,2,270,17.8,396.9,199225694842.4747,23.6
0.05302,0.0,3.41,0,0.489,-0.24501994218908824,63.1,3.4145,2,270,17.8,396.06,202334569246.54712,28.7
0.04684,0.0,3.41,0,0.489,-0.05322293009199125,66.1,3.0923,2,270,17.8,392.18,307401442616.73505,22.6
0.03932,0.0,3.41,0,0.489,-0.040153103785909736,73.9,3.0921,2,270,17.8,393.55,283729719144.1833,22.0
0.04203,28.0,15.04,0,0.464,-0.26717077729983413,53.6,3.6659,4,270,18.2,395.01,293589145818.80206,22.9
0.02875,28.0,15.04,0,0.464,-0.05498935864980784,28.9,3.6659,4,270,18.2,396.33,216991175032.88095,25.0
0.04294,28.0,15.04,0,0.464,0.05834193674409316,77.3,3.615,4,270,18.2,396.9,375149528492.6319,20.6
0.12204,0.0,2.89,0,0.445,-0.08323101143095708,57.8,3.4952,2,276,18.0,357.98,235915092650.13284,28.4
0.11504,0.0,2.89,0,0.445,0.14706748531297398,69.6,3.4952,2,276,18.0,391.83,395419880972.5343,21.4
0.12083,0.0,2.89,0,0.445,-0.12346157954990658,76.0,3.4952,2,276,18.0,396.9,152254126701.44104,38.7
0.08187,0.0,2.89,0,0.445,-0.04224334976466304,36.9,3.4952,2,276,18.0,393.53,118304300900.27907,43.8
0.0686,0.0,2.89,0,0.445,-0.18240663402748544,62.5,3.4952,2,276,18.0,396.9,224203967091.96384,33.2
0.14866,0.0,8.56,0,0.52,0.0475501372099922,79.9,2.7778,5,384,20.9,394.76,328656853051.68085,27.5
0.11432,0.0,8.56,0,0.52,-0.02462725858984541,71.3,2.8561,5,384,20.9,395.58,273919097863.51215,26.5
0.22876,0.0,8.56,0,0.52,-0.21553641025756692,85.4,2.7147,5,384,20.9,70.8,376085005991.78076,18.6
0.21161,0.0,8.56,0,0.52,0.1266737890514452,87.4,2.7147,5,384,20.9,394.47,471611643364.008,19.3
0.1396,0.0,8.56,0,0.52,-0.016082171426723038,90.0,2.421,5,384,20.9,392.69,438547815236.62067,20.1
0.13262,0.0,8.56,0,0.52,-0.19317307171510745,96.7,2.1069,5,384,20.9,394.05,587605426545.2947,19.5
0.1712,0.0,8.56,0,0.52,0.17953775657255877,91.9,2.211,5,384,20.9,395.67,664769933628.9834,19.5
0.13117,0.0,8.56,0,0.52,0.04263952357430496,85.2,2.1224,5,384,20.9,387.69,494609810125.1037,20.4
0.12802,0.0,8.56,0,0.52,0.013157087870993678,97.1,2.4329,5,384,20.9,395.24,429472087731.94965,19.8
0.26363,0.0,8.56,0,0.52,-0.006433175973895276,91.2,2.5451,5,384,20.9,391.23,549995162504.8568,19.4
0.10793,0.0,8.56,0,0.52,0.12450493373306812,54.4,2.7778,5,384,20.9,393.49,471488771200.3417,21.7
0.10084,0.0,10.01,0,0.547,0.1169882679448142,81.6,2.6775,6,432,17.8,395.59,366350407134.56775,22.8
0.12329,0.0,10.01,0,0.547,0.05376411197212827,92.9,2.3534,6,432,17.8,394.95,578537717796.3982,18.8
0.22212,0.0,10.01,0,0.547,0.22939675940000856,95.4,2.548,6,432,17.8,396.9,604560589895.5132,18.7
0.14231,0.0,10.01,0,0.547,-0.07793330145776464,84.2,2.2565,6,432,17.8,388.74,368174299758.12585,18.5
0.17134,0.0,10.01,0,0.547,-0.29344021681710764,88.2,2.4631,6,432,17.8,344.91,552354552584.776,18.3
0.13158,0.0,10.01,0,0.547,-0.15179302645684561,72.5,2.7301,6,432,17.8,393.3,423497112384.14276,21.2
0.15098,0.0,10.01,0,0.547,-0.19228688922087508,82.6,2.7474,6,432,17.8,394.51,367011147542.77856,19.2
0.13058,0.0,10.01,0,0.547,0.11371358725305829,73.1,2.4775,6,432,17.8,338.63,551994675935.2579,20.4
0.14476,0.0,10.01,0,0.547,-0.05558269144687758,65.2,2.7592,6,432,17.8,391.5,488141612974.2818,19.3
0.06899,0.0,25.65,0,0.581,-0.27360364229025913,69.7,2.2577,2,188,19.1,389.15,508891745298.9803,22.0
0.07165,0.0,25.65,0,0.581,0.04139565715315734,84.1,2.1974,2,188,19.1,377.67,507000643897.1613,20.3
0.09299,0.0,25.65,0,0.581,-0.03143222166846673,92.9,2.0869,2,188,19.1,378.09,632169241754.2999,20.5
0.15038,0.0,25.65,0,0.581,-0.031051568498813076,97.0,1.9444,2,188,19.1,370.31,903599891520.9108,17.3
0.09849,0.0,25.65,0,0.581,0.0488458469473696,95.8,2.0063,2,188,19.1,379.38,621244766179.4468,18.8
0.16902,0.0,25.65,0,0.581,-0.1275554131156611,88.4,1.9929,2,188,19.1,385.02,531809205398.86707,21.4
0.38735,0.0,25.65,0,0.581,-0.04723281840826429,95.6,1.7572,2,188,19.1,359.29,978233700318.1537,15.7
0.25915,0.0,21.89,0,0.624,0.040509806838124704,96.0,1.7883,4,437,21.2,392.11,613993830140.1866,16.2
0.32543,0.0,21.89,0,0.624,0.21084339743286143,98.8,1.8125,4,437,21.2,396.9,544744050481.09766,18.0
0.88125,0.0,21.89,0,0.624,0.17329338539730943,94.7,1.9799,4,437,21.2,396.9,649590201024.8666,14.3
0.34006,0.0,21.89,0,0.624,0.0710587508710252,98.9,2.1185,4,437,21.2,395.04,442800669488.67725,19.2
1.19294,0.0,21.89,0,0.624,0.14411973709089237,97.7,2.271,4,437,21.2,396.9,441171809281.57056,19.6
0.59005,0.0,21.89,0,0.624,-0.02241628514927718,97.9,2.3274,4,437,21.2,385.76,400796383092.3144,23.0
0.32982,0.0,21.89,0,0.624,-0.07478890257684803,95.4,2.4699,4,437,21.2,388.69,536615520377.1734,18.4
0.97617,0.0,21.89,0,0.624,-0.18395920900540003,98.4,2.346,4,437,21.2,262.76,613600312584.8844,15.6
0.55778,0.0,21.89,0,0.624,0.04151589222307184,98.2,2.1107,4,437,21.2,394.67,613792134670.95,18.1
0.32264,0.0,21.89,0,0.624,-0.28154851952231985,93.5,1.9669,4,437,21.2,378.25,604599701559.0985,17.4
0.35233,0.0,21.89,0,0.624,-0.10201577553536303,98.4,1.8498,4,437,21.2,394.08,522313625721.4355,17.1
0.2498,0.0,21.89,0,0.624,0.2382869481901722,98.2,1.6686,4,437,21.2,392.04,764496304532.8666,13.3
0.54452,0.0,21.89,0,0.624,0.13169055587815773,97.9,1.6687,4,437,21.2,396.9,654819483144.6904,17.8
0.2909,0.0,21.89,0,0.624,-0.08241617706416927,93.6,1.6119,4,437,21.2,388.08,863176098829.2406,14.0
1.62864,0.0,21.89,0,0.624,-0.023645411839133997,100.0,1.4394,4,437,21.2,396.9,1224191758181.5105,14.4
3.32105,0.0,19.58,1,0.871,0.022518228418085456,100.0,1.3216,5,403,14.7,396.9,953638313061.3627,13.4
4.0974,0.0,19.58,0,0.871,-0.1132745893456855,100.0,1.4118,5,403,14.7,396.9,941518723218.4794,15.6
2.77974,0.0,19.58,0,0.871,0.04727837121995904,97.8,1.3459,5,403,14.7,396.9,1026723454372.1294,11.8
2.37934,0.0,19.58,0,0.871,-0.239771483256212,100.0,1.4191,5,403,14.7,172.91,982853043784.0934,13.8
2.15505,0.0,19.58,0,0.871,0.3489506805140729,100.0,1.5166,5,403,14.7,169.27,589303881657.9275,15.6
2.36862,0.0,19.58,0,0.871,-0.2700603822723936,95.7,1.4608,5,403,14.7,391.71,1046128387359.2556,14.6
2.33099,0.0,19.58,0,0.871,-0.10627653913246757,93.8,1.5296,5,403,14.7,356.99,1008025584614.4543,17.8
2.73397,0.0,19.58,0,0.871,0.13511883569986094,94.9,1.5257,5,403,14.7,351.85,763850569863.907,15.4
1.6566,0.0,19.58,0,0.871,-0.015513450335732315,97.3,1.618,5,403,14.7,372.8,502957989487.7707,21.5
1.49632,0.0,19.58,0,0.871,0.040447472353959464,100.0,1.5916,5,403,14.7,341.6,473077125355.7189,19.6
1.12658,0.0,19.58,1,0.871,-0.0636805185539476,88.0,1.6102,5,403,14.7,343.28,441191980787.6201,15.3
2.14918,0.0,19.58,0,0.871,-0.05701248711027214,98.5,1.6232,5,403,14.7,261.95,566310070913.3093,19.4
1.41385,0.0,19.58,1,0.871,-0.11417645715869511,96.0,1.7494,5,403,14.7,321.02,544692610577.1047,17.0
3.53501,0.0,19.58,1,0.871,-0.020322114584778162,82.6,1.7455,5,403,14.7,88.01,533499553331.8421,15.6
2.44668,0.0,19.58,0,0.871,-0.15276621946504898,94.0,1.7364,5,403,14.7,88.63,577353275721.8708,13.1
1.22358,0.0,19.58,0,0.605,-0.023122571981871495,97.4,1.8773,5,403,14.7,363.43,150763782690.45358,41.3
1.34284,0.0,19.58,0,0.605,0.1678388649352807,100.0,1.7573,5,403,14.7,353.89,225839735925.3165,24.3
1.42502,0.0,19.58,0,0.871,0.02662815442676092,100.0,1.7659,5,403,14.7,364.31,270637288400.0147,23.3
1.27346,0.0,19.58,1,0.605,0.07478909891874315,92.6,1.7984,5,403,14.7,338.92,189800023559.26227,27.0
1.46336,0.0,19.58,0,0.605,-0.013294780604625744,90.8,1.9709,5,403,14.7,374.43,72875236413.60739,50.0
1.83377,0.0,19.58,1,0.605,-0.06346311549280548,98.2,2.0407,5,403,14.7,389.61,68200764167.09195,50.0
1.51902,0.0,19.58,1,0.605,-0.07902940619173499,93.9,2.162,5,403,14.7,388.45,115148663849.92438,50.0
2.24236,0.0,19.58,0,0.605,-0.11393196717304771,91.8,2.422,5,403,14.7,395.11,406081330044.9979,22.7
2.924,0.0,19.58,0,0.605,-0.17126500613340123,93.0,2.2834,5,403,14.7,240.16,362302778236.4613,25.0
2.01019,0.0,19.58,0,0.605,0.1410419187363417,96.2,2.0459,5,403,14.7,369.3,125008185753.20584,50.0
1.80028,0.0,19.58,0,0.605,-0.0760725899926213,79.2,2.4259,5,403,14.7,227.61,426664762640.5624,23.8
2.3004,0.0,19.58,0,0.605,0.07635343928929895,96.1,2.1,5,403,14.7,297.09,389750817557.97577,23.8
2.44953,0.0,19.58,0,0.605,-0.03990727162617296,95.2,2.2625,5,403,14.7,330.04,406678832597.76556,22.3
1.20742,0.0,19.58,0,0.605,-0.06716347485212165,94.6,2.4259,5,403,14.7,292.29,514216463786.3607,17.4
2.3139,0.0,19.58,0,0.605,0.13018080494007592,97.3,2.3887,5,403,14.7,348.13,424026897102.0631,19.1
0.13914,0.0,4.05,0,0.51,0.07134137624193385,88.5,2.5961,5,296,16.6,396.9,522342280127.79047,23.1
0.09178,0.0,4.05,0,0.51,0.07662762242545776,84.1,2.6463,5,296,16.6,395.5,326399712535.475,23.6
0.08447,0.0,4.05,0,0.51,-0.05795601349582078,68.7,2.7019,5,296,16.6,393.23,343848803861.16736,22.6
0.06664,0.0,4.05,0,0.51,0.06415604474460214,33.1,3.1323,5,296,16.6,390.96,192471863781.59412,29.4
0.07022,0.0,4.05,0,0.51,0.08738058793350398,47.2,3.5549,5,296,16.6,393.23,360661688357.69836,23.2
0.05425,0.0,4.05,0,0.51,-0.06824317692490342,73.4,3.3175,5,296,16.6,395.6,228930301812.9412,24.6
0.06642,0.0,4.05,0,0.51,-0.07625504424453616,74.4,2.9153,5,296,16.6,391.27,250101061115.711,29.9
0.0578,0.0,2.46,0,0.488,0.14564062547017959,58.4,2.829,3,193,17.8,396.9,183489310030.04788,37.2
0.06588,0.0,2.46,0,0.488,-0.20151187490307107,83.3,2.741,3,193,17.8,395.56,270243122038.1252,39.8
0.06888,0.0,2.46,0,0.488,0.16121003470319528,62.2,2.5979,3,193,17.8,396.9,336342991664.1333,36.2
0.09103,0.0,2.46,0,0.488,-0.018091927223596073,92.2,2.7006,3,193,17.8,394.12,177340442116.10703,37.9
0.10008,0.0,2.46,0,0.488,-0.1203242256862655,95.6,2.847,3,193,17.8,396.9,200914532806.69962,32.5
0.08308,0.0,2.46,0,0.488,0.08932348402396462,89.8,2.9879,3,193,17.8,391.0,491237948354.7443,26.4
0.06047,0.0,2.46,0,0.488,0.17897033807018228,68.8,3.2797,3,193,17.8,387.11,471657056177.3175,29.6
0.05602,0.0,2.46,0,0.488,-0.03179531550280189,53.6,3.1992,3,193,17.8,392.63,163061720018.61148,50.0
0.07875,45.0,3.44,0,0.437,0.04978966636895136,41.1,3.7886,5,398,15.2,393.87,245412155569.61395,32.0
0.12579,45.0,3.44,0,0.437,-0.21059039515882097,29.1,4.5667,5,398,15.2,382.84,164701598663.48105,29.8
0.0837,45.0,3.44,0,0.437,-0.1664264800038181,38.9,4.5667,5,398,15.2,396.9,181947907137.91693,34.9
0.09068,45.0,3.44,0,0.437,0.16078594255580714,21.5,6.4798,5,398,15.2,377.68,182824576313.87454,37.0
0.06911,45.0,3.44,0,0.437,-0.04362255745246878,30.8,6.4798,5,398,15.2,389.71,166978910324.6075,30.5
0.08664,45.0,3.44,0,0.437,-0.17557454018802943,26.3,6.4798,5,398,15.2,390.49,104574755883.71986,36.4
0.02187,60.0,2.93,0,0.401,0.12898629581980928,9.9,6.2196,1,265,15.6,393.37,176049151313.04947,31.1
0.01439,60.0,2.93,0,0.401,-0.17483838093772305,18.8,6.2196,1,265,15.6,376.7,156248216915.24356,29.1
0.01381,80.0,0.46,0,0.422,-0.14373571186415993,32.0,5.6484,4,255,14.4,394.23,99308685016.58493,50.0
0.04011,80.0,1.52,0,0.404,-0.2752368766061064,34.1,7.309,2,329,12.6,396.9,147864247571.11832,33.3
0.04666,80.0,1.52,0,0.404,0.1134478414493083,36.6,7.309,2,329,12.6,354.31,311759571914.3447,30.3
0.03768,80.0,1.52,0,0.404,0.09116592998374304,38.3,7.309,2,329,12.6,392.2,232772514361.61017,34.6
0.0315,95.0,1.47,0,0.403,-0.04537300448460536,15.3,7.6534,3,402,17.0,396.9,168894203453.41025,34.9
0.01778,95.0,1.47,0,0.403,-0.10648021292776819,13.9,7.6534,3,402,17.0,384.3,158413780296.59293,32.9
0.03445,82.5,2.03,0,0.415,0.15669482590801564,38.4,6.27,2,348,14.7,393.77,262303569601.60678,24.1
0.02177,82.5,2.03,0,0.415,-0.21444934102874488,15.7,6.27,2,348,14.7,395.38,110425819076.77048,42.3
0.0351,95.0,2.68,0,0.4161,0.09353975014754928,33.2,5.118,4,224,14.7,392.78,130512461450.48033,48.5
0.02009,95.0,2.68,0,0.4161,-0.16806749897190626,31.9,5.118,4,224,14.7,390.55,104931583510.84705,50.0
0.13642,0.0,10.59,0,0.489,-0.03990156115401561,22.3,3.9454,4,277,18.6,396.9,385354949472.49115,22.6
0.22969,0.0,10.59,0,0.489,0.0472070963405358,52.5,4.3549,4,277,18.6,394.87,389329090920.7085,24.4
0.25199,0.0,10.59,0,0.489,0.09584427099483134,72.7,4.3549,4,277,18.6,389.43,646403749700.2367,22.5
0.13587,0.0,10.59,1,0.489,0.11398673240194777,59.1,4.2392,4,277,18.6,381.32,516698253397.0911,24.4
0.43571,0.0,10.59,1,0.489,0.03504922710633052,100.0,3.875,4,277,18.6,396.9,823542525496.2769,20.0
0.17446,0.0,10.59,1,0.489,0.04329362147847529,92.1,3.8771,4,277,18.6,393.25,612757609189.8517,21.7
0.37578,0.0,10.59,1,0.489,0.19251321192687545,88.6,3.665,4,277,18.6,395.24,852749121100.2312,19.3
0.21719,0.0,10.59,1,0.489,0.027141943655452618,53.8,3.6526,4,277,18.6,390.94,570967573807.6802,22.4
0.14052,0.0,10.59,0,0.489,-0.07267669847747747,32.3,3.9454,4,277,18.6,385.81,341272944015.49536,28.1
0.28955,0.0,10.59,0,0.489,0.02651443272789778,9.8,3.5875,4,277,18.6,348.93,1048078989071.4149,23.7
0.19802,0.0,10.59,0,0.489,-0.20031843006760747,42.4,3.9454,4,277,18.6,393.63,329011763630.7469,25.0
0.0456,0.0,13.89,1,0.55,0.1477989724510826,56.0,3.1121,5,276,16.4,392.8,477009197472.6168,23.3
0.07013,0.0,13.89,0,0.55,0.021402736931205712,85.1,3.4211,5,276,16.4,392.78,337378377081.77527,28.7
0.11069,0.0,13.89,1,0.55,-0.16963478188054545,93.8,2.8893,5,276,16.4,396.9,639638110830.8893,21.5
0.11425,0.0,13.89,1,0.55,0.232506536248654,92.4,3.3633,5,276,16.4,393.74,363527753700.11487,23.0
0.35809,0.0,6.2,1,0.507,-0.20284727899494318,88.5,2.8617,8,307,17.4,391.7,338523177568.3247,26.7
0.40771,0.0,6.2,1,0.507,-0.16826695693493204,91.3,3.048,8,307,17.4,395.24,764387396574.9742,21.7
0.62356,0.0,6.2,1,0.507,-0.17680123708442944,77.7,3.2721,8,307,17.4,390.39,362838404841.86017,27.5
0.6147,0.0,6.2,0,0.507,-0.009319546865968545,80.8,3.2721,8,307,17.4,396.9,267819609180.19757,30.1
0.31533,0.0,6.2,0,0.504,0.11079092366944648,78.3,2.8944,8,307,17.4,385.05,142913591101.07324,44.8
0.52693,0.0,6.2,0,0.504,0.04317251260416434,83.0,2.8944,8,307,17.4,382.0,159680082228.3549,50.0
0.38214,0.0,6.2,0,0.504,0.03475283457340353,86.5,3.2157,8,307,17.4,387.38,119907474802.59106,37.6
0.41238,0.0,6.2,0,0.504,0.03861742434210343,79.9,3.2157,8,307,17.4,372.08,217940316681.15976,31.6
0.29819,0.0,6.2,0,0.504,-0.10812314014194602,17.0,3.3751,8,307,17.4,377.51,144206146047.7356,46.7
0.44178,0.0,6.2,0,0.504,0.12653398210978192,21.4,3.3751,8,307,17.4,380.34,126687346086.58751,31.5
0.537,0.0,6.2,0,0.504,-0.07363658231841262,68.1,3.6715,8,307,17.4,378.35,416854995453.3295,24.3
0.46296,0.0,6.2,0,0.504,0.1467787222255138,76.9,3.6715,8,307,17.4,376.14,184080107731.35086,31.7
0.57529,0.0,6.2,0,0.507,0.06957444234657365,73.3,3.8384,8,307,17.4,385.91,94353658748.19475,41.7
0.33147,0.0,6.2,0,0.507,-0.18861498641853852,70.4,3.6519,8,307,17.4,378.95,141239331800.54517,48.3
0.44791,0.0,6.2,1,0.507,-0.06274197446119004,66.5,3.6519,8,307,17.4,360.2,291662147750.3137,29.0
0.33045,0.0,6.2,0,0.507,0.12620345539624925,61.5,3.6519,8,307,17.4,376.75,385352797007.3077,24.0
0.52058,0.0,6.2,1,0.507,-0.00826915835124964,76.5,4.148,8,307,17.4,388.45,335748034243.6107,25.1
0.51183,0.0,6.2,0,0.507,-0.0213204023258096,71.6,4.148,8,307,17.4,390.07,171083814016.1405,31.5
0.08244,30.0,4.93,0,0.428,0.02626135615668663,18.5,6.1899,6,300,16.6,379.41,223000581805.16458,23.7
0.09252,30.0,4.93,0,0.428,-0.1668033850299337,42.2,6.1899,6,300,16.6,383.78,260053412069.1688,23.3
0.11329,30.0,4.93,0,0.428,0.00745324820689805,54.3,6.3361,6,300,16.6,391.25,405716025530.0798,22.0
0.10612,30.0,4.93,0,0.428,0.14732247343496596,65.1,6.3361,6,300,16.6,394.62,435065421683.45325,20.1
0.1029,30.0,4.93,0,0.428,0.08707186531042535,52.9,7.0355,6,300,16.6,372.75,398131138435.78046,22.2
0.12757,30.0,4.93,0,0.428,0.009355642974698583,7.8,7.0355,6,300,16.6,374.71,190507565101.42117,23.7
0.20608,22.0,5.86,0,0.431,0.1597081987465368,76.5,7.9549,7,330,19.1,372.49,435198441755.2635,17.6
0.19133,22.0,5.86,0,0.431,0.17052542538576648,70.2,7.9549,7,330,19.1,389.13,656211108646.1527,18.5
0.33983,22.0,5.86,0,0.431,-0.018939631993276557,34.9,8.0555,7,330,19.1,390.18,316154968237.35614,24.3
0.19657,22.0,5.86,0,0.431,0.0546101008485813,79.2,8.0555,7,330,19.1,376.14,359564749453.1228,20.5
0.16439,22.0,5.86,0,0.431,0.23078982660672193,49.1,7.8265,7,330,19.1,374.71,332398875211.9554,24.5
0.19073,22.0,5.86,0,0.431,-0.22332965137611824,17.5,7.8265,7,330,19.1,393.74,238253934553.33212,26.2
0.1403,22.0,5.86,0,0.431,-0.002690167071332565,13.0,7.3967,7,330,19.1,396.28,213104268652.1696,24.4
0.21409,22.0,5.86,0,0.431,0.013651138723716573,8.9,7.3967,7,330,19.1,377.07,132528603550.33958,24.8
0.08221,22.0,5.86,0,0.431,-0.0017589703485260538,6.8,8.9067,7,330,19.1,386.09,123801863752.10866,29.6
0.36894,22.0,5.86,0,0.431,-0.22004405573843405,8.4,8.9067,7,330,19.1,396.9,128412828969.5019,42.8
0.04819,80.0,3.64,0,0.392,0.08643760121907082,32.0,9.2203,1,315,16.4,392.89,232569501376.33856,21.9
0.03548,80.0,3.64,0,0.392,0.0397753294521391,19.1,9.2203,1,315,16.4,395.18,318539406845.47473,20.9
0.01538,90.0,3.75,0,0.394,0.23279427608289088,34.2,6.3361,3,244,15.9,386.34,106576103524.3138,44.0
0.61154,20.0,3.97,0,0.647,-0.026640891550000795,86.9,1.801,5,264,13.0,389.7,179050794185.24182,50.0
0.66351,20.0,3.97,0,0.647,-0.3041742962894355,100.0,1.8946,5,264,13.0,383.29,274450620908.74503,36.0
0.65665,20.0,3.97,0,0.647,-0.16244657188410697,100.0,2.0107,5,264,13.0,391.93,243569025915.23813,30.1
0.54011,20.0,3.97,0,0.647,0.023259737789068452,81.8,2.1121,5,264,13.0,392.8,340305174465.5644,33.8
0.53412,20.0,3.97,0,0.647,-0.04095612130404139,89.4,2.1398,5,264,13.0,388.37,257353638460.46573,43.1
0.52014,20.0,3.97,0,0.647,-0.26054770150010736,91.5,2.2885,5,264,13.0,386.86,214614472455.94452,48.8
0.82526,20.0,3.97,0,0.647,-0.2333817677092449,94.5,2.0788,5,264,13.0,393.42,399205978134.81964,31.0
0.55007,20.0,3.97,0,0.647,-0.18076871705129066,91.6,1.9301,5,264,13.0,387.89,287406391860.33453,36.5
0.76162,20.0,3.97,0,0.647,-0.12758922456882554,62.8,1.9865,5,264,13.0,392.4,368706712049.6776,22.8
0.7857,20.0,3.97,0,0.647,-0.006003599540040764,84.6,2.1329,5,264,13.0,384.07,522208992055.5516,30.7
0.57834,20.0,3.97,0,0.575,0.10054094080516139,67.0,2.4216,5,264,13.0,384.54,266552843054.4531,50.0
0.5405,20.0,3.97,0,0.575,-0.1991191012851512,52.6,2.872,5,264,13.0,390.3,110498818694.89474,43.5
0.09065,20.0,6.96,1,0.464,-0.08182709186346024,61.5,3.9175,3,223,18.6,391.34,482535876284.39575,20.7
0.29916,20.0,6.96,0,0.464,-0.07817799459936066,42.1,4.429,3,223,18.6,388.65,455925587149.0656,21.1
0.16211,20.0,6.96,0,0.464,0.11043030370479842,16.3,4.429,3,223,18.6,396.9,238716971763.9737,25.2
0.1146,20.0,6.96,0,0.464,0.0714171319738304,58.7,3.9175,3,223,18.6,394.96,277817185287.5237,24.4
0.22188,20.0,6.96,1,0.464,0.13471134234735363,51.8,4.3665,3,223,18.6,390.77,230779388826.3952,35.2
0.05644,40.0,6.41,1,0.447,-0.10172183379052102,32.9,4.0776,4,254,17.6,396.9,120777742852.94087,32.4
0.09604,40.0,6.41,0,0.447,-0.014150588569056766,42.8,4.2673,4,254,17.6,396.9,112039777692.75705,32.0
0.10469,40.0,6.41,1,0.447,0.060887624476090765,49.0,4.7872,4,254,17.6,389.25,221307668870.25894,33.2
0.06127,40.0,6.41,1,0.447,0.1487022165451752,27.6,4.8628,4,254,17.6,393.45,148728039986.28333,33.1
0.07978,40.0,6.41,0,0.447,-0.2512977489394287,32.1,4.1403,4,254,17.6,396.9,252423828319.78406,29.1
0.21038,20.0,3.33,0,0.4429,0.15040889817625241,32.2,4.1007,5,216,14.9,396.9,165368919326.67175,35.1
0.03578,20.0,3.33,0,0.4429,-0.12697445395254547,64.5,4.6947,5,216,14.9,387.31,142375052712.87762,45.4
0.03705,20.0,3.33,0,0.4429,0.11890889000478726,37.2,5.2447,5,216,14.9,392.23,152272756413.11877,35.4
0.06129,20.0,3.33,1,0.4429,0.2533189492958888,49.7,5.2119,5,216,14.9,377.07,114031085521.45718,46.0
0.01501,90.0,1.21,1,0.401,0.04830774279599272,24.8,5.885,1,198,13.6,395.52,115259874880.41716,50.0
0.00906,90.0,2.97,0,0.4,-0.4879980981404171,20.8,7.3073,1,285,15.3,394.72,279865591210.6816,32.2
0.01096,55.0,2.25,0,0.389,0.15891415192455627,31.9,7.3073,1,300,15.3,394.72,289612141800.1419,22.0
0.01965,80.0,1.76,0,0.385,-0.07155792805568707,31.5,9.0892,1,241,18.2,341.6,460688435348.97986,20.1
0.03871,52.5,5.32,0,0.405,-0.015599826449746619,31.3,7.3172,6,293,16.6,396.9,253114762108.46152,23.2
0.0459,52.5,5.32,0,0.405,0.3457616829102358,45.6,7.3172,6,293,16.6,396.9,277819835908.0286,22.3
0.04297,52.5,5.32,0,0.405,0.046390954121376615,22.9,7.3172,6,293,16.6,371.72,331199537089.51843,24.8
0.03502,80.0,4.95,0,0.411,-0.14043862338635074,27.9,5.1167,4,245,19.2,396.9,114863728228.46027,28.5
0.07886,80.0,4.95,0,0.411,0.012549138321455336,27.7,5.1167,4,245,19.2,396.9,128278938966.32425,37.3
0.03615,80.0,4.95,0,0.411,0.017020831452434576,23.4,5.1167,4,245,19.2,396.9,175675963753.96582,27.9
0.08265,0.0,13.92,0,0.437,0.09512269333681579,18.4,5.5027,4,289,16.0,396.9,299437330200.50256,23.9
0.08199,0.0,13.92,0,0.437,-0.009723556558863434,42.3,5.5027,4,289,16.0,396.9,362193781020.5734,21.7
0.12932,0.0,13.92,0,0.437,-0.09736531234078435,31.1,5.9604,4,289,16.0,396.9,225726447412.44336,28.6
0.05372,0.0,13.92,0,0.437,-0.08077889564014151,51.0,5.9604,4,289,16.0,392.85,261595997289.56628,27.1
0.14103,0.0,13.92,0,0.437,0.056662998559810336,58.0,6.32,4,289,16.0,396.9,566207296655.5548,20.3
0.06466,70.0,2.24,0,0.4,0.02980579995702786,20.1,7.8278,5,358,14.8,368.24,181543710088.25156,22.5
0.05561,70.0,2.24,0,0.4,0.1250297448760103,10.0,7.8278,5,358,14.8,371.58,161702003697.3677,29.0
0.04417,70.0,2.24,0,0.4,-0.06754121791701145,47.4,7.8278,5,358,14.8,390.86,213036475813.68793,24.8
0.03537,34.0,6.09,0,0.433,-0.28581441011285347,40.4,5.4917,7,329,16.1,395.75,328051246386.2884,22.0
0.09266,34.0,6.09,0,0.433,0.2258865941534433,18.4,5.4917,7,329,16.1,383.61,306507480602.869,26.4
0.1,34.0,6.09,0,0.433,-0.05331800201092328,17.7,5.4917,7,329,16.1,390.43,171216261419.15155,33.1
0.05515,33.0,2.18,0,0.472,-0.2858440582390703,41.1,4.022,7,222,18.4,393.68,246060132001.55893,36.1
0.05479,33.0,2.18,0,0.472,0.05484674806510664,58.1,3.37,7,222,18.4,393.36,324854463596.1555,28.4
0.07503,33.0,2.18,0,0.472,0.04808272913105798,71.9,3.0992,7,222,18.4,396.9,231811406983.94205,33.4
0.04932,33.0,2.18,0,0.472,0.1281603473551611,70.3,3.1827,7,222,18.4,396.9,275054807440.5877,28.2
0.49298,0.0,9.9,0,0.544,0.06202852866416452,82.5,3.3175,4,304,18.4,396.9,153842675418.6383,22.8
0.3494,0.0,9.9,0,0.544,-0.22803514644781178,76.7,3.1025,4,304,18.4,396.24,360745454195.4977,20.3
2.63548,0.0,9.9,0,0.544,0.05831287572908628,37.8,2.5194,4,304,18.4,350.45,445471713560.3647,16.1
0.79041,0.0,9.9,0,0.544,0.11310584013184076,52.8,2.6403,4,304,18.4,396.9,208275487699.1855,22.1
0.26169,0.0,9.9,0,0.544,0.05042829654243108,90.4,2.834,4,304,18.4,396.3,415419257463.5226,19.4
0.26938,0.0,9.9,0,0.544,-0.08972339997984059,82.8,3.2628,4,304,18.4,393.39,289518146273.6434,21.6
0.3692,0.0,9.9,0,0.544,0.05088194695127535,87.3,3.6023,4,304,18.4,395.69,334819866066.20807,23.8
0.25356,0.0,9.9,0,0.544,0.12813387685350078,77.7,3.945,4,304,18.4,396.42,415157883542.8771,16.2
0.31827,0.0,9.9,0,0.544,-0.22471329403485932,83.2,3.9986,4,304,18.4,390.7,648971554932.3297,17.8
0.24522,0.0,9.9,0,0.544,-0.05283421083407275,71.7,4.0317,4,304,18.4,396.9,566278038446.6984,19.8
0.40202,0.0,9.9,0,0.544,-0.07415667262636803,67.2,3.5325,4,304,18.4,395.21,360235357555.4324,23.1
0.47547,0.0,9.9,0,0.544,0.24403033881452202,58.8,4.0019,4,304,18.4,396.23,454466014318.54236,21.0
0.1676,0.0,7.38,0,0.493,0.16870382611080495,52.3,4.5404,5,287,19.6,396.9,255577623149.88895,23.8
0.18159,0.0,7.38,0,0.493,0.0748873407960132,54.3,4.5404,5,287,19.6,396.9,240536856077.8554,23.1
0.35114,0.0,7.38,0,0.493,-0.07869985210420447,49.9,4.7211,5,287,19.6,396.9,277868355581.89105,20.4
0.28392,0.0,7.38,0,0.493,0.1922645364401973,74.3,4.7211,5,287,19.6,391.13,413889500415.2425,18.5
0.34109,0.0,7.38,0,0.493,0.28031804248795567,40.1,4.7211,5,287,19.6,396.9,215520378517.63132,25.0
0.19186,0.0,7.38,0,0.493,0.15348777804418182,14.7,5.4159,5,287,19.6,393.68,189437385889.1103,24.6
0.30347,0.0,7.38,0,0.493,-0.032969918752651636,28.9,5.4159,5,287,19.6,396.9,221003282435.31186,23.0
0.24103,0.0,7.38,0,0.493,0.020537121206205645,43.7,5.4159,5,287,19.6,396.9,458179908846.012,22.2
0.06617,0.0,3.24,0,0.46,0.06801808405941906,25.8,5.2146,4,430,16.9,382.44,363331895428.8201,19.3
0.06724,0.0,3.24,0,0.46,-0.008459081512534692,17.2,5.2146,4,430,16.9,375.21,258010720281.73044,22.6
0.04544,0.0,3.24,0,0.46,0.014719592406742714,32.2,5.8736,4,430,16.9,368.57,330589558278.3947,19.8
0.05023,35.0,6.06,0,0.4379,-0.16819227222648503,28.4,6.6407,1,304,16.9,394.02,439201319373.23364,17.1
0.03466,35.0,6.06,0,0.4379,-0.06415183181074278,23.3,6.6407,1,304,16.9,362.25,275760570469.5566,19.4
0.05083,0.0,5.19,0,0.515,0.25954619585636396,38.1,6.4584,5,224,20.2,389.71,211736480059.41336,22.2
0.03738,0.0,5.19,0,0.515,-0.014454593218411145,38.5,6.4584,5,224,20.2,389.4,235985646097.66782,20.7
0.03961,0.0,5.19,0,0.515,-0.1299805718725461,34.5,5.9853,5,224,20.2,396.9,289696539254.4845,21.1
0.03427,0.0,5.19,0,0.515,0.21135481928370062,46.3,5.2311,5,224,20.2,396.9,348856306544.6174,19.5
0.03041,0.0,5.19,0,0.515,-0.007356945208349718,59.6,5.615,5,224,20.2,394.81,365618529743.1821,18.5
0.03306,0.0,5.19,0,0.515,0.3361385102047374,37.3,4.8122,5,224,20.2,396.14,302848764608.3497,20.6
0.05497,0.0,5.19,0,0.515,-0.1803839803060959,45.4,4.8122,5,224,20.2,396.9,347237575660.972,19.0
0.06151,0.0,5.19,0,0.515,-0.16748366748808338,58.5,4.8122,5,224,20.2,396.9,324297508522.72015,18.7
0.01301,35.0,1.52,0,0.442,-0.07178100167082048,49.3,7.0379,1,284,15.5,394.74,203269086411.25494,32.7
0.02498,0.0,1.89,0,0.518,0.28855563874943513,59.7,6.2669,1,422,15.9,389.96,296983653530.53076,16.5
0.02543,55.0,3.78,0,0.484,0.12878810443488756,56.4,5.7321,5,370,17.6,396.9,256918938181.87506,23.9
0.03049,55.0,3.78,0,0.484,0.11673833926123903,28.1,6.4654,5,370,17.6,387.97,170313520488.49384,31.2
0.03113,0.0,4.39,0,0.442,0.16271130409528595,48.5,8.0136,3,352,18.8,385.64,373843312239.97614,17.5
0.06162,0.0,4.39,0,0.442,0.01145676608165928,52.3,8.0136,3,352,18.8,364.61,449006255950.2057,17.2
0.0187,85.0,4.15,0,0.429,0.13435786807815267,27.7,8.5353,4,351,17.9,392.43,221216314512.8437,23.1
0.01501,80.0,2.01,0,0.435,-0.18721978361991248,29.7,8.344,4,280,17.0,390.94,213162621292.74878,24.5
0.02899,40.0,1.25,0,0.429,-0.07772676380975224,34.5,8.7921,1,335,19.7,389.85,219284298829.03183,26.6
0.06211,40.0,1.25,0,0.429,0.03334048737533659,44.4,8.7921,1,335,19.7,396.9,201611418420.60638,22.9
0.0795,60.0,1.69,0,0.411,-0.06164664364509667,35.9,10.7103,4,411,18.3,370.78,195117832429.8772,24.1
0.07244,60.0,1.69,0,0.411,-0.05122874474000963,18.5,10.7103,4,411,18.3,392.33,275893065023.5096,18.6
0.01709,90.0,2.02,0,0.41,0.17196860814414405,36.1,12.1265,5,187,17.0,384.46,163112037004.3159,30.1
0.04301,80.0,1.91,0,0.413,-0.16460208330181295,21.9,10.5857,4,334,22.0,382.8,286470836975.1905,18.2
0.10659,80.0,1.91,0,0.413,-0.14443156857518147,19.5,10.5857,4,334,22.0,376.04,192742129416.4868,20.6
8.98296,0.0,18.1,1,0.77,-0.1005024654693138,97.4,2.1222,24,666,20.2,377.73,630313761411.7749,17.8
3.8497,0.0,18.1,1,0.77,-0.25033189344466267,91.0,2.5052,24,666,20.2,391.34,482894451018.6601,21.7
5.20177,0.0,18.1,1,0.77,-0.1306216814776573,83.4,2.7227,24,666,20.2,395.43,405020213857.068,22.7
4.26131,0.0,18.1,0,0.77,-0.14818681818235313,81.3,2.5091,24,666,20.2,390.74,450816331365.3411,22.6
4.54192,0.0,18.1,0,0.77,0.11140683426605673,88.0,2.5182,24,666,20.2,374.56,267304747393.5301,25.0
3.83684,0.0,18.1,0,0.77,0.11488831691462323,91.1,2.2955,24,666,20.2,350.65,507878517825.2292,19.9
3.67822,0.0,18.1,0,0.77,-0.058164542267720304,96.2,2.1036,24,666,20.2,380.79,362349912204.4706,20.8
4.22239,0.0,18.1,1,0.77,0.008660955397339604,89.0,1.9047,24,666,20.2,353.04,512081806895.4819,16.8
3.47428,0.0,18.1,1,0.718,-0.12811846552071438,82.9,1.9047,24,666,20.2,354.55,189803200491.69696,21.9
4.55587,0.0,18.1,0,0.718,-0.013768729919801131,87.9,1.6132,24,666,20.2,354.7,249335958512.5982,27.5
3.69695,0.0,18.1,0,0.718,-0.062223498777996995,91.4,1.7523,24,666,20.2,316.03,502793776293.29926,21.9
13.5222,0.0,18.1,0,0.631,-0.42478195716349265,100.0,1.5106,24,666,20.2,131.42,479721886648.5538,23.1
4.89822,0.0,18.1,0,0.631,0.08261238230878458,100.0,1.3325,24,666,20.2,375.52,112849286365.28299,50.0
5.66998,0.0,18.1,1,0.631,0.05128265148993076,96.8,1.3567,24,666,20.2,375.33,133481581374.62418,50.0
6.53876,0.0,18.1,1,0.631,-0.008487017124071017,97.5,1.2024,24,666,20.2,392.05,107249332858.02606,50.0
9.2323,0.0,18.1,0,0.631,-0.03159934299531994,100.0,1.1691,24,666,20.2,366.15,326273333824.2484,50.0
8.26725,0.0,18.1,1,0.668,-0.12358877758893583,89.6,1.1296,24,666,20.2,347.88,314221391440.85693,50.0
11.1081,0.0,18.1,0,0.668,0.0014200914429331468,100.0,1.1742,24,666,20.2,396.9,1238497678852.6494,13.8
18.4982,0.0,18.1,0,0.668,-0.09057474339498715,100.0,1.137,24,666,20.2,396.9,1355335295504.194,13.8
19.6091,0.0,18.1,0,0.671,-0.020737414826003445,97.9,1.3163,24,666,20.2,396.9,474180748683.9523,15.0
15.288,0.0,18.1,0,0.671,-0.12967165326898272,93.3,1.3449,24,666,20.2,363.02,818442368484.5165,13.9
9.82349,0.0,18.1,0,0.671,0.08464439562627278,98.8,1.358,24,666,20.2,396.9,745527408957.7666,13.3
23.6482,0.0,18.1,0,0.671,-0.010026815874729228,96.2,1.3861,24,666,20.2,396.9,840876312640.0139,13.1
17.8667,0.0,18.1,0,0.671,0.040818260719212754,100.0,1.3861,24,666,20.2,393.74,763389873219.0822,10.2
88.9762,0.0,18.1,0,0.671,0.06550325935820457,91.9,1.4165,24,666,20.2,396.9,615240488696.8783,10.4
15.8744,0.0,18.1,0,0.671,-0.273867925792402,99.1,1.5192,24,666,20.2,396.9,750706587596.348,10.9
9.18702,0.0,18.1,0,0.7,0.06854986231641744,100.0,1.5804,24,666,20.2,396.9,848298888114.6708,11.3
7.99248,0.0,18.1,0,0.7,0.09007423872072115,100.0,1.5331,24,666,20.2,396.9,873526585137.3397,12.3
20.0849,0.0,18.1,0,0.7,0.23682655933300312,91.2,1.4395,24,666,20.2,285.83,1083939646430.8112,8.8
16.8118,0.0,18.1,0,0.7,0.09118667745076652,98.1,1.4261,24,666,20.2,396.9,1095805878432.0107,7.2
24.3938,0.0,18.1,0,0.7,-0.3099352238538977,100.0,1.4672,24,666,20.2,396.9,1001100171049.4136,10.5
22.5971,0.0,18.1,0,0.7,0.011744440840424988,89.5,1.5184,24,666,20.2,396.9,1133850497900.0032,7.4
14.3337,0.0,18.1,0,0.7,0.06886808412027261,100.0,1.5895,24,666,20.2,372.92,1084258225033.9004,10.2
8.15174,0.0,18.1,0,0.7,0.08603385135402035,98.9,1.7281,24,666,20.2,396.9,745231925854.6334,11.5
6.96215,0.0,18.1,0,0.7,0.15755729032621824,97.0,1.9265,24,666,20.2,394.43,601222328999.3572,15.1
5.29305,0.0,18.1,0,0.7,0.0814114228062426,82.5,2.1678,24,666,20.2,378.38,671765461761.7291,23.2
11.5779,0.0,18.1,0,0.7,-0.2132402102958541,97.0,1.77,24,666,20.2,396.9,910862359595.383,9.7
8.64476,0.0,18.1,0,0.693,-0.11031402650681563,92.6,1.7912,24,666,20.2,396.9,536679499602.58154,13.8
13.3598,0.0,18.1,0,0.693,0.09481741745956454,94.7,1.7821,24,666,20.2,396.9,583965969827.1477,12.7
8.71675,0.0,18.1,0,0.693,-0.03429295271499931,98.8,1.7257,24,666,20.2,391.98,606272495383.8942,13.1
5.87205,0.0,18.1,0,0.693,0.2398757227826724,96.0,1.6768,24,666,20.2,396.9,685380256892.454,12.5
7.67202,0.0,18.1,0,0.693,-0.07076393446871279,98.9,1.6334,24,666,20.2,393.1,704997703084.2285,8.5
38.3518,0.0,18.1,0,0.693,0.16200077199592341,100.0,1.4896,24,666,20.2,396.9,1084199491069.6184,5.0
9.91655,0.0,18.1,0,0.693,-0.009424249020985513,77.8,1.5004,24,666,20.2,338.16,1066813127921.3018,6.3
25.0461,0.0,18.1,0,0.693,-0.09678451003271214,100.0,1.5888,24,666,20.2,396.9,951734262649.2178,5.6
14.2362,0.0,18.1,0,0.693,0.08084585857543282,100.0,1.5741,24,666,20.2,396.9,726852386215.3547,7.2
9.59571,0.0,18.1,0,0.693,-0.09042359456638213,100.0,1.639,24,666,20.2,376.11,723540450855.7517,12.1
24.8017,0.0,18.1,0,0.693,-0.011089522555295165,96.0,1.7028,24,666,20.2,396.9,699854018856.2068,8.3
41.5292,0.0,18.1,0,0.693,-0.022525734299464546,85.4,1.6074,24,666,20.2,329.46,974823854989.7751,8.5
67.9208,0.0,18.1,0,0.693,0.057176868302163925,100.0,1.4254,24,666,20.2,384.97,815160805844.8506,5.0
20.7162,0.0,18.1,0,0.659,0.0022831439010973925,100.0,1.1781,24,666,20.2,370.22,839001365443.1125,11.9
11.9511,0.0,18.1,0,0.659,0.1763033625246527,100.0,1.2852,24,666,20.2,332.09,430468028057.8035,27.9
7.40389,0.0,18.1,0,0.597,-0.1535122110964118,97.9,1.4547,24,666,20.2,314.64,938370716067.2258,17.2
14.4383,0.0,18.1,0,0.597,0.07134054927226098,100.0,1.4655,24,666,20.2,179.36,708752641071.2095,27.5
51.1358,0.0,18.1,0,0.597,0.07026615062257337,100.0,1.413,24,666,20.2,2.6,358994939423.96246,15.0
14.0507,0.0,18.1,0,0.597,-0.004241382658266693,100.0,1.5275,24,666,20.2,35.05,752926364811.164,17.2
18.811,0.0,18.1,0,0.597,0.009109567041338988,100.0,1.5539,24,666,20.2,28.79,1220437356144.8606,17.9
28.6558,0.0,18.1,0,0.597,-0.03278226732712901,100.0,1.5894,24,666,20.2,210.97,714816320592.3876,16.3
45.7461,0.0,18.1,0,0.693,0.09762274335301162,100.0,1.6582,24,666,20.2,88.27,1318281468037.8916,7.0
18.0846,0.0,18.1,0,0.679,-0.14142709928654643,100.0,1.8347,24,666,20.2,27.25,1036551049707.6713,7.2
10.8342,0.0,18.1,0,0.679,0.16394930297924687,90.8,1.8195,24,666,20.2,21.57,916536264047.5975,7.5
25.9406,0.0,18.1,0,0.679,-0.20196146812193877,89.1,1.6475,24,666,20.2,127.36,946942342433.866,10.4
73.5341,0.0,18.1,0,0.679,0.00031152574357888596,100.0,1.8026,24,666,20.2,16.45,727369613965.0028,8.8
11.8123,0.0,18.1,0,0.718,0.134030250241733,76.5,1.794,24,666,20.2,48.45,807295250606.1136,8.4
11.0874,0.0,18.1,0,0.718,0.06724667839294132,100.0,1.8589,24,666,20.2,318.75,533951541482.0744,16.7
7.02259,0.0,18.1,0,0.718,0.0044098331405596075,95.3,1.8746,24,666,20.2,319.98,561028118802.9124,14.2
12.0482,0.0,18.1,0,0.614,0.15357334620884547,87.6,1.9512,24,666,20.2,291.55,504479763556.5291,20.8
7.05042,0.0,18.1,0,0.614,0.09745274672571347,85.1,2.0218,24,666,20.2,2.52,827382280857.2634,13.4
8.79212,0.0,18.1,0,0.584,0.007922459354224313,70.6,2.0635,24,666,20.2,3.65,618609832122.9097,11.7
15.8603,0.0,18.1,0,0.679,0.029040063670594668,95.4,1.9096,24,666,20.2,7.68,871051038477.374,8.3
12.2472,0.0,18.1,0,0.584,0.09601077508858048,59.7,1.9976,24,666,20.2,24.65,553915845993.0458,10.2
37.6619,0.0,18.1,0,0.679,-0.08710508351452081,78.7,1.8629,24,666,20.2,18.82,510717578893.47125,10.9
7.36711,0.0,18.1,0,0.679,0.010232029241436779,78.1,1.9356,24,666,20.2,96.73,759393398602.6199,11.0
9.33889,0.0,18.1,0,0.679,-0.3726091153170684,95.6,1.9682,24,666,20.2,60.72,853662855506.5153,9.5
8.49213,0.0,18.1,0,0.584,-0.15546962680659165,86.1,2.0527,24,666,20.2,83.45,630772856158.8625,14.5
10.0623,0.0,18.1,0,0.584,-0.13825227997692796,94.3,2.0882,24,666,20.2,81.33,696966546292.7079,14.1
6.44405,0.0,18.1,0,0.584,-0.11486291431371731,74.8,2.2004,24,666,20.2,97.95,429073083606.12524,16.1
5.58107,0.0,18.1,0,0.713,0.10538145086518769,87.9,2.3158,24,666,20.2,100.19,565405707437.2842,14.3
13.9134,0.0,18.1,0,0.713,0.2040282138093213,95.0,2.2222,24,666,20.2,100.63,533285062899.1686,11.7
11.1604,0.0,18.1,0,0.74,-0.19543785844040792,94.6,2.1247,24,666,20.2,109.85,829988354195.0079,13.4
14.4208,0.0,18.1,0,0.74,0.27101413820369485,93.3,2.0026,24,666,20.2,27.49,646995586890.5067,9.6
15.1772,0.0,18.1,0,0.74,0.02200579577721757,100.0,1.9142,24,666,20.2,9.32,935201723852.182,8.7
13.6781,0.0,18.1,0,0.74,-0.06395975243970906,87.9,1.8206,24,666,20.2,68.95,1207446588840.4053,8.4
9.39063,0.0,18.1,0,0.74,-0.06294124836353923,93.9,1.8172,24,666,20.2,396.9,809680070607.9364,12.8
22.0511,0.0,18.1,0,0.74,-0.0013906257741617412,92.4,1.8662,24,666,20.2,391.45,777663395646.9053,10.5
9.72418,0.0,18.1,0,0.74,-0.07659767524318228,97.2,2.0651,24,666,20.2,385.96,694761700033.1061,17.1
5.66637,0.0,18.1,0,0.74,0.0321908746116334,100.0,2.0048,24,666,20.2,395.69,587143495509.4487,18.4
9.96654,0.0,18.1,0,0.74,0.018545296574821554,100.0,1.9784,24,666,20.2,386.73,677440002803.7225,15.4
12.8023,0.0,18.1,0,0.74,0.09236923750350136,96.6,1.8956,24,666,20.2,240.52,845137150840.8221,10.8
10.6718,0.0,18.1,0,0.74,0.21044680400434645,94.8,1.9879,24,666,20.2,43.06,852369108466.324,11.8
6.28807,0.0,18.1,0,0.74,0.019939287547963987,96.4,2.072,24,666,20.2,318.01,625711048860.9255,14.9
9.92485,0.0,18.1,0,0.74,0.020989601331812262,96.6,2.198,24,666,20.2,388.52,590502934401.8173,12.6
9.32909,0.0,18.1,0,0.713,-0.06497835441755234,98.7,2.2616,24,666,20.2,396.9,642156768254.8176,14.1
7.52601,0.0,18.1,0,0.713,-0.11124662023912207,98.3,2.185,24,666,20.2,304.21,696563821472.5066,13.0
6.71772,0.0,18.1,0,0.713,-0.04868661366563781,92.6,2.3236,24,666,20.2,0.32,617256538430.2361,13.4
5.44114,0.0,18.1,0,0.713,-0.01566562997828247,98.2,2.3552,24,666,20.2,355.29,632436596528.2455,15.2
5.09017,0.0,18.1,0,0.713,0.07977077314638818,91.8,2.3682,24,666,20.2,385.09,617683163273.7878,16.1
8.24809,0.0,18.1,0,0.713,-0.17572528247290548,99.3,2.4527,24,666,20.2,375.87,587316843687.8597,17.8
9.51363,0.0,18.1,0,0.713,0.15385203424646196,94.1,2.4961,24,666,20.2,6.68,662995230685.9266,14.9
4.75237,0.0,18.1,0,0.713,0.0801479360350622,86.5,2.4358,24,666,20.2,50.92,639222373331.5836,14.1
4.66883,0.0,18.1,0,0.713,0.16580571022838542,87.9,2.5806,24,666,20.2,10.48,675239310815.8838,12.7
8.20058,0.0,18.1,0,0.713,-0.10474463657430914,80.3,2.7792,24,666,20.2,3.5,589560888287.3218,13.5
7.75223,0.0,18.1,0,0.713,0.15160631217980106,83.7,2.7831,24,666,20.2,272.21,572083277471.9985,14.9
6.80117,0.0,18.1,0,0.713,-0.025505812523597318,84.4,2.7175,24,666,20.2,396.9,520396640407.48346,20.0
4.81213,0.0,18.1,0,0.713,-0.1154357719262508,90.0,2.5975,24,666,20.2,255.23,580962496031.9926,16.4
3.69311,0.0,18.1,0,0.713,0.09531040993297832,88.4,2.5671,24,666,20.2,391.43,522277321910.52136,17.7
6.65492,0.0,18.1,0,0.713,0.1164946257733561,83.0,2.7344,24,666,20.2,396.9,491884043677.6081,19.5
5.82115,0.0,18.1,0,0.713,0.0024122828516726647,89.9,2.8016,24,666,20.2,393.82,364750215267.0699,20.2
7.83932,0.0,18.1,0,0.655,0.1489149865906994,65.4,2.9634,24,666,20.2,396.9,465048163401.49603,21.4
3.1636,0.0,18.1,0,0.655,-0.21797895191022212,48.2,3.0665,24,666,20.2,334.4,505669447272.666,19.9
3.77498,0.0,18.1,0,0.655,0.10537128568316007,84.7,2.8715,24,666,20.2,22.01,611119076300.6018,19.0
4.42228,0.0,18.1,0,0.584,0.10925476775905515,94.5,2.5403,24,666,20.2,331.29,766025795313.0958,19.1
15.5757,0.0,18.1,0,0.58,-0.00897868961663175,71.0,2.9084,24,666,20.2,368.74,641573142885.0442,19.1
13.0751,0.0,18.1,0,0.58,0.09648012933744601,56.7,2.8237,24,666,20.2,396.9,520875181108.80743,20.1
4.34879,0.0,18.1,0,0.58,-0.06651013753251189,84.0,3.0334,24,666,20.2,396.9,579040479376.5088,19.9
4.03841,0.0,18.1,0,0.532,-0.10595727107832825,90.7,3.0993,24,666,20.2,395.33,460557937868.29083,19.6
3.56868,0.0,18.1,0,0.58,0.18782692309923887,75.0,2.8965,24,666,20.2,393.37,510517968429.71106,23.2
4.64689,0.0,18.1,0,0.614,0.09676017783308485,67.6,2.5329,24,666,20.2,374.68,416651297610.3426,29.8
8.05579,0.0,18.1,0,0.584,0.1972464647027968,95.4,2.4298,24,666,20.2,352.58,640113840366.4484,13.8
6.39312,0.0,18.1,0,0.584,0.10443546039115834,97.4,2.206,24,666,20.2,302.76,856047108499.7001,13.3
4.87141,0.0,18.1,0,0.614,0.07352701170056719,93.6,2.3053,24,666,20.2,396.21,663939169190.0161,16.7
15.0234,0.0,18.1,0,0.614,0.07139177707034297,97.3,2.1007,24,666,20.2,349.48,888376655326.168,12.0
10.233,0.0,18.1,0,0.614,-0.40212688316949663,96.7,2.1705,24,666,20.2,379.7,623678345507.8978,14.6
14.3337,0.0,18.1,0,0.614,0.04683205831394635,88.0,1.9512,24,666,20.2,383.32,468001266976.537,21.4
5.82401,0.0,18.1,0,0.532,-0.17348985252381038,64.7,3.4242,24,666,20.2,396.9,382473064804.5253,23.0
5.70818,0.0,18.1,0,0.532,-0.15448150300323538,74.9,3.3317,24,666,20.2,393.07,269866870829.7507,23.7
5.73116,0.0,18.1,0,0.532,-0.2152817722489238,77.0,3.4106,24,666,20.2,395.28,240370860372.30652,25.0
2.81838,0.0,18.1,0,0.532,0.10106276521178932,40.3,4.0983,24,666,20.2,392.92,369030796307.16235,21.8
2.37857,0.0,18.1,0,0.583,0.050320092653763124,41.9,3.724,24,666,20.2,370.73,472898366742.7123,20.6
3.67367,0.0,18.1,0,0.583,0.040781107790099566,51.9,3.9917,24,666,20.2,388.62,369877948562.3235,21.2
5.69175,0.0,18.1,0,0.583,-0.07112777506128462,79.8,3.5459,24,666,20.2,392.68,524929702415.63336,19.1
4.83567,0.0,18.1,0,0.583,-0.07449617347618344,53.2,3.1523,24,666,20.2,388.22,409029301546.8624,20.6
0.15086,0.0,27.74,0,0.609,0.060988799858173154,92.7,1.8209,4,711,20.1,395.09,644409420793.8386,15.2
0.18337,0.0,27.74,0,0.609,-0.0938997431080826,98.3,1.7554,4,711,20.1,344.05,846334931900.3982,7.0
0.20746,0.0,27.74,0,0.609,-0.25268239593368835,98.0,1.8226,4,711,20.1,318.43,1056888134655.7938,8.1
0.10574,0.0,27.74,0,0.609,-0.003847074131878417,98.8,1.8681,4,711,20.1,390.11,640444743141.785,13.6
0.11132,0.0,27.74,0,0.609,0.00966848155712502,83.5,2.1099,4,711,20.1,396.9,471634321823.7412,20.1
0.17331,0.0,9.69,0,0.585,0.03647171493492969,54.0,2.3817,6,391,19.2,396.9,422276442987.1792,21.8
0.27957,0.0,9.69,0,0.585,0.14693906950156851,42.6,2.3817,6,391,19.2,396.9,472297735264.2052,24.5
0.17899,0.0,9.69,0,0.585,0.05935433670925319,28.8,2.7986,6,391,19.2,393.29,621793848806.4497,23.1
0.2896,0.0,9.69,0,0.585,0.097306181541512,72.9,2.7986,6,391,19.2,396.9,746179248177.8628,19.7
0.26838,0.0,9.69,0,0.585,-0.16275956427097119,70.6,2.8927,6,391,19.2,396.9,500800326632.5065,18.3
0.23912,0.0,9.69,0,0.585,0.11288339186223996,65.3,2.4091,6,391,19.2,396.9,453984458572.93195,21.2
0.17783,0.0,9.69,0,0.585,0.23946874563968493,73.5,2.3999,6,391,19.2,395.77,524992994596.2745,17.5
0.22438,0.0,9.69,0,0.585,-0.16818266584404068,79.7,2.4982,6,391,19.2,396.9,505289158063.54205,16.8
0.06263,0.0,11.93,0,0.573,0.08168090864819977,69.1,2.4786,1,273,21.0,391.99,341634154524.97186,22.4
0.04527,0.0,11.93,0,0.573,0.07886628164593318,76.7,2.2875,1,273,21.0,396.9,314059325611.4156,20.6
0.06076,0.0,11.93,0,0.573,-0.15487456751658202,91.0,2.1675,1,273,21.0,396.9,196880046814.23376,23.9
0.10959,0.0,11.93,0,0.573,0.04299276267527328,89.3,2.3889,1,273,21.0,393.45,226745813058.0873,22.0
0.04741,0.0,11.93,0,0.573,0.02873869766573605,80.8,2.505,1,273,21.0,396.9,281824046112.58154,11.9
