CRIM,ZN,INDUS,CHAS,NOX,RM,AGE,DIS,RAD,TAX,PTRATIO,B,LSTAT,MEDV
0.00632,18.0,2.31,0,0.538,0.036183379854151335,65.2,4.09,1,296,15.3,396.9,1137889820390.1133,24.0
0.02731,0.0,7.07,0,0.469,-0.25995650736958176,78.9,4.9671,2,242,17.8,396.9,2009284969156.3984,21.6
0.02729,0.0,7.07,0,0.469,0.03454739162240839,61.1,4.9671,2,242,17.8,392.83,897779566977.2567,34.7
0.03237,0.0,2.18,0,0.458,0.14522626539859387,45.8,6.0622,3,222,18.7,394.63,625816281615.0405,33.4
0.06905,0.0,2.18,0,0.458,0.055261471042190966,54.2,6.0622,3,222,18.7,396.9,1209687323940.1658,36.2
0.02985,0.0,2.18,0,0.458,-0.02156567102123822,58.7,6.0622,3,222,18.7,394.12,1185111116954.0164,28.7
0.08829,12.5,7.87,0,0.524,0.025810695414686717,66.6,5.5605,5,311,15.2,395.6,2714403169819.1157,22.9
0.14455,12.5,7.87,0,0.524,-0.09697929518643085,96.1,5.9505,5,311,15.2,396.9,4272745656814.593,27.1
0.21124,12.5,7.87,0,0.524,-0.10329964285731712,100.0,6.0821,5,311,15.2,386.63,6637798717140.348,16.5
0.17004,12.5,7.87,0,0.524,0.08076094665874461,85.9,6.5921,5,311,15.2,386.71,3821990729045.133,18.9
0.22489,12.5,7.87,0,0.524,-0.04296958819475018,94.3,6.3467,5,311,15.2,392.52,4548749491676.58,15.0
0.11747,12.5,7.87,0,0.524,-0.03614136466778012,82.9,6.2267,5,311,15.2,396.9,2926074638097.5356,18.9
0.09378,12.5,7.87,0,0.524,0.13987742400754183,39.0,5.4509,5,311,15.2,390.5,3517730653164.387,21.7
0.62976,0.0,8.14,0,0.538,-0.023642061635420014,61.8,4.7075,4,307,21.0,396.9,1815738645095.1526,20.4
0.63796,0.0,8.14,0,0.538,0.11330731378683914,84.5,4.4619,4,307,21.0,380.02,2315169004744.0117,18.2
0.62739,0.0,8.14,0,0.538,-0.17223459262267526,56.5,4.4986,4,307,21.0,395.62,1883085780114.8713,19.9
1.05393,0.0,8.14,0,0.538,0.16183707335296144,29.3,4.4986,4,307,21.0,386.85,1402246436481.7595,23.1
0.7842,0.0,8.14,0,0.538,0.23647507201401324,81.7,4.2579,4,307,21.0,386.75,3256985879242.0747,17.5
0.80271,0.0,8.14,0,0.538,0.05447588352321724,36.6,3.7965,4,307,21.0,288.99,2566699652613.4663,20.2
0.7258,0.0,8.14,0,0.538,0.06749025495877858,69.5,3.7965,4,307,21.0,390.95,2501645959392.6074,18.2
1.25179,0.0,8.14,0,0.538,0.05364693465813741,98.1,3.7979,4,307,21.0,376.57,4657878985383.984,13.6
0.85204,0.0,8.14,0,0.538,0.0322337604786999,89.2,4.0123,4,307,21.0,392.53,3036507905603.624,19.6
1.23247,0.0,8.14,0,0.538,0.15332665141231616,91.7,3.9769,4,307,21.0,396.9,4218376900641.099,15.2
0.98843,0.0,8.14,0,0.538,-0.08324469284859176,100.0,4.0952,4,307,21.0,394.54,4360608609390.644,14.5
0.75026,0.0,8.14,0,0.538,-0.22862819262508335,94.1,4.3996,4,307,21.0,394.33,3592292451186.1187,15.6
0.84054,0.0,8.14,0,0.538,-0.15476095644348048,85.7,4.4546,4,307,21.0,303.42,3687818224145.771,13.9
0.67191,0.0,8.14,0,0.538,0.06255206506179428,90.3,4.682,4,307,21.0,376.88,3336300793462.6924,16.6
0.95577,0.0,8.14,0,0.538,0.035311832776329224,88.8,4.4534,4,307,21.0,306.38,3850976346105.3784,14.8
0.77299,0.0,8.14,0,0.538,0.02632706269970582,94.4,4.4547,4,307,21.0,387.94,2822268730231.061,18.4
1.00245,0.0,8.14,0,0.538,-0.060140962114260704,87.3,4.239,4,307,21.0,380.23,2665867451081.086,21.0
1.13081,0.0,8.14,0,0.538,-0.0026276372929994072,94.1,4.233,4,307,21.0,360.17,5014647688419.447,12.7
1.35472,0.0,8.14,0,0.538,0.101144951240054,100.0,4.175,4,307,21.0,376.73,2911141768780.4062,14.5
1.38799,0.0,8.14,0,0.538,0.010470641437806683,82.0,3.99,4,307,21.0,232.6,6169497799859.508,13.2
1.15172,0.0,8.14,0,0.538,0.1628717833517702,95.0,3.7872,4,307,21.0,358.77,4103866241527.6904,13.1
1.61282,0.0,8.14,0,0.538,0.07411520934063219,96.9,3.7598,4,307,21.0,248.31,4534615535027.112,13.5
0.06417,0.0,5.96,0,0.499,-0.10357611644127548,68.2,3.3603,5,279,19.2,396.9,2132484815085.3796,18.9
0.09744,0.0,5.96,0,0.499,0.03749731986418352,61.4,3.3779,5,279,19.2,377.56,2519784393739.397,20.0
0.08014,0.0,5.96,0,0.499,-0.036557300598949134,41.5,3.9342,5,279,19.2,396.9,1974242812165.6206,21.0
0.17505,0.0,5.96,0,0.499,-0.009743172512942225,30.2,3.8473,5,279,19.2,393.43,2237839251468.7705,24.7
0.02763,75.0,2.95,0,0.428,0.15339063059619598,21.8,5.4011,3,252,18.3,395.63,980132083160.0381,30.8
0.03359,75.0,2.95,0,0.428,-0.07352454634958165,15.8,5.4011,3,252,18.3,395.62,399224554458.4787,34.9
0.12744,0.0,6.91,0,0.448,0.061895210422907895,2.9,5.7209,3,233,17.9,385.41,1117316139344.6624,26.6
0.1415,0.0,6.91,0,0.448,-0.04252466112755006,6.6,5.7209,3,233,17.9,383.37,1299793771791.3188,25.3
0.15936,0.0,6.91,0,0.448,-0.06358321492678734,6.5,5.7209,3,233,17.9,394.46,1656830629523.9111,24.7
0.12269,0.0,6.91,0,0.448,-0.18097748270674813,40.0,5.7209,3,233,17.9,389.39,2126834452870.1338,21.2
0.17142,0.0,6.91,0,0.448,-0.027481249453618246,33.8,5.1004,3,233,17.9,396.9,2261343536878.148,19.3
0.18836,0.0,6.91,0,0.448,0.03675234681133291,33.3,5.1004,3,233,17.9,396.9,3089824153834.814,20.0
0.22927,0.0,6.91,0,0.448,0.14270404916017948,85.5,5.6894,3,233,17.9,392.74,4238850881990.894,16.6
0.25387,0.0,6.91,0,0.448,0.05449492062532444,95.3,5.87,3,233,17.9,396.9,6878467516488.442,14.4
0.21977,0.0,6.91,0,0.448,0.037626181123696215,62.0,6.0877,3,233,17.9,396.9,3623283874588.099,19.4
0.08873,21.0,5.64,0,0.439,-0.10372946817702311,45.7,6.8147,4,243,16.8,395.56,2983011594197.607,19.7
0.04337,21.0,5.64,0,0.439,0.17550477374514503,63.0,6.8147,4,243,16.8,393.97,2068446970415.421,20.5
0.0536,21.0,5.64,0,0.439,0.03415876789405989,21.1,6.8147,4,243,16.8,396.9,1202292441671.4785,25.0
0.04981,21.0,5.64,0,0.439,-0.21452602969287315,21.4,6.8147,4,243,16.8,396.9,1902881109699.34,23.4
0.0136,75.0,4.0,0,0.41,-0.1020271556884143,47.6,7.3197,3,469,21.1,396.9,3321994253280.1343,18.9
0.01311,90.0,1.22,0,0.403,-0.07727456383777134,21.9,8.6966,5,226,17.9,395.93,1084408563409.9751,35.4
0.02055,85.0,0.74,0,0.41,0.12068333492712557,35.7,9.1876,2,313,17.3,396.9,1311518733992.9978,24.7
0.01432,100.0,1.32,0,0.411,-0.11988956587176632,40.5,8.3248,5,256,15.1,392.9,850248057588.0962,31.6
0.15445,25.0,5.13,0,0.453,-0.40894070946707883,29.2,7.8148,8,284,19.7,390.68,1550416213538.835,23.3
0.10328,25.0,5.13,0,0.453,0.10842723548019988,47.2,6.932,8,284,19.7,396.9,2029080255476.3193,19.6
0.14932,25.0,5.13,0,0.453,0.024158989843858114,66.2,7.2254,8,284,19.7,395.11,2939059378973.6133,18.7
0.17171,25.0,5.13,0,0.453,-0.02042643926147713,93.4,6.8185,8,284,19.7,378.08,3213505875454.826,16.0
0.11027,25.0,5.13,0,0.453,-0.36905648717774714,67.8,7.2255,8,284,19.7,396.9,1491877633708.5208,22.2
0.1265,25.0,5.13,0,0.453,-0.17274713625325003,43.4,7.9809,8,284,19.7,395.58,2159286006388.2322,25.0
0.01951,17.5,1.38,0,0.4161,0.12933120508634627,59.5,9.2229,3,216,18.6,393.24,1785269440268.4214,33.0
0.03584,80.0,3.37,0,0.398,-0.17616786515386246,17.8,6.6115,4,337,16.1,396.9,1004605553293.2041,23.5
0.04379,80.0,3.37,0,0.398,-0.14470701829711982,31.1,6.6115,4,337,16.1,396.9,2256202487008.3296,19.4
0.05789,12.5,6.07,0,0.409,-0.1786264119500464,21.4,6.498,4,345,18.9,396.21,1759460713698.2693,22.0
0.13554,12.5,6.07,0,0.409,0.045774328107934734,36.8,6.498,4,345,18.9,396.9,2924381027348.9727,17.4
0.12816,12.5,6.07,0,0.409,-0.07689961460886802,33.0,6.498,4,345,18.9,396.9,1941864936254.9976,20.9
0.08826,0.0,10.81,0,0.413,0.042217554728424755,6.6,5.2873,4,305,19.2,383.73,1466086438287.8276,24.2
0.15876,0.0,10.81,0,0.413,-0.2689964289602545,17.5,5.2873,4,305,19.2,376.94,2223883448647.897,21.7
0.09164,0.0,10.81,0,0.413,-0.10477065504155404,7.8,5.2873,4,305,19.2,390.91,1261304578811.851,22.8
0.19539,0.0,10.81,0,0.413,0.4163951498539324,6.2,5.2873,4,305,19.2,377.17,1650367888544.1545,23.4
0.07896,0.0,12.83,0,0.437,-0.2048300290663002,6.0,4.2515,5,398,18.7,394.92,1515352956954.5967,24.1
0.09512,0.0,12.83,0,0.437,0.14006340360385938,45.0,4.5026,5,398,18.7,383.23,1977834719084.158,21.4
0.10153,0.0,12.83,0,0.437,-0.007147761665735761,74.5,4.0522,5,398,18.7,373.66,2659128667374.654,20.0
0.08707,0.0,12.83,0,0.437,0.0590661862160632,45.8,4.0905,5,398,18.7,386.96,2286491400398.192,20.8
0.05646,0.0,12.83,0,0.437,0.10521826848941389,53.7,5.0141,5,398,18.7,386.4,2807124151760.387,21.2
0.08387,0.0,12.83,0,0.437,0.009707917897702142,36.6,4.5026,5,398,18.7,396.06,2016999915485.552,20.3
0.04113,25.0,4.86,0,0.426,0.19906322312506222,33.5,5.4007,4,281,19.0,396.9,1163847842184.4783,28.0
0.04462,25.0,4.86,0,0.426,-0.14371995392497156,70.4,5.4007,4,281,19.0,395.63,1633549124121.9978,23.9
0.03659,25.0,4.86,0,0.426,0.04406582105862061,32.2,5.4007,4,281,19.0,396.9,1486134596808.9514,24.8
0.03551,25.0,4.86,0,0.426,0.04372702008090418,46.7,5.4007,4,281,19.0,390.64,1747073418415.7693,22.9
0.05059,0.0,4.49,0,0.449,-0.16191318237897023,48.0,4.7794,3,247,18.5,396.9,2145213284377.068,23.9
0.05735,0.0,4.49,0,0.449,0.012849317456296847,56.1,4.4377,3,247,18.5,392.3,1446949385114.4934,26.6
0.05188,0.0,4.49,0,0.449,-0.15619469855151516,45.1,4.4272,3,247,18.5,395.99,2830048152150.4355,22.5
0.07151,0.0,4.49,0,0.449,0.20071824336902486,56.8,3.7476,3,247,18.5,395.15,1871153647500.2573,22.2
0.0566,0.0,3.41,0,0.489,-0.11108783274430943,86.3,3.4217,2,270,17.8,396.9,1245160592766.1067,23.6
0.05302,0.0,3.41,0,0.489,-0.26138827151862576,63.1,3.4145,2,270,17.8,396.06,1264591057791.0388,28.7
0.04684,0.0,3.41,0,0.489,-0.0824201746633885,66.1,3.0923,2,270,17.8,392.18,1921259016352.417,22.6
0.03932,0.0,3.41,0,0.489,-0.15381827638431544,73.9,3.0921,2,270,17.8,393.55,1773310744650.565,22.0
0.04203,28.0,15.04,0,0.464,-0.007533240709479333,53.6,3.6659,4,270,18.2,395.01,1834932161366.0266,22.9
0.02875,28.0,15.04,0,0.464,-0.07086329587522738,28.9,3.6659,4,270,18.2,396.33,1356194843952.9773,25.0
0.04294,28.0,15.04,0,0.464,0.0105475353899471,77.3,3.615,4,270,18.2,396.9,2344684553077.6577,20.6
0.12204,0.0,2.89,0,0.445,-0.20915876464245745,57.8,3.4952,2,276,18.0,357.98,1474469329061.9978,28.4
0.11504,0.0,2.89,0,0.445,0.05981974179848522,69.6,3.4952,2,276,18.0,391.83,2471374256078.7837,21.4
0.12083,0.0,2.89,0,0.445,-0.07896682308277875,76.0,3.4952,2,276,18.0,396.9,951588291883.7927,38.7
0.08187,0.0,2.89,0,0.445,0.1471927561150794,36.9,3.4952,2,276,18.0,393.53,739401880629.3751,43.8
0.0686,0.0,2.89,0,0.445,-0.1597979608256629,62.5,3.4952,2,276,18.0,396.9,1401274794326.3547,33.2
0.14866,0.0,8.56,0,0.52,0.1413932432706863,79.9,2.7778,5,384,20.9,394.76,2054105331573.3318,27.5
0.11432,0.0,8.56,0,0.52,-0.15262463648087343,71.3,2.8561,5,384,20.9,395.58,1711994361648.0537,26.5
0.22876,0.0,8.56,0,0.52,0.251618256136625,85.4,2.7147,5,384,20.9,70.8,2350531287447.277,18.6
0.21161,0.0,8.56,0,0.52,0.11183406884170885,87.4,2.7147,5,384,20.9,394.47,2947572771026.7554,19.3
0.1396,0.0,8.56,0,0.52,0.017060244411698434,90.0,2.421,5,384,20.9,392.69,2740923845227.544,20.1
0.13262,0.0,8.56,0,0.52,-0.1822403601558284,96.7,2.1069,5,384,20.9,394.05,3672533915908.182,19.5
0.1712,0.0,8.56,0,0.52,0.16563954466276473,91.9,2.211,5,384,20.9,395.67,4154812085181.015,19.5
0.13117,0.0,8.56,0,0.52,0.09700463099364762,85.2,2.1224,5,384,20.9,387.69,3091311313282.8086,20.4
0.12802,0.0,8.56,0,0.52,-0.10209571421335319,97.1,2.4329,5,384,20.9,395.24,2684200548324.0176,19.8
0.26363,0.0,8.56,0,0.52,0.08437598344797506,91.2,2.5451,5,384,20.9,391.23,3437469765656.581,19.4
0.10793,0.0,8.56,0,0.52,0.047686921922351196,54.4,2.7778,5,384,20.9,393.49,2946804820003.1987,21.7
0.10084,0.0,10.01,0,0.547,-0.03585783550424959,81.6,2.6775,6,432,17.8,395.59,2289690044587.4526,22.8
0.12329,0.0,10.01,0,0.547,0.22286620979042238,92.9,2.3534,6,432,17.8,394.95,3615860736226.246,18.8
0.22212,0.0,10.01,0,0.547,0.08306802826205188,95.4,2.548,6,432,17.8,396.9,3778503686846.959,18.7
0.14231,0.0,10.01,0,0.547,0.010125186548495268,84.2,2.2565,6,432,17.8,388.74,2301089373487.903,18.5
0.17134,0.0,10.01,0,0.547,-0.35421211980927997,88.2,2.4631,6,432,17.8,344.91,3452215953654.803,18.3
0.13158,0.0,10.01,0,0.547,0.08923622310967964,72.5,2.7301,6,432,17.8,393.3,2646856952402.8477,21.2
0.15098,0.0,10.01,0,0.547,-0.16706069253759848,82.6,2.7474,6,432,17.8,394.51,2293819672142.5703,19.2
0.13058,0.0,10.01,0,0.547,-0.09746309115913215,73.1,2.4775,6,432,17.8,338.63,3449966724595.581,20.4
0.14476,0.0,10.01,0,0.547,-0.030311596238042353,65.2,2.7592,6,432,17.8,391.5,3050885081090.756,19.3
0.06899,0.0,25.65,0,0.581,0.029891860300195177,69.7,2.2577,2,188,19.1,389.15,3180573408119.599,22.0
0.07165,0.0,25.65,0,0.581,-0.05042932485277124,84.1,2.1974,2,188,19.1,377.67,3168754024356.909,20.3
0.09299,0.0,25.65,0,0.581,-0.08585873455655688,92.9,2.0869,2,188,19.1,378.09,3951057760967.7993,20.5
0.15038,0.0,25.65,0,0.581,-0.06651453079494798,97.0,1.9444,2,188,19.1,370.31,5647499322007.558,17.3
0.09849,0.0,25.65,0,0.581,0.007089257676334396,95.8,2.0063,2,188,19.1,379.38,3882779788620.749,18.8
0.16902,0.0,25.65,0,0.581,-0.15111856734549062,88.4,1.9929,2,188,19.1,385.02,3323807533745.3403,21.4
0.38735,0.0,25.65,0,0.581,-0.0771772860829557,95.6,1.7572,2,188,19.1,359.29,6113960626987.933,15.7
0.25915,0.0,21.89,0,0.624,0.04867263085605365,96.0,1.7883,4,437,21.2,392.11,3837461438375.7993,16.2
0.32543,0.0,21.89,0,0.624,0.16077622244661327,98.8,1.8125,4,437,21.2,396.9,3404650315504.2935,18.0
0.88125,0.0,21.89,0,0.624,0.04524125128888433,94.7,1.9799,4,437,21.2,396.9,4059938756406.1772,14.3
0.34006,0.0,21.89,0,0.624,0.1297368712523273,98.9,2.1185,4,437,21.2,395.04,2767504184301.788,19.2
1.19294,0.0,21.89,0,0.624,-0.028410161814094836,97.7,2.271,4,437,21.2,396.9,2757323808010.684,19.6
0.59005,0.0,21.89,0,0.624,-0.032737268024807954,97.9,2.3274,4,437,21.2,385.76,2504977394330.3804,23.0
0.32982,0.0,21.89,0,0.624,-0.06598710080850494,95.4,2.4699,4,437,21.2,388.69,3353847002357.3745,18.4
0.97617,0.0,21.89,0,0.624,-0.012129839625264868,98.4,2.346,4,437,21.2,262.76,3835001953654.9565,15.6
0.55778,0.0,21.89,0,0.624,0.06676554746297578,98.2,2.1107,4,437,21.2,394.67,3836200841692.1113,18.1
0.32264,0.0,21.89,0,0.624,-0.13620494503265793,93.5,1.9669,4,437,21.2,378.25,3778748134744.1646,17.4
0.35233,0.0,21.89,0,0.624,0.04608684341890836,98.4,1.8498,4,437,21.2,394.08,3264460160760.1323,17.1
0.2498,0.0,21.89,0,0.624,0.08561048409914901,98.2,1.6686,4,437,21.2,392.04,4778101903327.053,13.3
0.54452,0.0,21.89,0,0.624,0.03647950345380383,97.9,1.6687,4,437,21.2,396.9,4092621769652.9927,17.8
0.2909,0.0,21.89,0,0.624,-0.19906832624135662,93.6,1.6119,4,437,21.2,388.08,5394850617684.347,14.0
1.62864,0.0,21.89,0,0.624,-0.14426821609901952,100.0,1.4394,4,437,21.2,396.9,7651198488633.304,14.4
3.32105,0.0,19.58,1,0.871,0.16546799497366066,100.0,1.3216,5,403,14.7,396.9,5960239456635.398,13.4
4.0974,0.0,19.58,0,0.871,-0.22670384020962872,100.0,1.4118,5,403,14.7,396.9,5884492020115.378,15.6
2.77974,0.0,19.58,0,0.871,0.07396789331108795,97.8,1.3459,5,403,14.7,396.9,6417021589824.476,11.8
2.37934,0.0,19.58,0,0.871,-0.18725313997563126,100.0,1.4191,5,403,14.7,172.91,6142831523650.182,13.8
2.15505,0.0,19.58,0,0.871,0.25453203790852613,100.0,1.5166,5,403,14.7,169.27,3683149260363.84,15.6
2.36862,0.0,19.58,0,0.871,-0.2194537987787657,95.7,1.4608,5,403,14.7,391.71,6538302420995.221,14.6
2.33099,0.0,19.58,0,0.871,-0.005217411005338492,93.8,1.5296,5,403,14.7,356.99,6300159903839.859,17.8
2.73397,0.0,19.58,0,0.871,-0.06256542251379846,94.9,1.5257,5,403,14.7,351.85,4774066061649.871,15.4
1.6566,0.0,19.58,0,0.871,-0.06900721788713685,97.3,1.618,5,403,14.7,372.8,3143487434297.9673,21.5
1.49632,0.0,19.58,0,0.871,0.04385756199980366,100.0,1.5916,5,403,14.7,341.6,2956732033473.52,19.6
1.12658,0.0,19.58,1,0.871,0.13626218562551137,88.0,1.6102,5,403,14.7,343.28,2757449879922.78,15.3
2.14918,0.0,19.58,0,0.871,0.05608564904599661,98.5,1.6232,5,403,14.7,261.95,3539437943208.11,19.4
1.41385,0.0,19.58,1,0.871,-0.13543383690760943,96.0,1.7494,5,403,14.7,321.02,3404328816106.841,17.0
3.53501,0.0,19.58,1,0.871,0.09582795321926807,82.6,1.7455,5,403,14.7,88.01,3334372208324.259,15.6
2.44668,0.0,19.58,0,0.871,-0.191144626653524,94.0,1.7364,5,403,14.7,88.63,3608457973264.1567,13.1
1.22358,0.0,19.58,0,0.605,0.051450878721635916,97.4,1.8773,5,403,14.7,363.43,942273641814.6814,41.3
1.34284,0.0,19.58,0,0.605,-0.18683495675508455,100.0,1.7573,5,403,14.7,353.89,1411498349532.4,24.3
1.42502,0.0,19.58,0,0.871,-0.06128116987400363,100.0,1.7659,5,403,14.7,364.31,1691483052503.8975,23.3
1.27346,0.0,19.58,1,0.605,-0.13236138729891334,92.6,1.7984,5,403,14.7,338.92,1186250147247.6855,27.0
1.46336,0.0,19.58,0,0.605,0.059224279684642264,90.8,1.9709,5,403,14.7,374.43,455470227582.14484,50.0
1.83377,0.0,19.58,1,0.605,0.10282091830530377,98.2,2.0407,5,403,14.7,389.61,426254776044.0513,50.0
1.51902,0.0,19.58,1,0.605,-0.014467212441273792,93.9,2.162,5,403,14.7,388.45,719679149060.0631,50.0
2.24236,0.0,19.58,0,0.605,-0.19315399176191217,91.8,2.422,5,403,14.7,395.11,2538008312782.1655,22.7
2.924,0.0,19.58,0,0.605,-0.0028421946770418177,93.0,2.2834,5,403,14.7,240.16,2264392363976.2285,25.0
2.01019,0.0,19.58,0,0.605,-0.106108668934875,96.2,2.0459,5,403,14.7,369.3,781301160957.6544,50.0
1.80028,0.0,19.58,0,0.605,-0.12211823137185564,79.2,2.4259,5,403,14.7,227.61,2666654766505.382,23.8
2.3004,0.0,19.58,0,0.605,-0.05209997077648246,96.1,2.1,5,403,14.7,297.09,2435942609736.9507,23.8
2.44953,0.0,19.58,0,0.605,0.010346055227931146,95.2,2.2625,5,403,14.7,330.04,2541742703735.9824,22.3
1.20742,0.0,19.58,0,0.605,-0.053313827121811284,94.6,2.4259,5,403,14.7,292.29,3213852898665.601,17.4
2.3139,0.0,19.58,0,0.605,0.3304940243418994,97.3,2.3887,5,403,14.7,348.13,2650168106889.653,19.1
0.13914,0.0,4.05,0,0.51,0.006529138208305769,88.5,2.5961,5,296,16.6,396.9,3264639250799.331,23.1
0.09178,0.0,4.05,0,0.51,0.12581040384076259,84.1,2.6463,5,296,16.6,395.5,2039998203348.2305,23.6
0.08447,0.0,4.05,0,0.51,-0.04971997343999311,68.7,2.7019,5,296,16.6,393.23,2149055024131.4644,22.6
0.06664,0.0,4.05,0,0.51,0.09105315194232694,33.1,3.1323,5,296,16.6,390.96,1202949148635.6309,29.4
0.07022,0.0,4.05,0,0.51,0.014465847653764116,47.2,3.5549,5,296,16.6,393.23,2254135552232.741,23.2
0.05425,0.0,4.05,0,0.51,-0.0030308170057886386,73.4,3.3175,5,296,16.6,395.6,1430814386331.1165,24.6
0.06642,0.0,4.05,0,0.51,-0.22726416870014643,74.4,2.9153,5,296,16.6,391.27,1563131631973.431,29.9
0.0578,0.0,2.46,0,0.488,0.1727901532334843,58.4,2.829,3,193,17.8,396.9,1146808187690.035,37.2
0.06588,0.0,2.46,0,0.488,-0.1280559292524266,83.3,2.741,3,193,17.8,395.56,1689019512738.7654,39.8
0.06888,0.0,2.46,0,0.488,0.12050419201922051,62.2,2.5979,3,193,17.8,396.9,2102143697899.7512,36.2
0.09103,0.0,2.46,0,0.488,0.2755289201571417,92.2,2.7006,3,193,17.8,394.12,1108377763225.726,37.9
0.10008,0.0,2.46,0,0.488,-0.26900460256959957,95.6,2.847,3,193,17.8,396.9,1255715830041.6033,32.5
0.08308,0.0,2.46,0,0.488,0.2268697771203167,89.8,2.9879,3,193,17.8,391.0,3070237177217.864,26.4
0.06047,0.0,2.46,0,0.488,0.04577848144600451,68.8,3.2797,3,193,17.8,387.11,2947856601107.3955,29.6
0.05602,0.0,2.46,0,0.488,-0.19139440675167357,53.6,3.1992,3,193,17.8,392.63,1019135750117.1903,50.0
0.07875,45.0,3.44,0,0.437,0.10751072927752202,41.1,3.7886,5,398,15.2,393.87,1533825972309.0173,32.0
0.12579,45.0,3.44,0,0.437,-0.15245700575714652,29.1,4.5667,5,398,15.2,382.84,1029384991646.9371,29.8
0.0837,45.0,3.44,0,0.437,-0.21262068355663719,38.9,4.5667,5,398,15.2,396.9,1137174419613.3113,34.9
0.09068,45.0,3.44,0,0.437,0.15083784178806683,21.5,6.4798,5,398,15.2,377.68,1142653601959.4397,37.0
0.06911,45.0,3.44,0,0.437,0.12061490417451383,30.8,6.4798,5,398,15.2,389.71,1043618189527.4319,30.5
0.08664,45.0,3.44,0,0.437,-0.04965506288304189,26.3,6.4798,5,398,15.2,390.49,653592224271.5325,36.4
0.02187,60.0,2.93,0,0.401,0.05449910520675985,9.9,6.2196,1,265,15.6,393.37,1100307195709.1091,31.1
0.01439,60.0,2.93,0,0.401,-0.31238432318906273,18.8,6.2196,1,265,15.6,376.7,976551355722.1365,29.1
0.01381,80.0,0.46,0,0.422,-0.05686510481017108,32.0,5.6484,4,255,14.4,394.23,620679281354.2229,50.0
0.04011,80.0,1.52,0,0.404,-0.2778235537347154,34.1,7.309,2,329,12.6,396.9,924151547319.9272,33.3
0.04666,80.0,1.52,0,0.404,0.1692465456665329,36.6,7.309,2,329,12.6,354.31,1948497324463.9263,30.3
0.03768,80.0,1.52,0,0.404,0.06274611744738087,38.3,7.309,2,329,12.6,392.2,1454828214760.174,34.6
0.0315,95.0,1.47,0,0.403,-0.10537176672882473,15.3,7.6534,3,402,17.0,396.9,1055588771583.6165,34.9
0.01778,95.0,1.47,0,0.403,0.06710557046056595,13.9,7.6534,3,402,17.0,384.3,990086126854.1978,32.9
0.03445,82.5,2.03,0,0.415,0.3193451426229748,38.4,6.27,2,348,14.7,393.77,1639397310008.9233,24.1
0.02177,82.5,2.03,0,0.415,-0.15744026179780793,15.7,6.27,2,348,14.7,395.38,690161369226.2938,42.3
0.0351,95.0,2.68,0,0.4161,0.11760599170879432,33.2,5.118,4,224,14.7,392.78,815702884063.9589,48.5
0.02009,95.0,2.68,0,0.4161,-0.12622852777457894,31.9,5.118,4,224,14.7,390.55,655822396941.3909,50.0
0.13642,0.0,10.59,0,0.489,-0.03253025210690359,22.3,3.9454,4,277,18.6,396.9,2408468434202.545,22.6
0.22969,0.0,10.59,0,0.489,0.00947898026762456,52.5,4.3549,4,277,18.6,394.87,2433306818252.8037,24.4
0.25199,0.0,10.59,0,0.489,-0.051900283907298256,72.7,4.3549,4,277,18.6,389.43,4040023435627.315,22.5
0.13587,0.0,10.59,1,0.489,0.0678891945901105,59.1,4.2392,4,277,18.6,381.32,3229364083732.681,24.4
0.43571,0.0,10.59,1,0.489,0.0473323117329284,100.0,3.875,4,277,18.6,396.9,5147140784350.46,20.0
0.17446,0.0,10.59,1,0.489,0.2490577849528833,92.1,3.8771,4,277,18.6,393.25,3829735057437.353,21.7
0.37578,0.0,10.59,1,0.489,-0.22816225438747628,88.6,3.665,4,277,18.6,395.24,5329682006874.511,19.3
0.21719,0.0,10.59,1,0.489,-0.12290216048139257,53.8,3.6526,4,277,18.6,390.94,3568547336296.682,22.4
0.14052,0.0,10.59,0,0.489,-0.044185102770103915,32.3,3.9454,4,277,18.6,385.81,2132955900098.587,28.1
0.28955,0.0,10.59,0,0.489,-0.19476031746057526,9.8,3.5875,4,277,18.6,348.93,6550493681698.254,23.7
0.19802,0.0,10.59,0,0.489,0.1346026193006304,42.4,3.9454,4,277,18.6,393.63,2056323522693.0203,25.0
0.0456,0.0,13.89,1,0.55,-0.045997895171239776,56.0,3.1121,5,276,16.4,392.8,2981307484205.4,23.3
0.07013,0.0,13.89,0,0.55,0.1536710449712047,85.1,3.4211,5,276,16.4,392.78,2108614856759.7415,28.7
0.11069,0.0,13.89,1,0.55,-0.17422781610147076,93.8,2.8893,5,276,16.4,396.9,3997738192692.9316,21.5
0.11425,0.0,13.89,1,0.55,0.15489644584889617,92.4,3.3633,5,276,16.4,393.74,2272048460626.8203,23.0
0.35809,0.0,6.2,1,0.507,-0.1506487914136346,88.5,2.8617,8,307,17.4,391.7,2115769859803.1736,26.7
0.40771,0.0,6.2,1,0.507,0.08962290669243178,91.3,3.048,8,307,17.4,395.24,4777421228593.558,21.7
0.62356,0.0,6.2,1,0.507,0.00966696354852252,77.7,3.2721,8,307,17.4,390.39,2267740030260.2246,27.5
0.6147,0.0,6.2,0,0.507,-0.2892910912457781,80.8,3.2721,8,307,17.4,396.9,1673872557377.7798,30.1
0.31533,0.0,6.2,0,0.504,0.25763109942899426,78.3,2.8944,8,307,17.4,385.05,893209944380.2252,44.8
0.52693,0.0,6.2,0,0.504,0.03592665823179821,83.0,2.8944,8,307,17.4,382.0,998000513926.66,50.0
0.38214,0.0,6.2,0,0.504,0.08213394158001827,86.5,3.2157,8,307,17.4,387.38,749421717519.2661,37.6
0.41238,0.0,6.2,0,0.504,0.3358683425537604,79.9,3.2157,8,307,17.4,372.08,1362126979258.216,31.6
0.29819,0.0,6.2,0,0.504,0.023159007744820187,17.0,3.3751,8,307,17.4,377.51,901288412798.8551,46.7
0.44178,0.0,6.2,0,0.504,-0.02885646716332849,21.4,3.3751,8,307,17.4,380.34,791795913041.8591,31.5
0.537,0.0,6.2,0,0.504,-0.22848088409447367,68.1,3.6715,8,307,17.4,378.35,2605343721582.352,24.3
0.46296,0.0,6.2,0,0.504,0.040256781943573836,76.9,3.6715,8,307,17.4,376.14,1150500673320.394,31.7
0.57529,0.0,6.2,0,0.507,-0.06741720470254817,73.3,3.8384,8,307,17.4,385.91,589710367175.9854,41.7
0.33147,0.0,6.2,0,0.507,-0.08241374676589477,70.4,3.6519,8,307,17.4,378.95,882745823753.0677,48.3
0.44791,0.0,6.2,1,0.507,-0.09790879452916806,66.5,3.6519,8,307,17.4,360.2,1822888423440.0334,29.0
0.33045,0.0,6.2,0,0.507,0.1542884634923305,61.5,3.6519,8,307,17.4,376.75,2408454981296.9873,24.0
0.52058,0.0,6.2,1,0.507,-0.06785736765050511,76.5,4.148,8,307,17.4,388.45,2098425214025.3042,25.1
0.51183,0.0,6.2,0,0.507,0.26651770593124213,71.6,4.148,8,307,17.4,390.07,1069273837602.4435,31.5
0.08244,30.0,4.93,0,0.428,0.029537167912418255,18.5,6.1899,6,300,16.6,379.41,1393753636282.9556,23.7
0.09252,30.0,4.93,0,0.428,-0.22967966062309392,42.2,6.1899,6,300,16.6,383.78,1625333825431.5964,23.3
0.11329,30.0,4.93,0,0.428,0.06072950570665216,54.3,6.3361,6,300,16.6,391.25,2535725159565.53,22.0
0.10612,30.0,4.93,0,0.428,-0.06771336072195969,65.1,6.3361,6,300,16.6,394.62,2719158885521.733,20.1
0.1029,30.0,4.93,0,0.428,-0.09425414823784287,52.9,7.0355,6,300,16.6,372.75,2488319615225.455,22.2
0.12757,30.0,4.93,0,0.428,0.14368295000408754,7.8,7.0355,6,300,16.6,374.71,1190672281883.9001,23.7
0.20608,22.0,5.86,0,0.431,0.033196918888478005,76.5,7.9549,7,330,19.1,372.49,2719990260973.8745,17.6
0.19133,22.0,5.86,0,0.431,0.05502688478119154,70.2,7.9549,7,330,19.1,389.13,4101319429037.964,18.5
0.33983,22.0,5.86,0,0.431,-0.013525507883768197,34.9,8.0555,7,330,19.1,390.18,1975968551483.0356,24.3
0.19657,22.0,5.86,0,0.431,0.027723024785189523,79.2,8.0555,7,330,19.1,376.14,2247279684082.748,20.5
0.16439,22.0,5.86,0,0.431,0.03893324712439425,49.1,7.8265,7,330,19.1,374.71,2077492970074.2307,24.5
0.19073,22.0,5.86,0,0.431,-0.06225810289798143,17.5,7.8265,7,330,19.1,393.74,1489087090959.87,26.2
0.1403,22.0,5.86,0,0.431,-0.15645020768625117,13.0,7.3967,7,330,19.1,396.28,1331901679076.1475,24.4
0.21409,22.0,5.86,0,0.431,0.04932796701720138,8.9,7.3967,7,330,19.1,377.07,828303772187.407,24.8
0.08221,22.0,5.86,0,0.431,0.10624089158591571,6.8,8.9067,7,330,19.1,386.09,773761648449.3732,29.6
0.36894,22.0,5.86,0,0.431,0.011742168613731497,8.4,8.9067,7,330,19.1,396.9,802580181058.6094,42.8
0.04819,80.0,3.64,0,0.392,0.043919032006664374,32.0,9.2203,1,315,16.4,392.89,1453559383603.3796,21.9
0.03548,80.0,3.64,0,0.392,0.00563352745558042,19.1,9.2203,1,315,16.4,395.18,1990871292784.2083,20.9
0.01538,90.0,3.75,0,0.394,0.1358645617437544,34.2,6.3361,3,244,15.9,386.34,666100647027.2744,44.0
0.61154,20.0,3.97,0,0.647,-0.12225303957472611,86.9,1.801,5,264,13.0,389.7,1119067463658.1025,50.0
0.66351,20.0,3.97,0,0.647,-0.27107295713581836,100.0,1.8946,5,264,13.0,383.29,1715316380679.9153,36.0
0.65665,20.0,3.97,0,0.647,-0.14410370354064655,100.0,2.0107,5,264,13.0,391.93,1522306411968.0918,30.1
0.54011,20.0,3.97,0,0.647,0.08533839294849538,81.8,2.1121,5,264,13.0,392.8,2126907340412.1467,33.8
0.53412,20.0,3.97,0,0.647,-0.08217571221498786,89.4,2.1398,5,264,13.0,388.37,1608460240378.332,43.1
0.52014,20.0,3.97,0,0.647,0.21436162711740975,91.5,2.2885,5,264,13.0,386.86,1341340452848.2012,48.8
0.82526,20.0,3.97,0,0.647,-0.3387098470500558,94.5,2.0788,5,264,13.0,393.42,2495037363343.506,31.0
0.55007,20.0,3.97,0,0.647,-0.02937353304160592,91.6,1.9301,5,264,13.0,387.89,1796289949126.8018,36.5
0.76162,20.0,3.97,0,0.647,-0.08358295122363338,62.8,1.9865,5,264,13.0,392.4,2304416950310.306,22.8
0.7857,20.0,3.97,0,0.647,-0.3185382712065636,84.6,2.1329,5,264,13.0,384.07,3263806200346.233,30.7
0.57834,20.0,3.97,0,0.575,0.0536284048438674,67.0,2.4216,5,264,13.0,384.54,1665955269094.0151,50.0
0.5405,20.0,3.97,0,0.575,0.09397232990408283,52.6,2.872,5,264,13.0,390.3,690617616842.721,43.5
0.09065,20.0,6.96,1,0.464,-0.11993259787103838,61.5,3.9175,3,223,18.6,391.34,3015849226777.959,20.7
0.29916,20.0,6.96,0,0.464,-0.13701868923880572,42.1,4.429,3,223,18.6,388.65,2849534919681.455,21.1
0.16211,20.0,6.96,0,0.464,-0.19084974767891216,16.3,4.429,3,223,18.6,396.9,1491981073525.2976,25.2
0.1146,20.0,6.96,0,0.464,0.041026678281032916,58.7,3.9175,3,223,18.6,394.96,1736357408049.027,24.4
0.22188,20.0,6.96,1,0.464,0.059095048844146,51.8,4.3665,3,223,18.6,390.77,1442371180165.519,35.2
0.05644,40.0,6.41,1,0.447,0.04122776213521403,32.9,4.0776,4,254,17.6,396.9,754860892829.8702,32.4
0.09604,40.0,6.41,0,0.447,0.1387021795523187,42.8,4.2673,4,254,17.6,396.9,700248610580.2552,32.0
0.10469,40.0,6.41,1,0.447,-0.06126148008660964,49.0,4.7872,4,254,17.6,389.25,1383172930439.1494,33.2
0.06127,40.0,6.41,1,0.447,0.004024940041529835,27.6,4.8628,4,254,17.6,393.45,929550249915.829,33.1
0.07978,40.0,6.41,0,0.447,-0.187851649666199,32.1,4.1403,4,254,17.6,396.9,1577648926999.3086,29.1
0.21038,20.0,3.33,0,0.4429,0.11062555111156828,32.2,4.1007,5,216,14.9,396.9,1033555745792.8817,35.1
0.03578,20.0,3.33,0,0.4429,-0.2100319381050848,64.5,4.6947,5,216,14.9,387.31,889844079456.0493,45.4
0.03705,20.0,3.33,0,0.4429,0.08872790969599856,37.2,5.2447,5,216,14.9,392.23,951704727582.0518,35.4
0.06129,20.0,3.33,1,0.4429,0.23458664168220378,49.7,5.2119,5,216,14.9,377.07,712694284509.3713,46.0
0.01501,90.0,1.21,1,0.401,0.24267410569660885,24.8,5.885,1,198,13.6,395.52,720374218003.4718,50.0
0.00906,90.0,2.97,0,0.4,-0.4042795290706276,20.8,7.3073,1,285,15.3,394.72,1749159945067.5525,32.2
0.01096,55.0,2.25,0,0.389,-0.13718482929118486,31.9,7.3073,1,300,15.3,394.72,1810075886252.0598,22.0
0.01965,80.0,1.76,0,0.385,-0.026165604905558026,31.5,9.0892,1,241,18.2,341.6,2879302720930.9243,20.1
0.03871,52.5,5.32,0,0.405,-0.13326083279979753,31.3,7.3172,6,293,16.6,396.9,1581967263178.2441,23.2
0.0459,52.5,5.32,0,0.405,0.12757715654894458,45.6,7.3172,6,293,16.6,396.9,1736373974423.5732,22.3
0.04297,52.5,5.32,0,0.405,-0.09730809631640165,22.9,7.3172,6,293,16.6,371.72,2069997106809.0874,24.8
0.03502,80.0,4.95,0,0.411,-0.27971886487692776,27.9,5.1167,4,245,19.2,396.9,717898301427.5121,28.5
0.07886,80.0,4.95,0,0.411,0.015323030747822784,27.7,5.1167,4,245,19.2,396.9,801743368535.0859,37.3
0.03615,80.0,4.95,0,0.411,0.1048868465466114,23.4,5.1167,4,245,19.2,396.9,1097974773461.5938,27.9
0.08265,0.0,13.92,0,0.437,0.13667273405115526,18.4,5.5027,4,289,16.0,396.9,1871483313751.3567,23.9
0.08199,0.0,13.92,0,0.437,-0.03268417596122768,42.3,5.5027,4,289,16.0,396.9,2263711131377.523,21.7
0.12932,0.0,13.92,0,0.437,-0.04040277373307444,31.1,5.9604,4,289,16.0,396.9,1410790296326.7834,28.6
0.05372,0.0,13.92,0,0.437,-0.06605839763509504,51.0,5.9604,4,289,16.0,392.85,1634974983061.851,27.1
0.14103,0.0,13.92,0,0.437,0.03497478423065506,58.0,6.32,4,289,16.0,396.9,3538795604096.939,20.3
0.06466,70.0,2.24,0,0.4,-0.05392648738072761,20.1,7.8278,5,358,14.8,368.24,1134648188051.1597,22.5
0.05561,70.0,2.24,0,0.4,-0.24595427026902594,10.0,7.8278,5,358,14.8,371.58,1010637523108.0917,29.0
0.04417,70.0,2.24,0,0.4,0.049410454593920426,47.4,7.8278,5,358,14.8,390.86,1331477973834.9429,24.8
0.03537,34.0,6.09,0,0.433,-0.007137289528498805,40.4,5.4917,7,329,16.1,395.75,2050320289913.577,22.0
0.09266,34.0,6.09,0,0.433,0.0646857304655286,18.4,5.4917,7,329,16.1,383.61,1915671753768.3835,26.4
0.1,34.0,6.09,0,0.433,-0.013359477534813043,17.7,5.4917,7,329,16.1,390.43,1070101633868.7053,33.1
0.05515,33.0,2.18,0,0.472,-0.3162746538474434,41.1,4.022,7,222,18.4,393.68,1537875825010.1472,36.1
0.05479,33.0,2.18,0,0.472,0.08485957196762,58.1,3.37,7,222,18.4,393.36,2030340397477.6147,28.4
0.07503,33.0,2.18,0,0.472,0.17034879945171202,71.9,3.0992,7,222,18.4,396.9,1448821293647.9297,33.4
0.04932,33.0,2.18,0,0.472,-0.014319323864917924,70.3,3.1827,7,222,18.4,396.9,1719092546504.336,28.2
0.49298,0.0,9.9,0,0.544,-0.03837097601996358,82.5,3.3175,4,304,18.4,396.9,961516721369.6896,22.8
0.3494,0.0,9.9,0,0.544,-0.06769779585271277,76.7,3.1025,4,304,18.4,396.24,2254659088721.712,20.3
2.63548,0.0,9.9,0,0.544,-0.12455108291533887,37.8,2.5194,4,304,18.4,350.45,2784198209752.453,16.1
0.79041,0.0,9.9,0,0.544,-0.03715729273219373,52.8,2.6403,4,304,18.4,396.9,1301721798120.7366,22.1
0.26169,0.0,9.9,0,0.544,0.11122649629115144,90.4,2.834,4,304,18.4,396.3,2596370359147.09,19.4
0.26938,0.0,9.9,0,0.544,-0.03881269575010672,82.8,3.2628,4,304,18.4,393.39,1809488414209.2207,21.6
0.3692,0.0,9.9,0,0.544,-0.17560792878318698,87.3,3.6023,4,304,18.4,395.69,2092624162914.341,23.8
0.25356,0.0,9.9,0,0.544,0.1559607347586834,77.7,3.945,4,304,18.4,396.42,2594736772142.1436,16.2
0.31827,0.0,9.9,0,0.544,-0.1491749765471905,83.2,3.9986,4,304,18.4,390.7,4056072218326.2744,17.8
0.24522,0.0,9.9,0,0.544,-0.07081396133817768,71.7,4.0317,4,304,18.4,396.9,3539237740291.8804,19.8
0.40202,0.0,9.9,0,0.544,0.16533716024822448,67.2,3.5325,4,304,18.4,395.21,2251470984721.9663,23.1
0.47547,0.0,9.9,0,0.544,0.3228739260238358,58.8,4.0019,4,304,18.4,396.23,2840412589491.58,21.0
0.1676,0.0,7.38,0,0.493,0.23701330065751838,52.3,4.5404,5,287,19.6,396.9,1597360144686.4812,23.8
0.18159,0.0,7.38,0,0.493,-0.07601254704684726,54.3,4.5404,5,287,19.6,396.9,1503355350485.751,23.1
0.35114,0.0,7.38,0,0.493,0.14413879697253063,49.9,4.7211,5,287,19.6,396.9,1736677222386.5073,20.4
0.28392,0.0,7.38,0,0.493,0.38664795491391085,74.3,4.7211,5,287,19.6,391.13,2586809377595.422,18.5
0.34109,0.0,7.38,0,0.493,0.1576593697717582,40.1,4.7211,5,287,19.6,396.9,1347002365735.9963,25.0
0.19186,0.0,7.38,0,0.493,-0.09278999722713832,14.7,5.4159,5,287,19.6,393.68,1183983661807.1658,24.6
0.30347,0.0,7.38,0,0.493,-0.06664815909860362,28.9,5.4159,5,287,19.6,396.9,1381270515220.9985,23.0
0.24103,0.0,7.38,0,0.493,0.015596214139023856,43.7,5.4159,5,287,19.6,396.9,2863624430285.8276,22.2
0.06617,0.0,3.24,0,0.46,0.010901372301966403,25.8,5.2146,4,430,16.9,382.44,2270824346429.921,19.3
0.06724,0.0,3.24,0,0.46,0.010420473985844003,17.2,5.2146,4,430,16.9,375.21,1612567001757.9058,22.6
0.04544,0.0,3.24,0,0.46,0.13255183330889325,32.2,5.8736,4,430,16.9,368.57,2066184739241.5747,19.8
0.05023,35.0,6.06,0,0.4379,-0.15665385740193807,28.4,6.6407,1,304,16.9,394.02,2745008246082.624,17.1
0.03466,35.0,6.06,0,0.4379,-0.13500008660832657,23.3,6.6407,1,304,16.9,362.25,1723503565435.3042,19.4
0.05083,0.0,5.19,0,0.515,0.1383724945269116,38.1,6.4584,5,224,20.2,389.71,1323353000375.1997,22.2
0.03738,0.0,5.19,0,0.515,-0.09219599740147269,38.5,6.4584,5,224,20.2,389.4,1474910288110.8438,20.7
0.03961,0.0,5.19,0,0.515,-0.05181668909789261,34.5,5.9853,5,224,20.2,396.9,1810603370342.1,21.1
0.03427,0.0,5.19,0,0.515,0.08524154108983598,46.3,5.2311,5,224,20.2,396.9,2180351915903.7402,19.5
0.03041,0.0,5.19,0,0.515,0.04470605775720503,59.6,5.615,5,224,20.2,394.81,2285115810895.337,18.5
0.03306,0.0,5.19,0,0.515,0.3838853415696126,37.3,4.8122,5,224,20.2,396.14,1892804778801.7542,20.6
0.05497,0.0,5.19,0,0.515,-0.008652309087434785,45.4,4.8122,5,224,20.2,396.9,2170234847881.1687,19.0
0.06151,0.0,5.19,0,0.515,-0.20346191690213553,58.5,4.8122,5,224,20.2,396.9,2026859428267.2158,18.7
0.01301,35.0,1.52,0,0.442,-0.3676722106629356,49.3,7.0379,1,284,15.5,394.74,1270431790070.13,32.7
0.02498,0.0,1.89,0,0.518,0.1629822030839562,59.7,6.2669,1,422,15.9,389.96,1856147834565.6484,16.5
0.02543,55.0,3.78,0,0.484,0.058095099359310426,56.4,5.7321,5,370,17.6,396.9,1605743363636.5652,23.9
0.03049,55.0,3.78,0,0.484,0.03842794864905619,28.1,6.4654,5,370,17.6,387.97,1064459503052.247,31.2
0.03113,0.0,4.39,0,0.442,0.365016869560603,48.5,8.0136,3,352,18.8,385.64,2336520701499.5835,17.5
0.06162,0.0,4.39,0,0.442,-0.026391092110201464,52.3,8.0136,3,352,18.8,364.61,2806289099689.147,17.2
0.0187,85.0,4.15,0,0.429,0.21464715056970735,27.7,8.5353,4,351,17.9,392.43,1382601965703.8118,23.1
0.01501,80.0,2.01,0,0.435,-0.24798854911584967,29.7,8.344,4,280,17.0,390.94,1332266383079.3584,24.5
0.02899,40.0,1.25,0,0.429,-0.15105904219458405,34.5,8.7921,1,335,19.7,389.85,1370526867681.501,26.6
0.06211,40.0,1.25,0,0.429,0.16125888699706642,44.4,8.7921,1,335,19.7,396.9,1260071365130.2415,22.9
0.0795,60.0,1.69,0,0.411,-0.06108611739130976,35.9,10.7103,4,411,18.3,370.78,1219486452686.5442,24.1
0.07244,60.0,1.69,0,0.411,0.12211376617305462,18.5,10.7103,4,411,18.3,392.33,1724331656396.505,18.6
0.01709,90.0,2.02,0,0.41,0.01500078110710884,36.1,12.1265,5,187,17.0,384.46,1019450231275.6567,30.1
0.04301,80.0,1.91,0,0.413,0.08131149069232303,21.9,10.5857,4,334,22.0,382.8,1790442731096.133,18.2
0.10659,80.0,1.91,0,0.413,0.0967152716088277,19.5,10.5857,4,334,22.0,376.04,1204638308852.0571,20.6
8.98296,0.0,18.1,1,0.77,-0.12996016492934084,97.4,2.1222,24,666,20.2,377.73,3939461008822.912,17.8
3.8497,0.0,18.1,1,0.77,0.13520620413638795,91.0,2.5052,24,666,20.2,391.34,3018090318866.1353,21.7
5.20177,0.0,18.1,1,0.77,0.13371612289694612,83.4,2.7227,24,666,20.2,395.43,2531376336605.2236,22.7
4.26131,0.0,18.1,0,0.77,-0.0018524126793779232,81.3,2.5091,24,666,20.2,390.74,2817602071031.83,22.6
4.54192,0.0,18.1,0,0.77,-0.1976587309316788,88.0,2.5182,24,666,20.2,374.56,1670654671210.1926,25.0
3.83684,0.0,18.1,0,0.77,0.06607279900925588,91.1,2.2955,24,666,20.2,350.65,3174240736406.635,19.9
3.67822,0.0,18.1,0,0.77,-0.08829858124664644,96.2,2.1036,24,666,20.2,380.79,2264686951274.7456,20.8
4.22239,0.0,18.1,1,0.77,0.0609742183510047,89.0,1.9047,24,666,20.2,353.04,3200511293097.3955,16.8
3.47428,0.0,18.1,1,0.718,-0.02727537501606303,82.9,1.9047,24,666,20.2,354.55,1186270003073.4434,21.9
4.55587,0.0,18.1,0,0.718,-0.017622642379984517,87.9,1.6132,24,666,20.2,354.7,1558349740702.297,27.5
3.69695,0.0,18.1,0,0.718,-0.01898196584126932,91.4,1.7523,24,666,20.2,316.03,3142461101835.2534,21.9
13.5222,0.0,18.1,0,0.631,-0.11385386914731299,100.0,1.5106,24,666,20.2,131.42,2998261791553.809,23.1
4.89822,0.0,18.1,0,0.631,0.03992912399488521,100.0,1.3325,24,666,20.2,375.52,705308039783.3378,50.0
5.66998,0.0,18.1,1,0.631,-0.041974750516894095,96.8,1.3567,24,666,20.2,375.33,834259883588.6653,50.0
6.53876,0.0,18.1,1,0.631,-0.03130769081915669,97.5,1.2024,24,666,20.2,392.05,670308330365.5305,50.0
9.2323,0.0,18.1,0,0.631,-0.0794656171237444,100.0,1.1691,24,666,20.2,366.15,2039208336403.6624,50.0
8.26725,0.0,18.1,1,0.668,0.00032017755174017226,89.6,1.1296,24,666,20.2,347.88,1963883696506.4885,50.0
11.1081,0.0,18.1,0,0.668,0.09339143385897275,100.0,1.1742,24,666,20.2,396.9,7740610492831.241,13.8
18.4982,0.0,18.1,0,0.668,0.05217310006584733,100.0,1.137,24,666,20.2,396.9,8470845596900.474,13.8
19.6091,0.0,18.1,0,0.671,0.06180489754958697,97.9,1.3163,24,666,20.2,396.9,2963629679273.0713,15.0
15.288,0.0,18.1,0,0.671,-0.05284569970637571,93.3,1.3449,24,666,20.2,363.02,5115264803029.022,13.9
9.82349,0.0,18.1,0,0.671,0.1289636039823781,98.8,1.358,24,666,20.2,396.9,4659546305985.78,13.3
23.6482,0.0,18.1,0,0.671,-0.21189620150884936,96.2,1.3861,24,666,20.2,396.9,5255476953998.431,13.1
17.8667,0.0,18.1,0,0.671,0.053582265151894654,100.0,1.3861,24,666,20.2,393.74,4771186707618.916,10.2
88.9762,0.0,18.1,0,0.671,-0.014044683738823907,91.9,1.4165,24,666,20.2,396.9,3845253054356.4414,10.4
15.8744,0.0,18.1,0,0.671,-0.28302368380040904,99.1,1.5192,24,666,20.2,396.9,4691916172477.1045,10.9
9.18702,0.0,18.1,0,0.7,-0.13993339115672096,100.0,1.5804,24,666,20.2,396.9,5301868050718.091,11.3
7.99248,0.0,18.1,0,0.7,-0.05264069069867404,100.0,1.5331,24,666,20.2,396.9,5459541157107.926,12.3
20.0849,0.0,18.1,0,0.7,0.009764497456583292,91.2,1.4395,24,666,20.2,285.83,6774622790193.04,8.8
16.8118,0.0,18.1,0,0.7,0.12122247015295608,98.1,1.4261,24,666,20.2,396.9,6848786740199.435,7.2
24.3938,0.0,18.1,0,0.7,-0.11634013310064212,100.0,1.4672,24,666,20.2,396.9,6256876069057.647,10.5
22.5971,0.0,18.1,0,0.7,0.07736012146339785,89.5,1.5184,24,666,20.2,396.9,7086565611876.724,7.4
14.3337,0.0,18.1,0,0.7,0.09580341686644536,100.0,1.5895,24,666,20.2,372.92,6776613906459.695,10.2
8.15174,0.0,18.1,0,0.7,0.19825733568674575,98.9,1.7281,24,666,20.2,396.9,4657699536591.916,11.5
6.96215,0.0,18.1,0,0.7,-0.11345652589004028,97.0,1.9265,24,666,20.2,394.43,3757639556246.189,15.1
5.29305,0.0,18.1,0,0.7,-0.18619295046649398,82.5,2.1678,24,666,20.2,378.38,4198534136009.1797,23.2
11.5779,0.0,18.1,0,0.7,-0.25028785213353116,97.0,1.77,24,666,20.2,396.9,5692889747473.423,9.7
8.64476,0.0,18.1,0,0.693,-0.07302804076247268,92.6,1.7912,24,666,20.2,396.9,3354246872517.089,13.8
13.3598,0.0,18.1,0,0.693,0.12507077827787527,94.7,1.7821,24,666,20.2,396.9,3649787311421.6514,12.7
8.71675,0.0,18.1,0,0.693,-0.08134911201738879,98.8,1.7257,24,666,20.2,391.98,3789203096150.6963,13.1
5.87205,0.0,18.1,0,0.693,0.19380628616974604,96.0,1.6768,24,666,20.2,396.9,4283626605578.2397,12.5
7.67202,0.0,18.1,0,0.693,-0.08345482212622439,98.9,1.6334,24,666,20.2,393.1,4406235644277.93,8.5
38.3518,0.0,18.1,0,0.693,-0.03482302750506672,100.0,1.4896,24,666,20.2,396.9,6776246819186.524,5.0
9.91655,0.0,18.1,0,0.693,0.15984510150377118,77.8,1.5004,24,666,20.2,338.16,6667582049507.232,6.3
25.0461,0.0,18.1,0,0.693,-0.08060820338143052,100.0,1.5888,24,666,20.2,396.9,5948339141556.272,5.6
14.2362,0.0,18.1,0,0.693,0.16131677326012486,100.0,1.5741,24,666,20.2,396.9,4542827413847.166,7.2
9.59571,0.0,18.1,0,0.693,-0.07590184403036843,100.0,1.639,24,666,20.2,376.11,4522127817851.546,12.1
24.8017,0.0,18.1,0,0.693,-0.052902146163669506,96.0,1.7028,24,666,20.2,396.9,4374087617849.6885,8.3
41.5292,0.0,18.1,0,0.693,0.07121881454560265,85.4,1.6074,24,666,20.2,329.46,6092649093688.146,8.5
67.9208,0.0,18.1,0,0.693,0.04057469913418267,100.0,1.4254,24,666,20.2,384.97,5094755036531.537,5.0
20.7162,0.0,18.1,0,0.659,-0.058288877518285855,100.0,1.1781,24,666,20.2,370.22,5243758534020.424,11.9
11.9511,0.0,18.1,0,0.659,0.179190980472362,100.0,1.2852,24,666,20.2,332.09,2690425175361.6465,27.9
7.40389,0.0,18.1,0,0.597,-0.057200346342738406,97.9,1.4547,24,666,20.2,314.64,5864816975420.16,17.2
14.4383,0.0,18.1,0,0.597,0.16358513951477563,100.0,1.4655,24,666,20.2,179.36,4429704006693.559,27.5
51.1358,0.0,18.1,0,0.597,0.010999599720023887,100.0,1.413,24,666,20.2,2.6,2243718371403.3506,15.0
14.0507,0.0,18.1,0,0.597,-0.10814555654949233,100.0,1.5275,24,666,20.2,35.05,4705789780067.813,17.2
18.811,0.0,18.1,0,0.597,0.047689325854132436,100.0,1.5539,24,666,20.2,28.79,7627733475905.395,17.9
28.6558,0.0,18.1,0,0.597,-0.17491961343892776,100.0,1.5894,24,666,20.2,210.97,4467602003703.752,16.3
45.7461,0.0,18.1,0,0.693,-0.09296823692672554,100.0,1.6582,24,666,20.2,88.27,8239259175237.5,7.0
18.0846,0.0,18.1,0,0.679,-0.28219993693332474,100.0,1.8347,24,666,20.2,27.25,6478444060674.707,7.2
10.8342,0.0,18.1,0,0.679,0.04299898863308108,90.8,1.8195,24,666,20.2,21.57,5728351650297.852,7.5
25.9406,0.0,18.1,0,0.679,-0.03002146190177913,89.1,1.6475,24,666,20.2,127.36,5918389640211.096,10.4
73.5341,0.0,18.1,0,0.679,-0.0446644236520788,100.0,1.8026,24,666,20.2,16.45,4546060087282.831,8.8
11.8123,0.0,18.1,0,0.718,0.22523020385278758,76.5,1.794,24,666,20.2,48.45,5045595316288.456,8.4
11.0874,0.0,18.1,0,0.718,-0.0662873033401933,100.0,1.8589,24,666,20.2,318.75,3337197134261.6753,16.7
7.02259,0.0,18.1,0,0.718,0.10710118823662852,95.3,1.8746,24,666,20.2,319.98,3506425742518.725,14.2
12.0482,0.0,18.1,0,0.614,0.03625878561186918,87.6,1.9512,24,666,20.2,291.55,3152998522227.725,20.8
7.05042,0.0,18.1,0,0.614,0.10630120527590123,85.1,2.0218,24,666,20.2,2.52,5171139255356.973,13.4
8.79212,0.0,18.1,0,0.584,-0.040580141980344916,70.6,2.0635,24,666,20.2,3.65,3866311450767.4644,11.7
15.8603,0.0,18.1,0,0.679,0.1667007800029226,95.4,1.9096,24,666,20.2,7.68,5444068990485.2705,8.3
12.2472,0.0,18.1,0,0.584,-0.0887999389022726,59.7,1.9976,24,666,20.2,24.65,3461974037457.976,10.2
37.6619,0.0,18.1,0,0.679,-0.19264134652181777,78.7,1.8629,24,666,20.2,18.82,3191984868084.5806,10.9
7.36711,0.0,18.1,0,0.679,0.13743358482190593,78.1,1.9356,24,666,20.2,96.73,4746208741266.913,11.0
9.33889,0.0,18.1,0,0.679,-0.14791559783183555,95.6,1.9682,24,666,20.2,60.72,5335392846915.199,9.5
8.49213,0.0,18.1,0,0.584,0.06063556517298869,86.1,2.0527,24,666,20.2,83.45,3942330350992.803,14.5
10.0623,0.0,18.1,0,0.584,-0.0946927431900382,94.3,2.0882,24,666,20.2,81.33,4356040914328.789,14.1
6.44405,0.0,18.1,0,0.584,0.058743174467146095,74.8,2.2004,24,666,20.2,97.95,2681706772540.1094,16.1
5.58107,0.0,18.1,0,0.713,0.12380730558016267,87.9,2.3158,24,666,20.2,100.19,3533785671482.1016,14.3
13.9134,0.0,18.1,0,0.713,0.21620895940560644,95.0,2.2222,24,666,20.2,100.63,3333031643120.0933,11.7
11.1604,0.0,18.1,0,0.74,-0.11816440619653246,94.6,2.1247,24,666,20.2,109.85,5187427213719.994,13.4
14.4208,0.0,18.1,0,0.74,0.28511869763483344,93.3,2.0026,24,666,20.2,27.49,4043722418065.239,9.6
15.1772,0.0,18.1,0,0.74,0.27146895148315436,100.0,1.9142,24,666,20.2,9.32,5845010774076.538,8.7
13.6781,0.0,18.1,0,0.74,0.09039182161967216,87.9,1.8206,24,666,20.2,68.95,7546541180250.873,8.4
9.39063,0.0,18.1,0,0.74,0.1350138149764537,93.9,1.8172,24,666,20.2,396.9,5060500441299.496,12.8
22.0511,0.0,18.1,0,0.74,-0.15819458894353283,92.4,1.8662,24,666,20.2,391.45,4860396222793.251,10.5
9.72418,0.0,18.1,0,0.74,0.1456800157438259,97.2,2.0651,24,666,20.2,385.96,4342260625207.4053,17.1
5.66637,0.0,18.1,0,0.74,0.01767059855727912,100.0,2.0048,24,666,20.2,395.69,3669646846933.3325,18.4
9.96654,0.0,18.1,0,0.74,-0.03238983018433167,100.0,1.9784,24,666,20.2,386.73,4234000017521.9424,15.4
12.8023,0.0,18.1,0,0.74,0.14969633376925276,96.6,1.8956,24,666,20.2,240.52,5282107192755.738,10.8
10.6718,0.0,18.1,0,0.74,0.20041794513702,94.8,1.9879,24,666,20.2,43.06,5327306927912.282,11.8
6.28807,0.0,18.1,0,0.74,0.08017339717628624,96.4,2.072,24,666,20.2,318.01,3910694055379.5195,14.9
9.92485,0.0,18.1,0,0.74,-0.07498926394435063,96.6,2.198,24,666,20.2,388.52,3690643340013.203,12.6
9.32909,0.0,18.1,0,0.713,-0.12960554089618814,98.7,2.2616,24,666,20.2,396.9,4013479801592.0557,14.1
7.52601,0.0,18.1,0,0.713,0.08569465371693025,98.3,2.185,24,666,20.2,304.21,4353523884204.0547,13.0
6.71772,0.0,18.1,0,0.713,0.03871943882895522,92.6,2.3236,24,666,20.2,0.32,3857853365185.3403,13.4
5.44114,0.0,18.1,0,0.713,0.09380145234890565,98.2,2.3552,24,666,20.2,355.29,3952728728300.596,15.2
5.09017,0.0,18.1,0,0.713,0.08020410866047906,91.8,2.3682,24,666,20.2,385.09,3860519770461.107,16.1
8.24809,0.0,18.1,0,0.713,-0.11006255483105103,99.3,2.4527,24,666,20.2,375.87,3670730273046.9814,17.8
9.51363,0.0,18.1,0,0.713,0.343510712825314,94.1,2.4961,24,666,20.2,6.68,4143720191788.6865,14.9
4.75237,0.0,18.1,0,0.713,0.18228907627432156,86.5,2.4358,24,666,20.2,50.92,3995139833320.784,14.1
4.66883,0.0,18.1,0,0.713,0.19482610484366963,87.9,2.5806,24,666,20.2,10.48,4220245692598.7603,12.7
8.20058,0.0,18.1,0,0.713,-0.30409030067805015,80.3,2.7792,24,666,20.2,3.5,3684755551796.288,13.5
7.75223,0.0,18.1,0,0.713,-0.050968496123493016,83.7,2.7831,24,666,20.2,272.21,3575520484199.9854,14.9
6.80117,0.0,18.1,0,0.713,0.10062420459903916,84.4,2.7175,24,666,20.2,396.9,3252479002546.4214,20.0
4.81213,0.0,18.1,0,0.713,-0.11941825679734715,90.0,2.5975,24,666,20.2,255.23,3631015600198.9517,16.4
3.69311,0.0,18.1,0,0.713,0.05798446587533431,88.4,2.5671,24,666,20.2,391.43,3264233261941.4214,17.7
6.65492,0.0,18.1,0,0.713,-0.04262501122939914,83.0,2.7344,24,666,20.2,396.9,3074275272984.2993,19.5
5.82115,0.0,18.1,0,0.713,0.05082896345395639,89.9,2.8016,24,666,20.2,393.82,2279688845420.6465,20.2
7.83932,0.0,18.1,0,0.655,0.13658958848279243,65.4,2.9634,24,666,20.2,396.9,2906551021259.103,21.4
3.1636,0.0,18.1,0,0.655,-0.22577887701763028,48.2,3.0665,24,666,20.2,334.4,3160434045452.339,19.9
3.77498,0.0,18.1,0,0.655,-0.03390056198564888,84.7,2.8715,24,666,20.2,22.01,3819494226880.1226,19.0
4.42228,0.0,18.1,0,0.584,-0.004621227673705472,94.5,2.5403,24,666,20.2,331.29,4787661220708.81,19.1
15.5757,0.0,18.1,0,0.58,-0.007781969806301638,71.0,2.9084,24,666,20.2,368.74,4009832143031.8994,19.1
13.0751,0.0,18.1,0,0.58,0.28671737372558015,56.7,2.8237,24,666,20.2,396.9,3255469881929.24,20.1
4.34879,0.0,18.1,0,0.58,-0.1164800572336682,84.0,3.0334,24,666,20.2,396.9,3619002996100.6895,19.9
4.03841,0.0,18.1,0,0.532,-0.25274229809735743,90.7,3.0993,24,666,20.2,395.33,2878487111675.677,19.6
3.56868,0.0,18.1,0,0.58,-0.0150466842108678,75.0,2.8965,24,666,20.2,393.37,3190737302686.5303,23.2
4.64689,0.0,18.1,0,0.614,0.06879127165999131,67.6,2.5329,24,666,20.2,374.68,2604070610065.334,29.8
8.05579,0.0,18.1,0,0.584,-0.047161991477399884,95.4,2.4298,24,666,20.2,352.58,4000711502288.1357,13.8
6.39312,0.0,18.1,0,0.584,-0.002131648341743708,97.4,2.206,24,666,20.2,302.76,5350294428123.19,13.3
4.87141,0.0,18.1,0,0.614,0.025277742992136334,93.6,2.3053,24,666,20.2,396.21,4149619807435.063,16.7
15.0234,0.0,18.1,0,0.614,0.17919306667604445,97.3,2.1007,24,666,20.2,349.48,5552354095789.769,12.0
10.233,0.0,18.1,0,0.614,-0.2719470417190651,96.7,2.1705,24,666,20.2,379.7,3897989659425.7324,14.6
14.3337,0.0,18.1,0,0.614,0.21802870911583153,88.0,1.9512,24,666,20.2,383.32,2925007918604.0176,21.4
5.82401,0.0,18.1,0,0.532,0.030131630653413344,64.7,3.4242,24,666,20.2,396.9,2390456655030.1045,23.0
5.70818,0.0,18.1,0,0.532,-0.005568933466816167,74.9,3.3317,24,666,20.2,393.07,1686667942685.343,23.7
5.73116,0.0,18.1,0,0.532,-0.2744766097792289,77.0,3.4106,24,666,20.2,395.28,1502317877326.3809,25.0
2.81838,0.0,18.1,0,0.532,0.07856388751482632,40.3,4.0983,24,666,20.2,392.92,2306442476920.577,21.8
2.37857,0.0,18.1,0,0.583,0.22209112283324783,41.9,3.724,24,666,20.2,370.73,2955614792142.7085,20.6
3.67367,0.0,18.1,0,0.583,0.16106734234812006,51.9,3.9917,24,666,20.2,388.62,2311737178514.4395,21.2
5.69175,0.0,18.1,0,0.583,-0.042050187535044206,79.8,3.5459,24,666,20.2,392.68,3280810640099.549,19.1
4.83567,0.0,18.1,0,0.583,0.09863618691827294,53.2,3.1523,24,666,20.2,388.22,2556433134667.5596,20.6
0.15086,0.0,27.74,0,0.609,-0.19237231510153874,92.7,1.8209,4,711,20.1,395.09,4027558879957.527,15.2
0.18337,0.0,27.74,0,0.609,-0.09619927383768266,98.3,1.7554,4,711,20.1,344.05,5289593324378.064,7.0
0.20746,0.0,27.74,0,0.609,-0.01074287805139909,98.0,1.8226,4,711,20.1,318.43,6605550841599.179,8.1
0.10574,0.0,27.74,0,0.609,-0.03579526128354453,98.8,1.8681,4,711,20.1,390.11,4002779644632.597,13.6
0.11132,0.0,27.74,0,0.609,-0.12219846074501525,83.5,2.1099,4,711,20.1,396.9,2947714511397.955,20.1
0.17331,0.0,9.69,0,0.585,0.006072405179914753,54.0,2.3817,6,391,19.2,396.9,2639227768671.2134,21.8
0.27957,0.0,9.69,0,0.585,0.019462597067898033,42.6,2.3817,6,391,19.2,396.9,2951860845401.6206,24.5
0.17899,0.0,9.69,0,0.585,-0.18159690748085755,28.8,2.7986,6,391,19.2,393.29,3886211555038.867,23.1
0.2896,0.0,9.69,0,0.585,-0.028362468528906483,72.9,2.7986,6,391,19.2,396.9,4663620301110.595,19.7
0.26838,0.0,9.69,0,0.585,-0.10900312442956381,70.6,2.8927,6,391,19.2,396.9,3130002041453.873,18.3
0.23912,0.0,9.69,0,0.585,0.1565588115056527,65.3,2.4091,6,391,19.2,396.9,2837402866080.539,21.2
0.17783,0.0,9.69,0,0.585,-0.031178543981698233,73.5,2.3999,6,391,19.2,395.77,3281206216227.3877,17.5
0.22438,0.0,9.69,0,0.585,-0.1937335154337399,79.7,2.4982,6,391,19.2,396.9,3158057237896.985,16.8
0.06263,0.0,11.93,0,0.573,0.048873790517188084,69.1,2.4786,1,273,21.0,391.99,2135213465782.7852,22.4
0.04527,0.0,11.93,0,0.573,0.30286186187108277,76.7,2.2875,1,273,21.0,396.9,1962870785070.9785,20.6
0.06076,0.0,11.93,0,0.573,-0.2044820071239906,91.0,2.1675,1,273,21.0,396.9,1230500292589.7605,23.9
0.10959,0.0,11.93,0,0.573,-0.12409775333998292,89.3,2.3889,1,273,21.0,393.45,1417161331612.945,22.0
0.04741,0.0,11.93,0,0.573,0.11212185156375438,80.8,2.505,1,273,21.0,396.9,1761400288203.9482,11.9
