CRIM,ZN,INDUS,CHAS,NOX,RM,AGE,DIS,RAD,TAX,PTRATIO,B,LSTAT,MEDV
0.00632,18.0,2.31,0,0.538,0.2055265398281945,65.2,4.09,1,296,15.3,396.9,1864318681.9842658,24.0
0.02731,0.0,7.07,0,0.469,0.23938287506801292,78.9,4.9671,2,242,17.8,396.9,3292012493.512092,21.6
0.02729,0.0,7.07,0,0.469,-0.05180694191746804,61.1,4.9671,2,242,17.8,392.83,1470922042.290941,34.7
0.03237,0.0,2.18,0,0.458,-0.10627363207196973,45.8,6.0622,3,222,18.7,394.63,1025337395.6799638,33.4
0.06905,0.0,2.18,0,0.458,-0.11361361614229659,54.2,6.0622,3,222,18.7,396.9,1981951711.7656002,36.2
0.02985,0.0,2.18,0,0.458,-0.05331175566580368,58.7,6.0622,3,222,18.7,394.12,1941686053.7650115,28.7
0.08829,12.5,7.87,0,0.524,0.1684068810473982,66.6,5.5605,5,311,15.2,395.6,4447278153.152797,22.9
0.14455,12.5,7.87,0,0.524,0.1562508404358187,96.1,5.9505,5,311,15.2,396.9,7000466483.868799,27.1
0.21124,12.5,7.87,0,0.524,0.1581015945586367,100.0,6.0821,5,311,15.2,386.63,10875369418.044584,16.5
0.17004,12.5,7.87,0,0.524,0.05630607186006496,85.9,6.5921,5,311,15.2,386.71,6261949610.115196,18.9
0.22489,12.5,7.87,0,0.524,0.12015576794452457,94.3,6.3467,5,311,15.2,392.52,7452671166.736739,15.0
0.11747,12.5,7.87,0,0.524,-0.1758923706917231,82.9,6.2267,5,311,15.2,396.9,4794080687.174523,18.9
0.09378,12.5,7.87,0,0.524,-0.13377515747537955,39.0,5.4509,5,311,15.2,390.5,5763449902.281388,21.7
0.62976,0.0,8.14,0,0.538,0.13975230711004225,61.8,4.7075,4,307,21.0,396.9,2974906195.804985,20.4
0.63796,0.0,8.14,0,0.538,0.09387943313623184,84.5,4.4619,4,307,21.0,380.02,3793172897.694704,18.2
0.62739,0.0,8.14,0,0.538,0.08860992268110332,56.5,4.4986,4,307,21.0,395.62,3085247742.161526,19.9
1.05393,0.0,8.14,0,0.538,0.22878422868338494,29.3,4.4986,4,307,21.0,386.85,2297440561.6872153,23.1
0.7842,0.0,8.14,0,0.538,-0.12169016200407791,81.7,4.2579,4,307,21.0,386.75,5336245664.455952,17.5
0.80271,0.0,8.14,0,0.538,0.1151447984875677,36.6,3.7965,4,307,21.0,288.99,4205280710.744387,20.2
0.7258,0.0,8.14,0,0.538,-0.15642153767090963,69.5,3.7965,4,307,21.0,390.95,4098696740.308053,18.2
1.25179,0.0,8.14,0,0.538,0.16061977220927615,98.1,3.7979,4,307,21.0,376.57,7631468929.879247,13.6
0.85204,0.0,8.14,0,0.538,0.04391942171337135,89.2,4.0123,4,307,21.0,392.53,4975014552.7520485,19.6
1.23247,0.0,8.14,0,0.538,0.03803033596715383,91.7,3.9769,4,307,21.0,396.9,6911388714.08517,15.2
0.98843,0.0,8.14,0,0.538,-0.09214662404364246,100.0,4.0952,4,307,21.0,394.54,7144421145.706702,14.5
0.75026,0.0,8.14,0,0.538,0.017290419758201864,94.1,4.3996,4,307,21.0,394.33,5885611951.748267,15.6
0.84054,0.0,8.14,0,0.538,-0.2263170131266788,85.7,4.4546,4,307,21.0,303.42,6042121378.491307,13.9
0.67191,0.0,8.14,0,0.538,0.01249140487856483,90.3,4.682,4,307,21.0,376.88,5466195219.64916,16.6
0.95577,0.0,8.14,0,0.538,0.0002122444436638317,88.8,4.4534,4,307,21.0,306.38,6309439645.492471,14.8
0.77299,0.0,8.14,0,0.538,0.10714986905060335,94.4,4.4547,4,307,21.0,387.94,4624005087.452316,18.4
1.00245,0.0,8.14,0,0.538,0.0027278762402773715,87.3,4.239,4,307,21.0,380.23,4367757231.822655,21.0
1.13081,0.0,8.14,0,0.538,0.27613038936463036,94.1,4.233,4,307,21.0,360.17,8215998772.783986,12.7
1.35472,0.0,8.14,0,0.538,-0.024389823671557266,100.0,4.175,4,307,21.0,376.73,4769614674.248667,14.5
1.38799,0.0,8.14,0,0.538,-0.07334968455084317,82.0,3.99,4,307,21.0,232.6,10108105195.252485,13.2
1.15172,0.0,8.14,0,0.538,-0.19731227999938192,95.0,3.7872,4,307,21.0,358.77,6723774450.014096,13.1
1.61282,0.0,8.14,0,0.538,0.059247973907772186,96.9,3.7598,4,307,21.0,248.31,7429514092.590164,13.5
0.06417,0.0,5.96,0,0.499,-0.10457993753401935,68.2,3.3603,5,279,19.2,396.9,3493863120.831481,18.9
0.09744,0.0,5.96,0,0.499,0.24243512248662547,61.4,3.3779,5,279,19.2,377.56,4128414750.8357053,20.0
0.08014,0.0,5.96,0,0.499,-0.17654911705385581,41.5,3.9342,5,279,19.2,396.9,3234599423.4618917,21.0
0.17505,0.0,5.96,0,0.499,-0.23736018832058486,30.2,3.8473,5,279,19.2,393.43,3666475829.680973,24.7
0.02763,75.0,2.95,0,0.428,0.1340766445175463,21.8,5.4011,3,252,18.3,395.63,1605848405.44918,30.8
0.03359,75.0,2.95,0,0.428,-0.12046765886737065,15.8,5.4011,3,252,18.3,395.62,654089510.0378449,34.9
0.12744,0.0,6.91,0,0.448,-0.2922768539234776,2.9,5.7209,3,233,17.9,385.41,1830610762.6318905,26.6
0.1415,0.0,6.91,0,0.448,0.05162686665258863,6.6,5.7209,3,233,17.9,383.37,2129582115.6223037,25.3
0.15936,0.0,6.91,0,0.448,-0.01161588149426325,6.5,5.7209,3,233,17.9,394.46,2714551302.82708,24.7
0.12269,0.0,6.91,0,0.448,-0.11271675789068138,40.0,5.7209,3,233,17.9,389.39,3484605567.5964885,21.2
0.17142,0.0,6.91,0,0.448,0.11610065161943375,33.8,5.1004,3,233,17.9,396.9,3704985251.0142703,19.3
0.18836,0.0,6.91,0,0.448,-0.07699447674715543,33.3,5.1004,3,233,17.9,396.9,5062367893.508659,20.0
0.22927,0.0,6.91,0,0.448,-0.018596031999758678,85.5,5.6894,3,233,17.9,392.74,6944933284.888362,16.6
0.25387,0.0,6.91,0,0.448,0.030484470778225976,95.3,5.87,3,233,17.9,396.9,11269681178.630009,14.4
0.21977,0.0,6.91,0,0.448,-0.08103144679859117,62.0,6.0877,3,233,17.9,396.9,5936388300.134327,19.4
0.08873,21.0,5.64,0,0.439,-0.20576997512178574,45.7,6.8147,4,243,16.8,395.56,4887366195.471456,19.7
0.04337,21.0,5.64,0,0.439,-0.0037079634964044574,63.0,6.8147,4,243,16.8,393.97,3388943516.216519,20.5
0.0536,21.0,5.64,0,0.439,-0.17363467337198554,21.1,6.8147,4,243,16.8,396.9,1969835936.6557763,25.0
0.04981,21.0,5.64,0,0.439,-0.11534152845245658,21.4,6.8147,4,243,16.8,396.9,3117680410.3420715,23.4
0.0136,75.0,4.0,0,0.41,-0.011281006246644368,47.6,7.3197,3,469,21.1,396.9,5442755384.417572,18.9
0.01311,90.0,1.22,0,0.403,-0.1284096073039212,21.9,8.6966,5,226,17.9,395.93,1776694990.1756334,35.4
0.02055,85.0,0.74,0,0.41,-0.022099201051973577,35.7,9.1876,2,313,17.3,396.9,2148792293.6444755,24.7
0.01432,100.0,1.32,0,0.411,0.05532251904166295,40.5,8.3248,5,256,15.1,392.9,1393046417.7719536,31.6
0.15445,25.0,5.13,0,0.453,-0.007107455444811367,29.2,7.8148,8,284,19.7,390.68,2540201924.25162,23.3
0.10328,25.0,5.13,0,0.453,0.03696021704462621,47.2,6.932,8,284,19.7,396.9,3324445090.832556,19.6
0.14932,25.0,5.13,0,0.453,0.21166638944795224,66.2,7.2254,8,284,19.7,395.11,4815354886.943911,18.7
0.17171,25.0,5.13,0,0.453,0.09208305737621846,93.4,6.8185,8,284,19.7,378.08,5265008026.2669935,16.0
0.11027,25.0,5.13,0,0.453,0.05007831796022777,67.8,7.2255,8,284,19.7,396.9,2444292314.63416,22.2
0.1265,25.0,5.13,0,0.453,0.11833669647028394,43.4,7.9809,8,284,19.7,395.58,3537774192.601653,25.0
0.01951,17.5,1.38,0,0.4161,0.056363850930949394,59.5,9.2229,3,216,18.6,393.24,2924985451.1101165,33.0
0.03584,80.0,3.37,0,0.398,-0.09178918306446919,17.8,6.6115,4,337,16.1,396.9,1645945738.302914,23.5
0.04379,80.0,3.37,0,0.398,0.1305235636166649,31.1,6.6115,4,337,16.1,396.9,3696562154.8428807,19.4
0.05789,12.5,6.07,0,0.409,0.17982342944570176,21.4,6.498,4,345,18.9,396.21,2882700433.243158,22.0
0.13554,12.5,6.07,0,0.409,0.07156446486519652,36.8,6.498,4,345,18.9,396.9,4791305875.088765,17.4
0.12816,12.5,6.07,0,0.409,0.005005292977833836,33.0,6.498,4,345,18.9,396.9,3181551511.695418,20.9
0.08826,0.0,10.81,0,0.413,0.13510503903172605,6.6,5.2873,4,305,19.2,383.73,2402036020.715325,24.2
0.15876,0.0,10.81,0,0.413,-0.09533779327230388,17.5,5.2873,4,305,19.2,376.94,3643610641.973605,21.7
0.09164,0.0,10.81,0,0.413,0.0787871228416135,7.8,5.2873,4,305,19.2,390.91,2066521422.0765016,22.8
0.19539,0.0,10.81,0,0.413,-0.04194111462579435,6.2,5.2873,4,305,19.2,377.17,2703962748.6014924,23.4
0.07896,0.0,12.83,0,0.437,0.05329730356495013,6.0,4.2515,5,398,18.7,394.92,2482754284.5647264,24.1
0.09512,0.0,12.83,0,0.437,0.04194470637770084,45.0,4.5026,5,398,18.7,383.23,3240484403.812415,21.4
0.10153,0.0,12.83,0,0.437,-0.11365064685142193,74.5,4.0522,5,398,18.7,373.66,4356716408.736748,20.0
0.08707,0.0,12.83,0,0.437,-0.278016612913611,45.8,4.0905,5,398,18.7,386.96,3746187510.7801905,20.8
0.05646,0.0,12.83,0,0.437,-0.10943123791463384,53.7,5.0141,5,398,18.7,386.4,4599192210.075885,21.2
0.08387,0.0,12.83,0,0.437,-0.03468832848718232,36.6,4.5026,5,398,18.7,396.06,3304652661.805092,20.3
0.04113,25.0,4.86,0,0.426,-0.14957569485484012,33.5,5.4007,4,281,19.0,396.9,1906848304.6096523,28.0
0.04462,25.0,4.86,0,0.426,-0.16218787087742184,70.4,5.4007,4,281,19.0,395.63,2676406885.2862096,23.9
0.03659,25.0,4.86,0,0.426,-0.07776708991915285,32.2,5.4007,4,281,19.0,396.9,2434882923.2014856,24.8
0.03551,25.0,4.86,0,0.426,-0.11477873422454318,46.7,5.4007,4,281,19.0,390.64,2862405088.575347,22.9
0.05059,0.0,4.49,0,0.449,-0.09338087995707385,48.0,4.7794,3,247,18.5,396.9,3514717445.046062,23.9
0.05735,0.0,4.49,0,0.449,-0.018422468784302218,56.1,4.4377,3,247,18.5,392.3,2370681873.2144756,26.6
0.05188,0.0,4.49,0,0.449,-0.22588939038434552,45.1,4.4272,3,247,18.5,395.99,4636750892.640083,22.5
0.07151,0.0,4.49,0,0.449,0.00024504868820231576,56.8,3.7476,3,247,18.5,395.15,3065698136.079327,22.2
0.0566,0.0,3.41,0,0.489,0.394731057425734,86.3,3.4217,2,270,17.8,396.9,2040071114.7533317,23.6
0.05302,0.0,3.41,0,0.489,-0.14742333589327983,63.1,3.4145,2,270,17.8,396.06,2071905989.3876538,28.7
0.04684,0.0,3.41,0,0.489,-0.18471277864839927,66.1,3.0923,2,270,17.8,392.18,3147790772.4243383,22.6
0.03932,0.0,3.41,0,0.489,-0.009909957187799266,73.9,3.0921,2,270,17.8,393.55,2905392323.91823,22.0
0.04203,28.0,15.04,0,0.464,0.04328728190134595,53.6,3.6659,4,270,18.2,395.01,3006352853.348769,22.9
0.02875,28.0,15.04,0,0.464,0.07700435930702423,28.9,3.6659,4,270,18.2,396.33,2221989632.4638867,25.0
0.04294,28.0,15.04,0,0.464,-0.0606360746378716,77.3,3.615,4,270,18.2,396.9,3841531172.098622,20.6
0.12204,0.0,2.89,0,0.445,-0.08394170236613877,57.8,3.4952,2,276,18.0,357.98,2415770548.7123556,28.4
0.11504,0.0,2.89,0,0.445,-0.05019474934825489,69.6,3.4952,2,276,18.0,391.83,4049099581.16224,21.4
0.12083,0.0,2.89,0,0.445,-0.09868997431939175,76.0,3.4952,2,276,18.0,396.9,1559082257.1621938,38.7
0.08187,0.0,2.89,0,0.445,-0.19838545051647058,36.9,3.4952,2,276,18.0,393.53,1211436041.14851,43.8
0.0686,0.0,2.89,0,0.445,-0.05429506383561722,62.5,3.4952,2,276,18.0,396.9,2295848623.2995524,33.2
0.14866,0.0,8.56,0,0.52,0.03224146321684542,79.9,2.7778,5,384,20.9,394.76,3365446175.232938,27.5
0.11432,0.0,8.56,0,0.52,0.00414743910441992,71.3,2.8561,5,384,20.9,395.58,2804931562.1543417,26.5
0.22876,0.0,8.56,0,0.52,-0.11115956619276281,85.4,2.7147,5,384,20.9,70.8,3851110461.174881,18.6
0.21161,0.0,8.56,0,0.52,0.2136314861253776,87.4,2.7147,5,384,20.9,394.47,4829303228.213587,19.3
0.1396,0.0,8.56,0,0.52,0.032727717928662976,90.0,2.421,5,384,20.9,392.69,4490729627.553949,20.1
0.13262,0.0,8.56,0,0.52,0.0036100929363804754,96.7,2.1069,5,384,20.9,394.05,6017079567.8891945,19.5
0.1712,0.0,8.56,0,0.52,0.07756950261085067,91.9,2.211,5,384,20.9,395.67,6807244120.29641,19.5
0.13117,0.0,8.56,0,0.52,0.10974327524723362,85.2,2.1224,5,384,20.9,387.69,5064804455.527159,20.4
0.12802,0.0,8.56,0,0.52,0.015680461897396136,97.1,2.4329,5,384,20.9,395.24,4397794178.418425,19.8
0.26363,0.0,8.56,0,0.52,-0.0008273933418324331,91.2,2.5451,5,384,20.9,391.23,5631950464.196918,19.4
0.10793,0.0,8.56,0,0.52,-0.055107825456780224,54.4,2.7778,5,384,20.9,393.49,4828045017.051766,21.7
0.10084,0.0,10.01,0,0.547,0.18342644113224066,81.6,2.6775,6,432,17.8,395.59,3751428168.924202,22.8
0.12329,0.0,10.01,0,0.547,0.1491517388709749,92.9,2.3534,6,432,17.8,394.95,5924226230.253553,18.8
0.22212,0.0,10.01,0,0.547,0.016619989009837507,95.4,2.548,6,432,17.8,396.9,6190700440.41225,18.7
0.14231,0.0,10.01,0,0.547,-0.05853002300532647,84.2,2.2565,6,432,17.8,388.74,3770104829.582831,18.5
0.17134,0.0,10.01,0,0.547,0.06866620295328649,88.2,2.4631,6,432,17.8,344.91,5656110618.260097,18.3
0.13158,0.0,10.01,0,0.547,-0.016747738297342725,72.5,2.7301,6,432,17.8,393.3,4336610430.377059,21.2
0.15098,0.0,10.01,0,0.547,-0.08217631530808606,82.6,2.7474,6,432,17.8,394.51,3758194151.3203263,19.2
0.13058,0.0,10.01,0,0.547,-0.08632228737215619,73.1,2.4775,6,432,17.8,338.63,5652425481.423633,20.4
0.14476,0.0,10.01,0,0.547,0.12008058339714449,65.2,2.7592,6,432,17.8,391.5,4998570116.743,19.3
0.06899,0.0,25.65,0,0.581,0.08302791107861968,69.7,2.2577,2,188,19.1,389.15,5211051471.578808,22.0
0.07165,0.0,25.65,0,0.581,0.07067820097742772,84.1,2.1974,2,188,19.1,377.67,5191686593.381729,20.3
0.09299,0.0,25.65,0,0.581,0.009957763189532523,92.9,2.0869,2,188,19.1,378.09,6473413035.76443,20.5
0.15038,0.0,25.65,0,0.581,0.17319059531541298,97.0,1.9444,2,188,19.1,370.31,9252862889.32123,17.3
0.09849,0.0,25.65,0,0.581,-0.11367985175751509,95.8,2.0063,2,188,19.1,379.38,6361546405.759359,18.8
0.16902,0.0,25.65,0,0.581,0.0034907582368986084,88.4,1.9929,2,188,19.1,385.02,5445726263.568238,21.4
0.38735,0.0,25.65,0,0.581,0.05057882047401537,95.6,1.7572,2,188,19.1,359.29,10017113091.358294,15.7
0.25915,0.0,21.89,0,0.624,0.19070451241988634,96.0,1.7883,4,437,21.2,392.11,6287296820.584414,16.2
0.32543,0.0,21.89,0,0.624,0.07992563366711261,98.8,1.8125,4,437,21.2,396.9,5578179076.877772,18.0
0.88125,0.0,21.89,0,0.624,0.026713324340270694,94.7,1.9799,4,437,21.2,396.9,6651803658.440338,14.3
0.34006,0.0,21.89,0,0.624,-0.021261280071502534,98.9,2.1185,4,437,21.2,395.04,4534278855.966499,19.2
1.19294,0.0,21.89,0,0.624,0.30509216995564836,97.7,2.271,4,437,21.2,396.9,4517599326.875365,19.6
0.59005,0.0,21.89,0,0.624,0.042671140557982566,97.9,2.3274,4,437,21.2,385.76,4104154962.934925,23.0
0.32982,0.0,21.89,0,0.624,-0.13494035299301332,95.4,2.4699,4,437,21.2,388.69,5494942928.631936,18.4
0.97617,0.0,21.89,0,0.624,0.10253038951923867,98.4,2.346,4,437,21.2,262.76,6283267200.654197,15.6
0.55778,0.0,21.89,0,0.624,0.04629138032766522,98.2,2.1107,4,437,21.2,394.67,6285231459.161376,18.1
0.32264,0.0,21.89,0,0.624,-0.07598190140379524,93.5,1.9669,4,437,21.2,378.25,6191100943.476035,17.4
0.35233,0.0,21.89,0,0.624,-0.1163985308898681,98.4,1.8498,4,437,21.2,394.08,5348491527.09443,17.1
0.2498,0.0,21.89,0,0.624,-0.019655740810632205,98.2,1.6686,4,437,21.2,392.04,7828442158.112704,13.3
0.54452,0.0,21.89,0,0.624,0.0746677659381541,97.9,1.6687,4,437,21.2,396.9,6705351507.195443,17.8
0.2909,0.0,21.89,0,0.624,0.007402661378709666,93.6,1.6119,4,437,21.2,388.08,8838923252.218412,14.0
1.62864,0.0,21.89,0,0.624,0.07456918435106842,100.0,1.4394,4,437,21.2,396.9,12535723603.781948,14.4
3.32105,0.0,19.58,1,0.871,-0.03955549475751707,100.0,1.3216,5,403,14.7,396.9,9765256325.795076,13.4
4.0974,0.0,19.58,0,0.871,0.14585437568944967,100.0,1.4118,5,403,14.7,396.9,9641151725.794054,15.6
2.77974,0.0,19.58,0,0.871,-0.031861602562055655,97.8,1.3459,5,403,14.7,396.9,10513648172.773273,11.8
2.37934,0.0,19.58,0,0.871,0.05452089717558396,100.0,1.4191,5,403,14.7,172.91,10064415168.111193,13.8
2.15505,0.0,19.58,0,0.871,-0.2517635033976061,100.0,1.5166,5,403,14.7,169.27,6034471748.106848,15.6
2.36862,0.0,19.58,0,0.871,-0.07115115688211136,95.7,1.4608,5,403,14.7,391.71,10712354686.457493,14.6
2.33099,0.0,19.58,0,0.871,0.05915730756422807,93.8,1.5296,5,403,14.7,356.99,10322181986.169315,17.8
2.73397,0.0,19.58,0,0.871,-0.017561360015901757,94.9,1.5257,5,403,14.7,351.85,7821829835.446748,15.4
1.6566,0.0,19.58,0,0.871,0.30408528585618166,97.3,1.618,5,403,14.7,372.8,5150289812.476657,21.5
1.49632,0.0,19.58,0,0.871,-0.30282838342034635,100.0,1.5916,5,403,14.7,341.6,4844309763.763403,19.6
1.12658,0.0,19.58,1,0.871,0.09931677176181446,88.0,1.6102,5,403,14.7,343.28,4517805883.10091,15.3
2.14918,0.0,19.58,0,0.871,0.09374407672804713,98.5,1.6232,5,403,14.7,261.95,5799015126.263909,19.4
1.41385,0.0,19.58,1,0.871,-0.23380731250327416,96.0,1.7494,5,403,14.7,321.02,5577652332.512829,17.0
3.53501,0.0,19.58,1,0.871,0.06568139336123226,82.6,1.7455,5,403,14.7,88.01,5463035426.711733,15.6
2.44668,0.0,19.58,0,0.871,0.12438929677556516,94.0,1.7364,5,403,14.7,88.63,5912097543.52782,13.1
1.22358,0.0,19.58,0,0.605,-0.10208891290953628,97.4,1.8773,5,403,14.7,363.43,1543821134.5335827,41.3
1.34284,0.0,19.58,0,0.605,0.29452525660120493,100.0,1.7573,5,403,14.7,353.89,2312598895.596143,24.3
1.42502,0.0,19.58,0,0.871,0.07712758309675398,100.0,1.7659,5,403,14.7,364.31,2771325833.0298295,23.3
1.27346,0.0,19.58,1,0.605,0.14499728298996098,92.6,1.7984,5,403,14.7,338.92,1943552241.3368309,27.0
1.46336,0.0,19.58,0,0.605,-0.2264696693546173,90.8,1.9709,5,403,14.7,374.43,746242420.717058,50.0
1.83377,0.0,19.58,1,0.605,-0.22326454965462275,98.2,2.0407,5,403,14.7,389.61,698375824.9225641,50.0
1.51902,0.0,19.58,1,0.605,-0.1533119325661469,93.9,2.162,5,403,14.7,388.45,1179122318.1948576,50.0
2.24236,0.0,19.58,0,0.605,-0.026604024592676995,91.8,2.422,5,403,14.7,395.11,4158272819.294723,22.7
2.924,0.0,19.58,0,0.605,-0.030259068269060302,93.0,2.2834,5,403,14.7,240.16,3709980449.447441,25.0
2.01019,0.0,19.58,0,0.605,0.01753158215074788,96.2,2.0459,5,403,14.7,369.3,1280083822.35495,50.0
1.80028,0.0,19.58,0,0.605,0.09700856996295323,79.2,2.4259,5,403,14.7,227.61,4369047169.285801,23.8
2.3004,0.0,19.58,0,0.605,-0.11895504787316553,96.1,2.1,5,403,14.7,297.09,3991048371.7937737,23.8
2.44953,0.0,19.58,0,0.605,-0.11106468139097192,95.2,2.2625,5,403,14.7,330.04,4164391245.5003815,22.3
1.20742,0.0,19.58,0,0.605,0.0696942642712848,94.6,2.4259,5,403,14.7,292.29,5265576589.143676,17.4
2.3139,0.0,19.58,0,0.605,0.14532548562427494,97.3,2.3887,5,403,14.7,348.13,4342035426.287352,19.1
0.13914,0.0,4.05,0,0.51,0.0647454203426204,88.5,2.5961,5,296,16.6,396.9,5348784948.541719,23.1
0.09178,0.0,4.05,0,0.51,0.06103298007123417,84.1,2.6463,5,296,16.6,395.5,3342333056.387303,23.6
0.08447,0.0,4.05,0,0.51,0.02835107854210768,68.7,2.7019,5,296,16.6,393.23,3521011751.506992,22.6
0.06664,0.0,4.05,0,0.51,-0.07359345235102757,33.1,3.1323,5,296,16.6,390.96,1970911885.5490327,29.4
0.07022,0.0,4.05,0,0.51,0.11921092946418194,47.2,3.5549,5,296,16.6,393.23,3693175688.742713,23.2
0.05425,0.0,4.05,0,0.51,0.06716106464276406,73.4,3.3175,5,296,16.6,395.6,2344246290.5066977,24.6
0.06642,0.0,4.05,0,0.51,-0.06613675635289146,74.4,2.9153,5,296,16.6,391.27,2561034866.199377,29.9
0.0578,0.0,2.46,0,0.488,-0.04531147735293633,58.4,2.829,3,193,17.8,396.9,1878930534.5690143,37.2
0.06588,0.0,2.46,0,0.488,0.07838045252033995,83.3,2.741,3,193,17.8,395.56,2767289569.5386033,39.8
0.06888,0.0,2.46,0,0.488,-0.005468160476543166,62.2,2.5979,3,193,17.8,396.9,3444152234.552352,36.2
0.09103,0.0,2.46,0,0.488,-0.037131282193439696,92.2,2.7006,3,193,17.8,394.12,1815966127.3917308,37.9
0.10008,0.0,2.46,0,0.488,-0.1134619228533332,95.6,2.847,3,193,17.8,396.9,2057364815.7408054,32.5
0.08308,0.0,2.46,0,0.488,0.2054522987953249,89.8,2.9879,3,193,17.8,391.0,5030276591.001885,26.4
0.06047,0.0,2.46,0,0.488,0.11516299387353048,68.8,3.2797,3,193,17.8,387.11,4829768255.313985,29.6
0.05602,0.0,2.46,0,0.488,-0.2185850838654958,53.6,3.1992,3,193,17.8,392.63,1669752012.514891,50.0
0.07875,45.0,3.44,0,0.437,-0.024908855413177906,41.1,3.7886,5,398,15.2,393.87,2513020472.7256985,32.0
0.12579,45.0,3.44,0,0.437,0.18766361445792384,29.1,4.5667,5,398,15.2,382.84,1686544370.017008,29.8
0.0837,45.0,3.44,0,0.437,-0.10690047023247114,38.9,4.5667,5,398,15.2,396.9,1863146568.9342403,34.9
0.09068,45.0,3.44,0,0.437,0.020413226147961087,21.5,6.4798,5,398,15.2,377.68,1872123661.3124268,37.0
0.06911,45.0,3.44,0,0.437,-0.11543010617664212,30.8,6.4798,5,398,15.2,389.71,1709864041.9179547,30.5
0.08664,45.0,3.44,0,0.437,-0.0355832576642935,26.3,6.4798,5,398,15.2,390.49,1070845499.9084959,36.4
0.02187,60.0,2.93,0,0.401,-0.015573089694450447,9.9,6.2196,1,265,15.6,393.37,1802743309.6505742,31.1
0.01439,60.0,2.93,0,0.401,-0.17788473081337292,18.8,6.2196,1,265,15.6,376.7,1599981741.2354875,29.1
0.01381,80.0,0.46,0,0.422,-0.01591263531500428,32.0,5.6484,4,255,14.4,394.23,1016920934.8086293,50.0
0.04011,80.0,1.52,0,0.404,-0.3190419584283361,34.1,7.309,2,329,12.6,396.9,1514129895.035184,33.3
0.04666,80.0,1.52,0,0.404,-0.02689200051105422,36.6,7.309,2,329,12.6,354.31,3192418016.24316,30.3
0.03768,80.0,1.52,0,0.404,-0.0342590401195504,38.3,7.309,2,329,12.6,392.2,2383590547.123541,34.6
0.0315,95.0,1.47,0,0.403,-0.4247259595087687,15.3,7.6534,3,402,17.0,396.9,1729476643.8951464,34.9
0.01778,95.0,1.47,0,0.403,-0.14879146731116313,13.9,7.6534,3,402,17.0,384.3,1622157110.0909193,32.9
0.03445,82.5,2.03,0,0.415,0.05162075545507244,38.4,6.27,2,348,14.7,393.77,2685988552.7064853,24.1
0.02177,82.5,2.03,0,0.415,-0.0190837883376226,15.7,6.27,2,348,14.7,395.38,1130760387.7269125,42.3
0.0351,95.0,2.68,0,0.4161,0.1173344847390636,33.2,5.118,4,224,14.7,392.78,1336447604.8928657,48.5
0.02009,95.0,2.68,0,0.4161,0.2347813261997212,31.9,5.118,4,224,14.7,390.55,1074499415.223688,50.0
0.13642,0.0,10.59,0,0.489,0.09908209714501182,22.3,3.9454,4,277,18.6,396.9,3946034682.8722854,22.6
0.22969,0.0,10.59,0,0.489,0.04306118654977381,52.5,4.3549,4,277,18.6,394.87,3986729890.8912497,24.4
0.25199,0.0,10.59,0,0.489,0.15790362669655872,72.7,4.3549,4,277,18.6,389.43,6619174397.108217,22.5
0.13587,0.0,10.59,1,0.489,0.26946184721283245,59.1,4.2392,4,277,18.6,381.32,5290990114.794639,24.4
0.43571,0.0,10.59,1,0.489,0.17789913980326497,100.0,3.875,4,277,18.6,396.9,8433075461.228136,20.0
0.17446,0.0,10.59,1,0.489,0.11341143029323576,92.1,3.8771,4,277,18.6,393.25,6274637918.303043,21.7
0.37578,0.0,10.59,1,0.489,-0.07304951289803915,88.6,3.665,4,277,18.6,395.24,8732151000.065042,19.3
0.21719,0.0,10.59,1,0.489,-0.007578845095397663,53.8,3.6526,4,277,18.6,390.94,5846707955.5301895,22.4
0.14052,0.0,10.59,0,0.489,-0.06563653069261349,32.3,3.9454,4,277,18.6,385.81,3494634946.719224,28.1
0.28955,0.0,10.59,0,0.489,0.22707322945885067,9.8,3.5875,4,277,18.6,348.93,10732328848.147385,23.7
0.19802,0.0,10.59,0,0.489,0.2988279529927831,42.4,3.9454,4,277,18.6,393.63,3369080459.738191,25.0
0.0456,0.0,13.89,1,0.55,-0.19009162649850456,56.0,3.1121,5,276,16.4,392.8,4884574182.418959,23.3
0.07013,0.0,13.89,0,0.55,0.10964353575176342,85.1,3.4211,5,276,16.4,392.78,3454754580.912467,28.7
0.11069,0.0,13.89,1,0.55,0.01046335992698898,93.8,2.8893,5,276,16.4,396.9,6549894254.942718,21.5
0.11425,0.0,13.89,1,0.55,-0.04633715572464396,92.4,3.3633,5,276,16.4,393.74,3722524197.787778,23.0
0.35809,0.0,6.2,1,0.507,-0.004125667018203889,88.5,2.8617,8,307,17.4,391.7,3466477337.856002,26.7
0.40771,0.0,6.2,1,0.507,-0.05230939726963427,91.3,3.048,8,307,17.4,395.24,7827326941.073214,21.7
0.62356,0.0,6.2,1,0.507,-0.026428115767808097,77.7,3.2721,8,307,17.4,390.39,3715465265.9071836,27.5
0.6147,0.0,6.2,0,0.507,-0.0765363203284486,80.8,3.2721,8,307,17.4,396.9,2742472798.034054,30.1
0.31533,0.0,6.2,0,0.504,-0.08037457820705232,78.3,2.8944,8,307,17.4,385.05,1463435172.9581983,44.8
0.52693,0.0,6.2,0,0.504,0.06309346764585848,83.0,2.8944,8,307,17.4,382.0,1635124042.0791924,50.0
0.38214,0.0,6.2,0,0.504,-0.1141066167990404,86.5,3.2157,8,307,17.4,387.38,1227852542.118429,37.6
0.41238,0.0,6.2,0,0.504,-0.01293700227254009,79.9,3.2157,8,307,17.4,372.08,2231708842.880697,31.6
0.29819,0.0,6.2,0,0.504,-0.15986570847868495,17.0,3.3751,8,307,17.4,377.51,1476670935.7493393,46.7
0.44178,0.0,6.2,0,0.504,0.05816645084186486,21.4,3.3751,8,307,17.4,380.34,1297278424.1869283,31.5
0.537,0.0,6.2,0,0.504,0.0031405110129774857,68.1,3.6715,8,307,17.4,378.35,4268595153.3629875,24.3
0.46296,0.0,6.2,0,0.504,-0.18603191974993072,76.9,3.6715,8,307,17.4,376.14,1884980303.1654181,31.7
0.57529,0.0,6.2,0,0.507,-0.04519349392317781,73.3,3.8384,8,307,17.4,385.91,966181465.784712,41.7
0.33147,0.0,6.2,0,0.507,-0.034111338375452875,70.4,3.6519,8,307,17.4,378.95,1446290757.4739425,48.3
0.44791,0.0,6.2,1,0.507,-0.12017483457720456,66.5,3.6519,8,307,17.4,360.2,2986620392.9178944,29.0
0.33045,0.0,6.2,0,0.507,0.0364684981347452,61.5,3.6519,8,307,17.4,376.75,3946012641.5281734,24.0
0.52058,0.0,6.2,1,0.507,0.30082629621722756,76.5,4.148,8,307,17.4,388.45,3438059870.742213,25.1
0.51183,0.0,6.2,0,0.507,0.07581471190065528,71.6,4.148,8,307,17.4,390.07,1751898255.7910771,31.5
0.08244,30.0,4.93,0,0.428,0.170703358782917,18.5,6.1899,6,300,16.6,379.41,2283525957.9484944,23.7
0.09252,30.0,4.93,0,0.428,-0.054259361792476174,42.2,6.1899,6,300,16.6,383.78,2662946939.5659757,23.3
0.11329,30.0,4.93,0,0.428,-0.03244995424403149,54.3,6.3361,6,300,16.6,391.25,4154532101.45908,22.0
0.10612,30.0,4.93,0,0.428,0.13188198940336926,65.1,6.3361,6,300,16.6,394.62,4455069918.2034,20.1
0.1029,30.0,4.93,0,0.428,0.029402839539076984,52.9,7.0355,6,300,16.6,372.75,4076862857.748083,22.2
0.12757,30.0,4.93,0,0.428,0.1518844483756573,7.8,7.0355,6,300,16.6,374.71,1950797466.47179,23.7
0.20608,22.0,5.86,0,0.431,0.2849162505962934,76.5,7.9549,7,330,19.1,372.49,4456432043.802159,17.6
0.19133,22.0,5.86,0,0.431,-0.013009413873936004,70.2,7.9549,7,330,19.1,389.13,6719601752.488259,18.5
0.33983,22.0,5.86,0,0.431,-0.004933810780962271,34.9,8.0555,7,330,19.1,390.18,3237426874.852487,24.3
0.19657,22.0,5.86,0,0.431,-0.01037909559700026,79.2,8.0555,7,330,19.1,376.14,3681943034.571722,20.5
0.16439,22.0,5.86,0,0.431,-0.07416803672474427,49.1,7.8265,7,330,19.1,374.71,3403764482.071197,24.5
0.19073,22.0,5.86,0,0.431,-0.23606315716249204,17.5,7.8265,7,330,19.1,393.74,2439720289.7796054,26.2
0.1403,22.0,5.86,0,0.431,-0.06523291668027605,13.0,7.3967,7,330,19.1,396.28,2182187710.770343,24.4
0.21409,22.0,5.86,0,0.431,0.2819013409585098,8.9,7.3967,7,330,19.1,377.07,1357092900.2017686,24.8
0.08221,22.0,5.86,0,0.431,0.08038094972932874,6.8,8.9067,7,330,19.1,386.09,1267731085.141927,29.6
0.36894,22.0,5.86,0,0.431,0.005452264673407051,8.4,8.9067,7,330,19.1,396.9,1314947368.7461636,42.8
0.04819,80.0,3.64,0,0.392,0.1446233328422884,32.0,9.2203,1,315,16.4,392.89,2381511694.1599436,21.9
0.03548,80.0,3.64,0,0.392,-0.0015742465681717749,19.1,9.2203,1,315,16.4,395.18,3261843526.1050105,20.9
0.01538,90.0,3.75,0,0.394,0.08666179007326429,34.2,6.3361,3,244,15.9,386.34,1091339300.5404952,44.0
0.61154,20.0,3.97,0,0.647,-0.2862657512765359,86.9,1.801,5,264,13.0,389.7,1833480132.8416922,50.0
0.66351,20.0,3.97,0,0.647,0.1511833072953357,100.0,1.8946,5,264,13.0,383.29,2810374358.218809,36.0
0.65665,20.0,3.97,0,0.647,0.06324413307379108,100.0,2.0107,5,264,13.0,391.93,2494146825.3188334,30.1
0.54011,20.0,3.97,0,0.647,-0.1845009011478745,81.8,2.1121,5,264,13.0,392.8,3484724986.7885675,33.8
0.53412,20.0,3.97,0,0.647,0.04595170722254306,89.4,2.1398,5,264,13.0,388.37,2635301257.4411254,43.1
0.52014,20.0,3.97,0,0.647,-0.20111293337898842,91.5,2.2885,5,264,13.0,386.86,2197652197.7947865,48.8
0.82526,20.0,3.97,0,0.647,-0.07621963611928523,94.5,2.0788,5,264,13.0,393.42,4087869216.0628295,31.0
0.55007,20.0,3.97,0,0.647,0.0477754510817978,91.6,1.9301,5,264,13.0,387.89,2943041452.30707,36.5
0.76162,20.0,3.97,0,0.647,0.28777826264114165,62.8,1.9865,5,264,13.0,392.4,3775556731.6998987,22.8
0.7857,20.0,3.97,0,0.647,0.09461528246659708,84.6,2.1329,5,264,13.0,384.07,5347420078.839845,30.7
0.57834,20.0,3.97,0,0.575,0.22331708047624615,67.0,2.4216,5,264,13.0,384.54,2729501113.214922,50.0
0.5405,20.0,3.97,0,0.575,0.21005277013346907,52.6,2.872,5,264,13.0,390.3,1131507903.3211212,43.5
0.09065,20.0,6.96,1,0.464,0.10719660619870247,61.5,3.9175,3,223,18.6,391.34,4941167373.173095,20.7
0.29916,20.0,6.96,0,0.464,-0.009481093359522318,42.1,4.429,3,223,18.6,388.65,4668678012.248357,21.1
0.16211,20.0,6.96,0,0.464,0.008702306745368812,16.3,4.429,3,223,18.6,396.9,2444461790.854578,25.2
0.1146,20.0,6.96,0,0.464,0.09875195002804729,58.7,3.9175,3,223,18.6,394.96,2844847977.347791,24.4
0.22188,20.0,6.96,1,0.464,0.06141931958703907,51.8,4.3665,3,223,18.6,390.77,2363180941.566298,35.2
0.05644,40.0,6.41,1,0.447,-0.019166157245763454,32.9,4.0776,4,254,17.6,396.9,1236764087.111709,32.4
0.09604,40.0,6.41,0,0.447,-0.023141299879437978,42.8,4.2673,4,254,17.6,396.9,1147287323.4753752,32.0
0.10469,40.0,6.41,1,0.447,0.1250525884722621,49.0,4.7872,4,254,17.6,389.25,2266190529.5967717,33.2
0.06127,40.0,6.41,1,0.447,-0.08326317280352404,27.6,4.8628,4,254,17.6,393.45,1522975129.5740552,33.1
0.07978,40.0,6.41,0,0.447,0.0347417667563328,32.1,4.1403,4,254,17.6,396.9,2584820001.7955213,29.1
0.21038,20.0,3.33,0,0.4429,0.008944722427501963,32.2,4.1007,5,216,14.9,396.9,1693377734.0426457,35.1
0.03578,20.0,3.33,0,0.4429,0.08508521492643056,64.5,4.6947,5,216,14.9,387.31,1457920539.47651,45.4
0.03705,20.0,3.33,0,0.4429,-0.15716228794108608,37.2,5.2447,5,216,14.9,392.23,1559273025.364995,35.4
0.06129,20.0,3.33,1,0.4429,0.2834588826562352,49.7,5.2119,5,216,14.9,377.07,1167678316.3165677,46.0
0.01501,90.0,1.21,1,0.401,0.06503045206307352,24.8,5.885,1,198,13.6,395.52,1180261118.7639399,50.0
0.00906,90.0,2.97,0,0.4,-0.02095385776161085,20.8,7.3073,1,285,15.3,394.72,2865823653.8297653,32.2
0.01096,55.0,2.25,0,0.389,0.2903080065192579,31.9,7.3073,1,300,15.3,394.72,2965628331.528772,22.0
0.01965,80.0,1.76,0,0.385,-0.061507832724349065,31.5,9.0892,1,241,18.2,341.6,4717449578.087812,20.1
0.03871,52.5,5.32,0,0.405,0.23662983458772655,31.3,7.3172,6,293,16.6,396.9,2591895164.1658487,23.2
0.0459,52.5,5.32,0,0.405,-0.10570686036998322,45.6,7.3172,6,293,16.6,396.9,2844875119.6762466,22.3
0.04297,52.5,5.32,0,0.405,-0.05340381576350435,22.9,7.3172,6,293,16.6,371.72,3391483259.816185,24.8
0.03502,80.0,4.95,0,0.411,-0.1278486591502835,27.9,5.1167,4,245,19.2,396.9,1176204577.247216,28.5
0.07886,80.0,4.95,0,0.411,-0.08798812965881886,27.7,5.1167,4,245,19.2,396.9,1313576334.9242504,37.3
0.03615,80.0,4.95,0,0.411,0.17524766518846868,23.4,5.1167,4,245,19.2,396.9,1798921869.047513,27.9
0.08265,0.0,13.92,0,0.437,0.03601223251411517,18.4,5.5027,4,289,16.0,396.9,3066238261.35365,23.9
0.08199,0.0,13.92,0,0.437,-0.015417981337060533,42.3,5.5027,4,289,16.0,396.9,3708864317.337158,21.7
0.12932,0.0,13.92,0,0.437,-0.08316158281946284,31.1,5.9604,4,289,16.0,396.9,2311438821.537839,28.6
0.05372,0.0,13.92,0,0.437,-0.29373264675979693,51.0,5.9604,4,289,16.0,392.85,2678743012.488864,27.1
0.14103,0.0,13.92,0,0.437,0.12308788838865166,58.0,6.32,4,289,16.0,396.9,5797962718.0461445,20.3
0.06466,70.0,2.24,0,0.4,-0.020252975513742263,20.1,7.8278,5,358,14.8,368.24,1859007591.392426,22.5
0.05561,70.0,2.24,0,0.4,-0.13534873457004404,10.0,7.8278,5,358,14.8,371.58,1655828518.1468065,29.0
0.04417,70.0,2.24,0,0.4,-0.15944143222619298,47.4,7.8278,5,358,14.8,390.86,2181493512.5673866,24.8
0.03537,34.0,6.09,0,0.433,-0.05914126379320175,40.4,5.4917,7,329,16.1,395.75,3359244762.626487,22.0
0.09266,34.0,6.09,0,0.433,-0.23466040243173486,18.4,5.4917,7,329,16.1,383.61,3138636601.56481,26.4
0.1,34.0,6.09,0,0.433,0.06730545532450158,17.7,5.4917,7,329,16.1,390.43,1753254517.1957276,33.1
0.05515,33.0,2.18,0,0.472,-0.25007849098994667,41.1,4.022,7,222,18.4,393.68,2519655751.7149544,36.1
0.05479,33.0,2.18,0,0.472,0.0023801987845914405,58.1,3.37,7,222,18.4,393.36,3326509707.3828506,28.4
0.07503,33.0,2.18,0,0.472,0.4013329644465494,71.9,3.0992,7,222,18.4,396.9,2373748807.5045304,33.4
0.04932,33.0,2.18,0,0.472,-0.11482161732496421,70.3,3.1827,7,222,18.4,396.9,2816561227.97668,28.2
0.49298,0.0,9.9,0,0.544,0.13773763337985462,82.5,3.3175,4,304,18.4,396.9,1575348996.2319875,22.8
0.3494,0.0,9.9,0,0.544,0.05467916172558393,76.7,3.1025,4,304,18.4,396.24,3694033450.951226,20.3
2.63548,0.0,9.9,0,0.544,-0.29093010714230066,37.8,2.5194,4,304,18.4,350.45,4561630347.087846,16.1
0.79041,0.0,9.9,0,0.544,0.1517254200921171,52.8,2.6403,4,304,18.4,396.9,2132740993.9785695,22.1
0.26169,0.0,9.9,0,0.544,-0.026887971431395877,90.4,2.834,4,304,18.4,396.3,4253893196.4799147,19.4
0.26938,0.0,9.9,0,0.544,0.030422527553573733,82.8,3.2628,4,304,18.4,393.39,2964665817.72842,21.6
0.3692,0.0,9.9,0,0.544,-0.15748249576558265,87.3,3.6023,4,304,18.4,395.69,3428555428.7284117,23.8
0.25356,0.0,9.9,0,0.544,-0.12794348912991593,77.7,3.945,4,304,18.4,396.42,4251216727.609857,16.2
0.31827,0.0,9.9,0,0.544,-0.14193918898135197,83.2,3.9986,4,304,18.4,390.7,6645468722.606741,17.8
0.24522,0.0,9.9,0,0.544,-0.08371950034765108,71.7,4.0317,4,304,18.4,396.9,5798687113.455792,19.8
0.40202,0.0,9.9,0,0.544,-0.07220919905109699,67.2,3.5325,4,304,18.4,395.21,3688810061.394273,23.1
0.47547,0.0,9.9,0,0.544,0.23502378120495676,58.8,4.0019,4,304,18.4,396.23,4653731986.781728,21.0
0.1676,0.0,7.38,0,0.493,0.1770872627879026,52.3,4.5404,5,287,19.6,396.9,2617114860.7542443,23.8
0.18159,0.0,7.38,0,0.493,0.15479825272342224,54.3,4.5404,5,287,19.6,396.9,2463097406.4056473,23.1
0.35114,0.0,7.38,0,0.493,0.2626693248346349,49.9,4.7211,5,287,19.6,396.9,2845371961.6315236,20.4
0.28392,0.0,7.38,0,0.493,-0.13556297539391332,74.3,4.7211,5,287,19.6,391.13,4238228484.428221,18.5
0.34109,0.0,7.38,0,0.493,0.03454017100348722,40.1,4.7211,5,287,19.6,396.9,2206928676.1005645,25.0
0.19186,0.0,7.38,0,0.493,0.1360798385733713,14.7,5.4159,5,287,19.6,393.68,1939838831.401348,24.6
0.30347,0.0,7.38,0,0.493,0.3130883610911526,28.9,5.4159,5,287,19.6,396.9,2263073612.5690546,23.0
0.24103,0.0,7.38,0,0.493,0.1679181011347311,43.7,5.4159,5,287,19.6,396.9,4691762266.775766,22.2
0.06617,0.0,3.24,0,0.46,0.16864335122522844,25.8,5.2146,4,430,16.9,382.44,3720518609.067047,19.3
0.06724,0.0,3.24,0,0.46,0.03754615592996108,17.2,5.2146,4,430,16.9,375.21,2642029775.537087,22.6
0.04544,0.0,3.24,0,0.46,-0.1882460759596255,32.2,5.8736,4,430,16.9,368.57,3385237076.677206,19.8
0.05023,35.0,6.06,0,0.4379,-0.051734584564620836,28.4,6.6407,1,304,16.9,394.02,4497421510.311673,17.1
0.03466,35.0,6.06,0,0.4379,-0.028365892813668726,23.3,6.6407,1,304,16.9,362.25,2823788241.6212745,19.4
0.05083,0.0,5.19,0,0.515,0.12932883276850266,38.1,6.4584,5,224,20.2,389.71,2168181555.8465805,22.2
0.03738,0.0,5.19,0,0.515,-0.018826706469690785,38.5,6.4584,5,224,20.2,389.4,2416493015.8028383,20.7
0.03961,0.0,5.19,0,0.515,0.004122356686826096,34.5,5.9853,5,224,20.2,396.9,2966492561.8012333,21.1
0.03427,0.0,5.19,0,0.515,0.03398857533924175,46.3,5.2311,5,224,20.2,396.9,3572288578.525694,19.5
0.03041,0.0,5.19,0,0.515,-0.1196985500585635,59.6,5.615,5,224,20.2,394.81,3743933744.4272175,18.5
0.03306,0.0,5.19,0,0.515,0.0027176031955834234,37.3,4.8122,5,224,20.2,396.14,3101171349.5265923,20.6
0.05497,0.0,5.19,0,0.515,-0.11109400545448217,45.4,4.8122,5,224,20.2,396.9,3555712774.7933297,19.0
0.06151,0.0,5.19,0,0.515,0.04355169141696129,58.5,4.8122,5,224,20.2,396.9,3320806487.155293,18.7
0.01301,35.0,1.52,0,0.442,-0.11473635983015644,49.3,7.0379,1,284,15.5,394.74,2081475445.2452881,32.7
0.02498,0.0,1.89,0,0.518,-0.12603458749000743,59.7,6.2669,1,422,15.9,389.96,3041112612.3205943,16.5
0.02543,55.0,3.78,0,0.484,-0.1545964939131976,56.4,5.7321,5,370,17.6,396.9,2630849927.108582,23.9
0.03049,55.0,3.78,0,0.484,0.06774682266275714,28.1,6.4654,5,370,17.6,387.97,1744010449.5768409,31.2
0.03113,0.0,4.39,0,0.442,0.039953781996589596,48.5,8.0136,3,352,18.8,385.64,3828155517.2344537,17.5
0.06162,0.0,4.39,0,0.442,-0.21895839673136078,52.3,8.0136,3,352,18.8,364.61,4597824061.066985,17.2
0.0187,85.0,4.15,0,0.429,-0.01973353097014483,27.7,8.5353,4,351,17.9,392.43,2265255060.7363954,23.1
0.01501,80.0,2.01,0,0.435,0.019518254652348355,29.7,8.344,4,280,17.0,390.94,2182785242.305471,24.5
0.02899,40.0,1.25,0,0.429,0.10382570683266382,34.5,8.7921,1,335,19.7,389.85,2245471219.8314223,26.6
0.06211,40.0,1.25,0,0.429,0.27939116437506123,44.4,8.7921,1,335,19.7,396.9,2064500924.8648705,22.9
0.0795,60.0,1.69,0,0.411,-0.21266567323777447,35.9,10.7103,4,411,18.3,370.78,1998006604.0276458,24.1
0.07244,60.0,1.69,0,0.411,0.30510170365604017,18.5,10.7103,4,411,18.3,392.33,2825144985.4934015,18.6
0.01709,90.0,2.02,0,0.41,-0.17578567907956655,36.1,12.1265,5,187,17.0,384.46,1670267258.7312193,30.1
0.04301,80.0,1.91,0,0.413,0.09303620242552035,21.9,10.5857,4,334,22.0,382.8,2933461370.746182,18.2
0.10659,80.0,1.91,0,0.413,-0.003557480159432358,19.5,10.5857,4,334,22.0,376.04,1973679404.8478293,20.6
8.98296,0.0,18.1,1,0.77,0.048086335943733474,97.4,2.1222,24,666,20.2,377.73,6454412916.736158,17.8
3.8497,0.0,18.1,1,0.77,0.19180793667973464,91.0,2.5052,24,666,20.2,391.34,4944839178.413955,21.7
5.20177,0.0,18.1,1,0.77,-0.009093060209449277,83.4,2.7227,24,666,20.2,395.43,4147406990.162563,22.7
4.26131,0.0,18.1,0,0.77,0.054327036105149495,81.3,2.5091,24,666,20.2,390.74,4616359233.512114,22.6
4.54192,0.0,18.1,0,0.77,0.2977333905858471,88.0,2.5182,24,666,20.2,374.56,2737200612.832341,25.0
3.83684,0.0,18.1,0,0.77,0.16676609803949224,91.1,2.2955,24,666,20.2,350.65,5200676022.80309,19.9
3.67822,0.0,18.1,0,0.77,0.012444789140717942,96.2,2.1036,24,666,20.2,380.79,3710463100.5810013,20.8
4.22239,0.0,18.1,1,0.77,-0.037481082914976586,89.0,1.9047,24,666,20.2,353.04,5243717702.461477,16.8
3.47428,0.0,18.1,1,0.718,0.07530146514020884,82.9,1.9047,24,666,20.2,354.55,1943584772.983912,21.9
4.55587,0.0,18.1,0,0.718,0.12376096437559513,87.9,1.6132,24,666,20.2,354.7,2553200214.7271276,27.5
3.69695,0.0,18.1,0,0.718,-0.14742737472618872,91.4,1.7523,24,666,20.2,316.03,5148608269.314595,21.9
13.5222,0.0,18.1,0,0.631,-0.05171378200001944,100.0,1.5106,24,666,20.2,131.42,4912352119.485879,23.1
4.89822,0.0,18.1,0,0.631,0.0890626727460738,100.0,1.3325,24,666,20.2,375.52,1155576692.4721298,50.0
5.66998,0.0,18.1,1,0.631,0.2498577633579197,96.8,1.3567,24,666,20.2,375.33,1366851393.3961773,50.0
6.53876,0.0,18.1,1,0.631,0.04400071053900359,97.5,1.2024,24,666,20.2,392.05,1098233168.758176,50.0
9.2323,0.0,18.1,0,0.631,0.006624185093746529,100.0,1.1691,24,666,20.2,366.15,3341038937.9284487,50.0
8.26725,0.0,18.1,1,0.668,-0.012484941308725156,89.6,1.1296,24,666,20.2,347.88,3217627048.344464,50.0
11.1081,0.0,18.1,0,0.668,0.10577058530522698,100.0,1.1742,24,666,20.2,396.9,12682216231.399612,13.8
18.4982,0.0,18.1,0,0.668,0.08616272797820418,100.0,1.137,24,666,20.2,396.9,13878633426.001568,13.8
19.6091,0.0,18.1,0,0.671,-0.027821731760506018,97.9,1.3163,24,666,20.2,396.9,4855610866.439194,15.0
15.288,0.0,18.1,0,0.671,-0.03727578075492258,93.3,1.3449,24,666,20.2,363.02,8380849853.377967,13.9
9.82349,0.0,18.1,0,0.671,0.12180904210474339,98.8,1.358,24,666,20.2,396.9,7634200667.896799,13.3
23.6482,0.0,18.1,0,0.671,-0.14074115234983256,96.2,1.3861,24,666,20.2,396.9,8610573441.846905,13.1
17.8667,0.0,18.1,0,0.671,0.026790990448725877,100.0,1.3861,24,666,20.2,393.74,7817112301.602809,10.2
88.9762,0.0,18.1,0,0.671,0.12136548180010953,91.9,1.4165,24,666,20.2,396.9,6300062604.2693815,10.4
15.8744,0.0,18.1,0,0.671,-0.13621885933620517,99.1,1.5192,24,666,20.2,396.9,7687235456.757539,10.9
9.18702,0.0,18.1,0,0.7,-0.01224213036138921,100.0,1.5804,24,666,20.2,396.9,8686580614.366438,11.3
7.99248,0.0,18.1,0,0.7,-0.0763640213008865,100.0,1.5331,24,666,20.2,396.9,8944912232.238365,12.3
20.0849,0.0,18.1,0,0.7,0.14245210735060634,91.2,1.4395,24,666,20.2,285.83,11099541979.539288,8.8
16.8118,0.0,18.1,0,0.7,-0.10554716953496787,98.1,1.4261,24,666,20.2,396.9,11221052194.920265,7.2
24.3938,0.0,18.1,0,0.7,-0.32518803854428185,100.0,1.4672,24,666,20.2,396.9,10251265751.654043,10.5
22.5971,0.0,18.1,0,0.7,0.06485946337271167,89.5,1.5184,24,666,20.2,396.9,11610629098.34587,7.4
14.3337,0.0,18.1,0,0.7,-0.08478080970113436,100.0,1.5895,24,666,20.2,372.92,11102804224.752094,10.2
8.15174,0.0,18.1,0,0.7,-0.048180508510611245,98.9,1.7281,24,666,20.2,396.9,7631174920.926359,11.5
6.96215,0.0,18.1,0,0.7,-0.05360284998567044,97.0,1.9265,24,666,20.2,394.43,6156516648.765022,15.1
5.29305,0.0,18.1,0,0.7,-0.08260987988557612,82.5,2.1678,24,666,20.2,378.38,6878878328.713725,23.2
11.5779,0.0,18.1,0,0.7,-0.10469677014880484,97.0,1.77,24,666,20.2,396.9,9327230561.962816,9.7
8.64476,0.0,18.1,0,0.693,0.013518633464278538,92.6,1.7912,24,666,20.2,396.9,5495598076.009207,13.8
13.3598,0.0,18.1,0,0.693,-0.014451793405818633,94.7,1.7821,24,666,20.2,396.9,5979811531.068784,12.7
8.71675,0.0,18.1,0,0.693,-0.054647103510426266,98.8,1.7257,24,666,20.2,391.98,6208230352.482724,13.1
5.87205,0.0,18.1,0,0.693,-0.036932711014902926,96.0,1.6768,24,666,20.2,396.9,7018293830.724719,12.5
7.67202,0.0,18.1,0,0.693,0.12596197732169684,98.9,1.6334,24,666,20.2,393.1,7219176479.277265,8.5
38.3518,0.0,18.1,0,0.693,0.023614531373449724,100.0,1.4896,24,666,20.2,396.9,11102202788.661701,5.0
9.91655,0.0,18.1,0,0.693,0.013867412512946965,77.8,1.5004,24,666,20.2,338.16,10924166429.886282,6.3
25.0461,0.0,18.1,0,0.693,-0.08316389352080059,100.0,1.5888,24,666,20.2,396.9,9745758849.405136,5.6
14.2362,0.0,18.1,0,0.693,-0.08623456074475364,100.0,1.5741,24,666,20.2,396.9,7442968434.530612,7.2
9.59571,0.0,18.1,0,0.693,0.24797591714367861,100.0,1.639,24,666,20.2,376.11,7409054216.89502,12.1
24.8017,0.0,18.1,0,0.693,-0.17859705658947053,96.0,1.7028,24,666,20.2,396.9,7166505153.565461,8.3
41.5292,0.0,18.1,0,0.693,0.1417348181061001,85.4,1.6074,24,666,20.2,329.46,9982196274.769224,8.5
67.9208,0.0,18.1,0,0.693,0.16271561937143084,100.0,1.4254,24,666,20.2,384.97,8347246651.92741,5.0
20.7162,0.0,18.1,0,0.659,-0.014450410966277014,100.0,1.1781,24,666,20.2,370.22,8591373982.056334,11.9
11.9511,0.0,18.1,0,0.659,-0.03143675861024957,100.0,1.2852,24,666,20.2,332.09,4407992607.4282675,27.9
7.40389,0.0,18.1,0,0.597,-0.18594962066585227,97.9,1.4547,24,666,20.2,314.64,9608916132.534204,17.2
14.4383,0.0,18.1,0,0.597,0.11999425360228064,100.0,1.4655,24,666,20.2,179.36,7257627044.714014,27.5
51.1358,0.0,18.1,0,0.597,0.09270734567094349,100.0,1.413,24,666,20.2,2.6,3676108179.803727,15.0
14.0507,0.0,18.1,0,0.597,-0.0844742924154527,100.0,1.5275,24,666,20.2,35.05,7709965975.233987,17.2
18.811,0.0,18.1,0,0.597,-0.08068201986491093,100.0,1.5539,24,666,20.2,28.79,12497278527.052242,17.9
28.6558,0.0,18.1,0,0.597,0.032617527374942286,100.0,1.5894,24,666,20.2,210.97,7319719123.019191,16.3
45.7461,0.0,18.1,0,0.693,0.018664230564422655,100.0,1.6582,24,666,20.2,88.27,13499202232.56311,7.0
18.0846,0.0,18.1,0,0.679,0.13387689177058176,100.0,1.8347,24,666,20.2,27.25,10614282748.844116,7.2
10.8342,0.0,18.1,0,0.679,0.019066620217413094,90.8,1.8195,24,666,20.2,21.57,9385331343.983418,7.5
25.9406,0.0,18.1,0,0.679,-0.14826138766475222,89.1,1.6475,24,666,20.2,127.36,9696689586.483198,10.4
73.5341,0.0,18.1,0,0.679,0.3020995869038118,100.0,1.8026,24,666,20.2,16.45,7448264846.672141,8.8
11.8123,0.0,18.1,0,0.718,-0.004776374358687718,76.5,1.794,24,666,20.2,48.45,8266703366.368967,8.4
11.0874,0.0,18.1,0,0.718,0.04432789321908579,100.0,1.8589,24,666,20.2,318.75,5467663784.794649,16.7
7.02259,0.0,18.1,0,0.718,-0.01346839631373382,95.3,1.8746,24,666,20.2,319.98,5744927936.626587,14.2
12.0482,0.0,18.1,0,0.614,-0.14972918186605913,87.6,1.9512,24,666,20.2,291.55,5165872778.804275,20.8
7.05042,0.0,18.1,0,0.614,0.008983926602567034,85.1,2.0218,24,666,20.2,2.52,8472394556.312897,13.4
8.79212,0.0,18.1,0,0.584,-0.0639828826177035,70.6,2.0635,24,666,20.2,3.65,6334564680.398966,11.7
15.8603,0.0,18.1,0,0.679,0.18894537666663117,95.4,1.9096,24,666,20.2,7.68,8919562634.130028,8.3
12.2472,0.0,18.1,0,0.584,0.07087357059181286,59.7,1.9976,24,666,20.2,24.65,5672098262.964884,10.2
37.6619,0.0,18.1,0,0.679,-0.015457148664415978,78.7,1.8629,24,666,20.2,18.82,5229748008.025967,10.9
7.36711,0.0,18.1,0,0.679,-0.20998293323134426,78.1,1.9356,24,666,20.2,96.73,7776188401.924871,11.0
9.33889,0.0,18.1,0,0.679,0.31007398455461643,95.6,1.9682,24,666,20.2,60.72,8741507640.468542,9.5
8.49213,0.0,18.1,0,0.584,-0.09881003282105673,86.1,2.0527,24,666,20.2,83.45,6459114047.330938,14.5
10.0623,0.0,18.1,0,0.584,-0.11596733187338482,94.3,2.0882,24,666,20.2,81.33,7136937433.941787,14.1
6.44405,0.0,18.1,0,0.584,-0.12205779893157626,74.8,2.2004,24,666,20.2,97.95,4393708376.05722,16.1
5.58107,0.0,18.1,0,0.713,0.02568110663996459,87.9,2.3158,24,666,20.2,100.19,5789754444.299931,14.3
13.9134,0.0,18.1,0,0.713,0.4739320136492865,95.0,2.2222,24,666,20.2,100.63,5460839044.171199,11.7
11.1604,0.0,18.1,0,0.74,0.08323892030108467,94.6,2.1247,24,666,20.2,109.85,8499080747.005489,13.4
14.4208,0.0,18.1,0,0.74,-0.09397896300569203,93.3,2.0026,24,666,20.2,27.49,6625234810.023451,9.6
15.1772,0.0,18.1,0,0.74,0.12387434474187715,100.0,1.9142,24,666,20.2,9.32,9576465652.225449,8.7
13.6781,0.0,18.1,0,0.74,0.08148628532229056,87.9,1.8206,24,666,20.2,68.95,12364253069.44305,8.4
9.39063,0.0,18.1,0,0.74,-0.11731929235517313,93.9,1.8172,24,666,20.2,396.9,8291123922.623113,12.8
22.0511,0.0,18.1,0,0.74,0.030054012451283134,92.4,1.8662,24,666,20.2,391.45,7963273171.542879,10.5
9.72418,0.0,18.1,0,0.74,-0.05113889404715321,97.2,2.0651,24,666,20.2,385.96,7114359808.554874,17.1
5.66637,0.0,18.1,0,0.74,-0.007684784921498072,100.0,2.0048,24,666,20.2,395.69,6012349394.247089,18.4
9.96654,0.0,18.1,0,0.74,-0.05552597388442831,100.0,1.9784,24,666,20.2,386.73,6936985628.527142,15.4
12.8023,0.0,18.1,0,0.74,0.16983314981195463,96.6,1.8956,24,666,20.2,240.52,8654204424.0099,10.8
10.6718,0.0,18.1,0,0.74,0.09944511802172934,94.8,1.9879,24,666,20.2,43.06,8728259670.598827,11.8
6.28807,0.0,18.1,0,0.74,0.048639337614897,96.4,2.072,24,666,20.2,318.01,6407281140.697995,14.9
9.92485,0.0,18.1,0,0.74,-0.11736177673796552,96.6,2.198,24,666,20.2,388.52,6046750048.090512,12.6
9.32909,0.0,18.1,0,0.713,-0.2042682076037284,98.7,2.2616,24,666,20.2,396.9,6575685306.773062,14.1
7.52601,0.0,18.1,0,0.713,-0.04090215159342819,98.3,2.185,24,666,20.2,304.21,7132813531.653253,13.0
6.71772,0.0,18.1,0,0.713,-0.064709043981716,92.6,2.3236,24,666,20.2,0.32,6320706953.500104,13.4
5.44114,0.0,18.1,0,0.713,-0.09622060323732083,98.2,2.3552,24,666,20.2,355.29,6476150747.99404,15.2
5.09017,0.0,18.1,0,0.713,0.38515463563832136,91.8,2.3682,24,666,20.2,385.09,6325075591.898668,16.1
8.24809,0.0,18.1,0,0.713,0.19190581871554982,99.3,2.4527,24,666,20.2,375.87,6014124478.727228,17.8
9.51363,0.0,18.1,0,0.713,-0.08298268503092862,94.1,2.4961,24,666,20.2,6.68,6789071162.489205,14.9
4.75237,0.0,18.1,0,0.713,-0.03942676668798313,86.5,2.4358,24,666,20.2,50.92,6545637102.540676,14.1
4.66883,0.0,18.1,0,0.713,0.0037693449869824897,87.9,2.5806,24,666,20.2,10.48,6914450542.515413,12.7
8.20058,0.0,18.1,0,0.713,-0.2114841851122632,80.3,2.7792,24,666,20.2,3.5,6037103496.061469,13.5
7.75223,0.0,18.1,0,0.713,0.04382222575765699,83.7,2.7831,24,666,20.2,272.21,5858132761.632431,14.9
6.80117,0.0,18.1,0,0.713,0.07613683444983604,84.4,2.7175,24,666,20.2,396.9,5328861597.830482,20.0
4.81213,0.0,18.1,0,0.713,0.11967752130014336,90.0,2.5975,24,666,20.2,255.23,5949055959.468711,16.4
3.69311,0.0,18.1,0,0.713,0.03673027372711063,88.4,2.5671,24,666,20.2,391.43,5348119776.357213,17.7
6.65492,0.0,18.1,0,0.713,0.227241321100557,83.0,2.7344,24,666,20.2,396.9,5036892607.009208,19.5
5.82115,0.0,18.1,0,0.713,-0.1376154569135103,89.9,2.8016,24,666,20.2,393.82,3735042204.2163095,20.2
7.83932,0.0,18.1,0,0.655,0.03976635394446863,65.4,2.9634,24,666,20.2,396.9,4762093193.327366,21.4
3.1636,0.0,18.1,0,0.655,-0.05183866137806304,48.2,3.0665,24,666,20.2,334.4,5178055140.226998,19.9
3.77498,0.0,18.1,0,0.655,0.1071677595856785,84.7,2.8715,24,666,20.2,22.01,6257859341.851002,19.0
4.42228,0.0,18.1,0,0.584,0.00829798001155746,94.5,2.5403,24,666,20.2,331.29,7844104143.941618,19.1
15.5757,0.0,18.1,0,0.58,-0.0017664110105917973,71.0,2.9084,24,666,20.2,368.74,6569708983.374265,19.1
13.0751,0.0,18.1,0,0.58,-0.024872289146062068,56.7,2.8237,24,666,20.2,396.9,5333761854.414068,20.1
4.34879,0.0,18.1,0,0.58,-0.10738924371733619,84.0,3.0334,24,666,20.2,396.9,5929374508.987348,19.9
4.03841,0.0,18.1,0,0.532,0.013109065486017854,90.7,3.0993,24,666,20.2,395.33,4716113283.678641,19.6
3.56868,0.0,18.1,0,0.58,-0.030795394357663,75.0,2.8965,24,666,20.2,393.37,5227703996.751461,23.2
4.64689,0.0,18.1,0,0.614,-0.029608246886560073,67.6,2.5329,24,666,20.2,374.68,4266509287.504114,29.8
8.05579,0.0,18.1,0,0.584,-0.14345390496812754,95.4,2.4298,24,666,20.2,352.58,6554765725.274749,13.8
6.39312,0.0,18.1,0,0.584,0.13022254974175024,97.4,2.206,24,666,20.2,302.76,8765922391.136381,13.3
4.87141,0.0,18.1,0,0.614,0.05284865662404033,93.6,2.3053,24,666,20.2,396.21,6798737092.527967,16.7
15.0234,0.0,18.1,0,0.614,0.10785282932662361,97.3,2.1007,24,666,20.2,349.48,9096976950.750483,12.0
10.233,0.0,18.1,0,0.614,-0.001984600943457055,96.7,2.1705,24,666,20.2,379.7,6386466257.553812,14.6
14.3337,0.0,18.1,0,0.614,0.004508313909483232,88.0,1.9512,24,666,20.2,383.32,4792332974.368399,21.4
5.82401,0.0,18.1,0,0.532,0.00017905680936445428,64.7,3.4242,24,666,20.2,396.9,3916524183.7895722,23.0
5.70818,0.0,18.1,0,0.532,-0.08093092097304597,74.9,3.3317,24,666,20.2,393.07,2763436757.2027984,23.7
5.73116,0.0,18.1,0,0.532,-0.05862873797723731,77.0,3.4106,24,666,20.2,395.28,2461397610.132216,25.0
2.81838,0.0,18.1,0,0.532,0.15998331379652556,40.3,4.0983,24,666,20.2,392.92,3778875354.6322575,21.8
2.37857,0.0,18.1,0,0.583,0.17696885878257862,41.9,3.724,24,666,20.2,370.73,4842479275.312135,20.6
3.67367,0.0,18.1,0,0.583,0.02120613832697811,51.9,3.9917,24,666,20.2,388.62,3787550193.384746,21.2
5.69175,0.0,18.1,0,0.583,-0.1411595149439343,79.8,3.5459,24,666,20.2,392.68,5375280152.669706,19.1
4.83567,0.0,18.1,0,0.583,-0.03994625848387988,53.2,3.1523,24,666,20.2,388.22,4188460047.8070035,20.6
0.15086,0.0,27.74,0,0.609,0.09442702238972182,92.7,1.8209,4,711,20.1,395.09,6598752469.123059,15.2
0.18337,0.0,27.74,0,0.609,-0.0018961367640950716,98.3,1.7554,4,711,20.1,344.05,8666469702.63963,7.0
0.20746,0.0,27.74,0,0.609,-0.07636423403382427,98.0,1.8226,4,711,20.1,318.43,10822534498.84661,8.1
0.10574,0.0,27.74,0,0.609,0.17856290590555057,98.8,1.8681,4,711,20.1,390.11,6558154169.480751,13.6
0.11132,0.0,27.74,0,0.609,-0.16407415035923617,83.5,2.1099,4,711,20.1,396.9,4829535455.557925,20.1
0.17331,0.0,9.69,0,0.585,-0.026213354368785934,54.0,2.3817,6,391,19.2,396.9,4324110776.205065,21.8
0.27957,0.0,9.69,0,0.585,0.055737661083408684,42.6,2.3817,6,391,19.2,396.9,4836328808.900917,24.5
0.17899,0.0,9.69,0,0.585,-0.28176307764088415,28.8,2.7986,6,391,19.2,393.29,6367169012.04919,23.1
0.2896,0.0,9.69,0,0.585,0.05752270017388382,72.9,2.7986,6,391,19.2,396.9,7640875501.517206,19.7
0.26838,0.0,9.69,0,0.585,0.1272383147625937,70.6,2.8927,6,391,19.2,396.9,5128195344.73564,18.3
0.23912,0.0,9.69,0,0.585,0.13739961404399065,65.3,2.4091,6,391,19.2,396.9,4648800855.7857065,21.2
0.17783,0.0,9.69,0,0.585,0.23664532221948373,73.5,2.3999,6,391,19.2,395.77,5375928264.676799,17.5
0.22438,0.0,9.69,0,0.585,0.00654988114843659,79.7,2.4982,6,391,19.2,396.9,5174160978.224155,16.8
0.06263,0.0,11.93,0,0.573,0.01028022412894037,69.1,2.4786,1,273,21.0,391.99,3498333742.2502313,22.4
0.04527,0.0,11.93,0,0.573,-0.17451338395627333,76.7,2.2875,1,273,21.0,396.9,3215967494.0255723,20.6
0.06076,0.0,11.93,0,0.573,0.047697731427762693,91.0,2.1675,1,273,21.0,396.9,2016051679.352305,23.9
0.10959,0.0,11.93,0,0.573,-0.33778679720742133,89.3,2.3889,1,273,21.0,393.45,2321877125.784703,22.0
0.04741,0.0,11.93,0,0.573,0.19153961570567282,80.8,2.505,1,273,21.0,396.9,2885878232.280675,11.9
