CRIM,ZN,INDUS,CHAS,NOX,RM,AGE,DIS,RAD,TAX,PTRATIO,B,LSTAT,MEDV
0.00632,18.0,2.31,0,0.538,4.479693809184462,65.2,4.09,1,296,15.3,396.9,11.94650214384522,24.0
0.02731,0.0,7.07,0,0.469,4.442464698767065,78.9,4.9671,2,242,17.8,396.9,23.651164297940365,21.6
0.02729,0.0,7.07,0,0.469,5.071981966144512,61.1,4.9671,2,242,17.8,392.83,11.03586058625235,34.7
0.03237,0.0,2.18,0,0.458,4.8470534258112075,45.8,6.0622,3,222,18.7,394.63,7.341889428285485,33.4
0.06905,0.0,2.18,0,0.458,5.278230658935497,54.2,6.0622,3,222,18.7,396.9,12.85667026925116,36.2
0.02985,0.0,2.18,0,0.458,4.406656610352947,58.7,6.0622,3,222,18.7,394.12,12.72956048955931,28.7
0.08829,12.5,7.87,0,0.524,4.315958256555891,66.6,5.5605,5,311,15.2,395.6,31.02762665494509,22.9
0.14455,12.5,7.87,0,0.524,4.267620290085903,96.1,5.9505,5,311,15.2,396.9,47.33033952455722,27.1
0.21124,12.5,7.87,0,0.524,4.094200633092847,100.0,6.0821,5,311,15.2,386.63,75.90762570747238,16.5
0.17004,12.5,7.87,0,0.524,4.320013992375353,85.9,6.5921,5,311,15.2,386.71,42.87615637303317,18.9
0.22489,12.5,7.87,0,0.524,4.477615246733752,94.3,6.3467,5,311,15.2,392.52,51.63292360709548,15.0
0.11747,12.5,7.87,0,0.524,4.105676128902652,82.9,6.2267,5,311,15.2,396.9,33.450014379407335,18.9
0.09378,12.5,7.87,0,0.524,4.236298254493923,39.0,5.4509,5,311,15.2,390.5,39.8261091347492,21.7
0.62976,0.0,8.14,0,0.538,3.9964495199321632,61.8,4.7075,4,307,21.0,396.9,20.670641877609732,20.4
0.63796,0.0,8.14,0,0.538,4.318581657188112,84.5,4.4619,4,307,21.0,380.02,25.30602432997671,18.2
0.62739,0.0,8.14,0,0.538,4.257334662146725,56.5,4.4986,4,307,21.0,395.62,21.8338722431578,19.9
1.05393,0.0,8.14,0,0.538,4.291414237410007,29.3,4.4986,4,307,21.0,386.85,16.19051017313096,23.1
0.7842,0.0,8.14,0,0.538,4.217126773953762,81.7,4.2579,4,307,21.0,386.75,36.241468072961275,17.5
0.80271,0.0,8.14,0,0.538,3.8966631813600805,36.6,3.7965,4,307,21.0,288.99,29.760321806994398,20.2
0.7258,0.0,8.14,0,0.538,4.089683111400627,69.5,3.7965,4,307,21.0,390.95,27.72055017550352,18.2
1.25179,0.0,8.14,0,0.538,3.8843747127826656,98.1,3.7979,4,307,21.0,376.57,52.00447485969833,13.6
0.85204,0.0,8.14,0,0.538,4.371778545435608,89.2,4.0123,4,307,21.0,392.53,35.35798054877146,19.6
1.23247,0.0,8.14,0,0.538,4.314757770186409,91.7,3.9769,4,307,21.0,396.9,47.07413755803011,15.2
0.98843,0.0,8.14,0,0.538,3.8666170392301478,100.0,4.0952,4,307,21.0,394.54,49.48237814874459,14.5
0.75026,0.0,8.14,0,0.538,4.275327116646487,94.1,4.3996,4,307,21.0,394.33,40.480577256475755,15.6
0.84054,0.0,8.14,0,0.538,4.132925307992855,85.7,4.4546,4,307,21.0,303.42,40.582734843580575,13.9
0.67191,0.0,8.14,0,0.538,4.169477481837658,90.3,4.682,4,307,21.0,376.88,37.59397668613058,16.6
0.95577,0.0,8.14,0,0.538,4.256309635095163,88.8,4.4534,4,307,21.0,306.38,43.34154365775289,14.8
0.77299,0.0,8.14,0,0.538,4.478673380361238,94.4,4.4547,4,307,21.0,387.94,32.48302918929701,18.4
1.00245,0.0,8.14,0,0.538,4.726608787474871,87.3,4.239,4,307,21.0,380.23,30.578300629362527,21.0
1.13081,0.0,8.14,0,0.538,3.918367081230066,94.1,4.233,4,307,21.0,360.17,56.240627010966335,12.7
1.35472,0.0,8.14,0,0.538,4.265631964398538,100.0,4.175,4,307,21.0,376.73,33.240307679240495,14.5
1.38799,0.0,8.14,0,0.538,4.156229284237385,82.0,3.99,4,307,21.0,232.6,69.48549105492987,13.2
1.15172,0.0,8.14,0,0.538,3.888292758020659,95.0,3.7872,4,307,21.0,358.77,46.15377791971953,13.1
1.61282,0.0,8.14,0,0.538,4.196767486945167,96.9,3.7598,4,307,21.0,248.31,50.06995030696818,13.5
0.06417,0.0,5.96,0,0.499,4.045811015397614,68.2,3.3603,5,279,19.2,396.9,24.542112649050377,18.9
0.09744,0.0,5.96,0,0.499,3.997768485502376,61.4,3.3779,5,279,19.2,377.56,28.379247158575428,20.0
0.08014,0.0,5.96,0,0.499,4.056494221545088,41.5,3.9342,5,279,19.2,396.9,21.646900924172627,21.0
0.17505,0.0,5.96,0,0.499,4.146602323212806,30.2,3.8473,5,279,19.2,393.43,25.348547742182394,24.7
0.02763,75.0,2.95,0,0.428,4.411875284641627,21.8,5.4011,3,252,18.3,395.63,10.559503441132575,30.8
0.03359,75.0,2.95,0,0.428,4.919877409714045,15.8,5.4011,3,252,18.3,395.62,4.793051505373436,34.9
0.12744,0.0,6.91,0,0.448,4.740089072812745,2.9,5.7209,3,233,17.9,385.41,11.713805426373382,26.6
0.1415,0.0,6.91,0,0.448,4.132713759988822,6.6,5.7209,3,233,17.9,383.37,14.199297302029255,25.3
0.15936,0.0,6.91,0,0.448,4.269593006345618,6.5,5.7209,3,233,17.9,394.46,18.6112751169533,24.7
0.12269,0.0,6.91,0,0.448,4.245973434306352,40.0,5.7209,3,233,17.9,389.39,24.765351528336918,21.2
0.17142,0.0,6.91,0,0.448,3.9250433559116615,33.8,5.1004,3,233,17.9,396.9,24.75231577746843,19.3
0.18836,0.0,6.91,0,0.448,4.0192860797497065,33.3,5.1004,3,233,17.9,396.9,34.15588277044046,20.0
0.22927,0.0,6.91,0,0.448,4.425255675736038,85.5,5.6894,3,233,17.9,392.74,46.92078294355512,16.6
0.25387,0.0,6.91,0,0.448,3.7379984945161007,95.3,5.87,3,233,17.9,396.9,77.45534211306834,14.4
0.21977,0.0,6.91,0,0.448,3.77723559557279,62.0,6.0877,3,233,17.9,396.9,40.295225174935645,19.4
0.08873,21.0,5.64,0,0.439,4.192404282637128,45.7,6.8147,4,243,16.8,395.56,32.41565344184477,19.7
0.04337,21.0,5.64,0,0.439,4.149501160136986,63.0,6.8147,4,243,16.8,393.97,23.124236666506942,20.5
0.0536,21.0,5.64,0,0.439,4.532807636478271,21.1,6.8147,4,243,16.8,396.9,12.749471526079905,25.0
0.04981,21.0,5.64,0,0.439,4.182612422618972,21.4,6.8147,4,243,16.8,396.9,20.126100673935117,23.4
0.0136,75.0,4.0,0,0.41,4.129757045763454,47.6,7.3197,3,469,21.1,396.9,37.32918386737636,18.9
0.01311,90.0,1.22,0,0.403,4.877582014429725,21.9,8.6966,5,226,17.9,395.93,12.168311327946105,35.4
0.02055,85.0,0.74,0,0.41,4.424453493099655,35.7,9.1876,2,313,17.3,396.9,13.784052047144874,24.7
0.01432,100.0,1.32,0,0.411,4.641435095233069,40.5,8.3248,5,256,15.1,392.9,10.209765215045637,31.6
0.15445,25.0,5.13,0,0.453,4.38152739869461,29.2,7.8148,8,284,19.7,390.68,16.860761532876527,23.3
0.10328,25.0,5.13,0,0.453,4.160583414105377,47.2,6.932,8,284,19.7,396.9,23.758678750345645,19.6
0.14932,25.0,5.13,0,0.453,3.9856199012310047,66.2,7.2254,8,284,19.7,395.11,33.20297390374913,18.7
0.17171,25.0,5.13,0,0.453,4.057602735957905,93.4,6.8185,8,284,19.7,378.08,37.014362756867634,16.0
0.11027,25.0,5.13,0,0.453,4.388922860533546,67.8,7.2255,8,284,19.7,396.9,16.791353406455574,22.2
0.1265,25.0,5.13,0,0.453,4.837813160042283,43.4,7.9809,8,284,19.7,395.58,24.18753678774061,25.0
0.01951,17.5,1.38,0,0.4161,4.8132220113110975,59.5,9.2229,3,216,18.6,393.24,19.766960184710094,33.0
0.03584,80.0,3.37,0,0.398,4.3050536285188015,17.8,6.6115,4,337,16.1,396.9,11.66886599970449,23.5
0.04379,80.0,3.37,0,0.398,3.996323285694408,31.1,6.6115,4,337,16.1,396.9,25.90392829911112,19.4
0.05789,12.5,6.07,0,0.409,4.119970689548215,21.4,6.498,4,345,18.9,396.21,20.344141104987717,22.0
0.13554,12.5,6.07,0,0.409,3.770892028473392,36.8,6.498,4,345,18.9,396.9,32.723657703565685,17.4
0.12816,12.5,6.07,0,0.409,4.134924995524825,33.0,6.498,4,345,18.9,396.9,22.138230947503946,20.9
0.08826,0.0,10.81,0,0.413,4.528251775621851,6.6,5.2873,4,305,19.2,383.73,16.74640001018175,24.2
0.15876,0.0,10.81,0,0.413,4.0099116408869415,17.5,5.2873,4,305,19.2,376.94,24.29709469081565,21.7
0.09164,0.0,10.81,0,0.413,4.346903061536726,7.8,5.2873,4,305,19.2,390.91,13.915201082165622,22.8
0.19539,0.0,10.81,0,0.413,4.398006128453768,6.2,5.2873,4,305,19.2,377.17,18.81293382568363,23.4
0.07896,0.0,12.83,0,0.437,4.486023808656443,6.0,4.2515,5,398,18.7,394.92,17.0455771182161,24.1
0.09512,0.0,12.83,0,0.437,4.25057914770621,45.0,4.5026,5,398,18.7,383.23,22.231707769843585,21.4
0.10153,0.0,12.83,0,0.437,4.356971551651,74.5,4.0522,5,398,18.7,373.66,30.156139678403186,20.0
0.08707,0.0,12.83,0,0.437,4.17010515469339,45.8,4.0905,5,398,18.7,386.96,25.637170958469053,20.8
0.05646,0.0,12.83,0,0.437,4.462100218929551,53.7,5.0141,5,398,18.7,386.4,29.892905139531283,21.2
0.08387,0.0,12.83,0,0.437,3.958255156363195,36.6,4.5026,5,398,18.7,396.06,23.06633732910506,20.3
0.04113,25.0,4.86,0,0.426,4.701109056522136,33.5,5.4007,4,281,19.0,396.9,13.390643427272153,28.0
0.04462,25.0,4.86,0,0.426,4.523216452664983,70.4,5.4007,4,281,19.0,395.63,17.682834009921457,23.9
0.03659,25.0,4.86,0,0.426,4.353039090166456,32.2,5.4007,4,281,19.0,396.9,17.28185811671481,24.8
0.03551,25.0,4.86,0,0.426,4.311440569673496,46.7,5.4007,4,281,19.0,390.64,19.002994703616476,22.9
0.05059,0.0,4.49,0,0.449,4.655535382956539,48.0,4.7794,3,247,18.5,396.9,24.75708267792202,23.9
0.05735,0.0,4.49,0,0.449,4.4846700343224555,56.1,4.4377,3,247,18.5,392.3,16.70131294213317,26.6
0.05188,0.0,4.49,0,0.449,4.195045202928336,45.1,4.4272,3,247,18.5,395.99,32.48144955342011,22.5
0.07151,0.0,4.49,0,0.449,4.327934625845988,56.8,3.7476,3,247,18.5,395.15,21.765644615649997,22.2
0.0566,0.0,3.41,0,0.489,4.953315733495078,86.3,3.4217,2,270,17.8,396.9,13.68560287332029,23.6
0.05302,0.0,3.41,0,0.489,4.953533487413308,63.1,3.4145,2,270,17.8,396.06,13.630635123492166,28.7
0.04684,0.0,3.41,0,0.489,4.506890452119268,66.1,3.0923,2,270,17.8,392.18,22.07893166313368,22.6
0.03932,0.0,3.41,0,0.489,4.358700230746908,73.9,3.0921,2,270,17.8,393.55,21.150031114571615,22.0
0.04203,28.0,15.04,0,0.464,4.5741510495199496,53.6,3.6659,4,270,18.2,395.01,20.637835976481565,22.9
0.02875,28.0,15.04,0,0.464,4.307676414607199,28.9,3.6659,4,270,18.2,396.33,15.63139664409621,25.0
0.04294,28.0,15.04,0,0.464,4.323365637403917,77.3,3.615,4,270,18.2,396.9,25.95881412409097,20.6
0.12204,0.0,2.89,0,0.445,4.504562759027597,57.8,3.4952,2,276,18.0,357.98,16.124342559898803,28.4
0.11504,0.0,2.89,0,0.445,4.389826622794989,69.6,3.4952,2,276,18.0,391.83,28.26851117793244,21.4
0.12083,0.0,2.89,0,0.445,5.687190376743358,76.0,3.4952,2,276,18.0,396.9,10.136385400096591,38.7
0.08187,0.0,2.89,0,0.445,5.494352583880029,36.9,3.4952,2,276,18.0,393.53,8.85410595903314,43.8
0.0686,0.0,2.89,0,0.445,5.279751767273219,62.5,3.4952,2,276,18.0,396.9,15.710184306522486,33.2
0.14866,0.0,8.56,0,0.52,4.7557951515306875,79.9,2.7778,5,384,20.9,394.76,24.08088774635899,27.5
0.11432,0.0,8.56,0,0.52,4.826743393282389,71.3,2.8561,5,384,20.9,395.58,19.575656172155792,26.5
0.22876,0.0,8.56,0,0.52,4.484489619846406,85.4,2.7147,5,384,20.9,70.8,27.21047098292936,18.6
0.21161,0.0,8.56,0,0.52,4.115100734817433,87.4,2.7147,5,384,20.9,394.47,33.14293684884876,19.3
0.1396,0.0,8.56,0,0.52,4.351288634256271,90.0,2.421,5,384,20.9,392.69,29.99247825605728,20.1
0.13262,0.0,8.56,0,0.52,4.057376190940194,96.7,2.1069,5,384,20.9,394.05,40.89005458148401,19.5
0.1712,0.0,8.56,0,0.52,3.997736139535612,91.9,2.211,5,384,20.9,395.67,45.90773980543112,19.5
0.13117,0.0,8.56,0,0.52,4.1597515838807855,85.2,2.1224,5,384,20.9,387.69,35.406870486666186,20.4
0.12802,0.0,8.56,0,0.52,4.621860064796698,97.1,2.4329,5,384,20.9,395.24,30.980138840931026,19.8
0.26363,0.0,8.56,0,0.52,4.286450738537449,91.2,2.5451,5,384,20.9,391.23,39.84277341085507,19.4
0.10793,0.0,8.56,0,0.52,4.511933143892858,54.4,2.7778,5,384,20.9,393.49,32.02587835196557,21.7
0.10084,0.0,10.01,0,0.547,4.4192757186636005,81.6,2.6775,6,432,17.8,395.59,25.099694326694152,22.8
0.12329,0.0,10.01,0,0.547,4.139879536443757,92.9,2.3534,6,432,17.8,394.95,39.88104944059499,18.8
0.22212,0.0,10.01,0,0.547,4.1937615186274595,95.4,2.548,6,432,17.8,396.9,42.32570835849843,18.7
0.14231,0.0,10.01,0,0.547,4.1601939563215495,84.2,2.2565,6,432,17.8,388.74,26.48151285386456,18.5
0.17134,0.0,10.01,0,0.547,4.142597607708866,88.2,2.4631,6,432,17.8,344.91,39.323059283063486,18.3
0.13158,0.0,10.01,0,0.547,4.242623826251672,72.5,2.7301,6,432,17.8,393.3,30.264911473480314,21.2
0.15098,0.0,10.01,0,0.547,4.239620031796683,82.6,2.7474,6,432,17.8,394.51,25.184438075541493,19.2
0.13058,0.0,10.01,0,0.547,4.131125566077712,73.1,2.4775,6,432,17.8,338.63,38.22382692681719,20.4
0.14476,0.0,10.01,0,0.547,4.060833102968223,65.2,2.7592,6,432,17.8,391.5,33.94986903494999,19.3
0.06899,0.0,25.65,0,0.581,4.022737356324681,69.7,2.2577,2,188,19.1,389.15,35.907554918318574,22.0
0.07165,0.0,25.65,0,0.581,4.181779318844883,84.1,2.1974,2,188,19.1,377.67,35.79892047152852,20.3
0.09299,0.0,25.65,0,0.581,4.260900300291725,92.9,2.0869,2,188,19.1,378.09,45.246918852975455,20.5
0.15038,0.0,25.65,0,0.581,4.277006869241467,97.0,1.9444,2,188,19.1,370.31,63.167399765382264,17.3
0.09849,0.0,25.65,0,0.581,4.146955296388378,95.8,2.0063,2,188,19.1,379.38,44.24643676585426,18.8
0.16902,0.0,25.65,0,0.581,4.130215641713878,88.4,1.9929,2,188,19.1,385.02,36.901923822719375,21.4
0.38735,0.0,25.65,0,0.581,3.7761344672885726,95.6,1.7572,2,188,19.1,359.29,68.5994186122224,15.7
0.25915,0.0,21.89,0,0.624,4.05658616054376,96.0,1.7883,4,437,21.2,392.11,43.3562669962204,16.2
0.32543,0.0,21.89,0,0.624,4.489878229447343,98.8,1.8125,4,437,21.2,396.9,38.75055423860116,18.0
0.88125,0.0,21.89,0,0.624,3.8958975045266206,94.7,1.9799,4,437,21.2,396.9,45.646271142745256,14.3
0.34006,0.0,21.89,0,0.624,4.5525845381700965,98.9,2.1185,4,437,21.2,395.04,30.89533682205003,19.2
1.19294,0.0,21.89,0,0.624,4.3938444600527085,97.7,2.271,4,437,21.2,396.9,31.01009006727195,19.6
0.59005,0.0,21.89,0,0.624,4.501205319044408,97.9,2.3274,4,437,21.2,385.76,28.16967353699527,23.0
0.32982,0.0,21.89,0,0.624,3.962370574726206,95.4,2.4699,4,437,21.2,388.69,37.55358107827859,18.4
0.97617,0.0,21.89,0,0.624,4.044389894451923,98.4,2.346,4,437,21.2,262.76,43.04918620752389,15.6
0.55778,0.0,21.89,0,0.624,4.5370505774541385,98.2,2.1107,4,437,21.2,394.67,42.4795288683001,18.1
0.32264,0.0,21.89,0,0.624,4.223346992990536,93.5,1.9669,4,437,21.2,378.25,42.333106441460025,17.4
0.35233,0.0,21.89,0,0.624,4.465692369931507,98.4,1.8498,4,437,21.2,394.08,35.718713918603335,17.1
0.2498,0.0,21.89,0,0.624,4.199314583940382,98.2,1.6686,4,437,21.2,392.04,53.06647285538664,13.3
0.54452,0.0,21.89,0,0.624,4.3935632100818705,97.9,1.6687,4,437,21.2,396.9,46.44196912374922,17.8
0.2909,0.0,21.89,0,0.624,4.53640769657572,93.6,1.6119,4,437,21.2,388.08,61.085083039392444,14.0
1.62864,0.0,21.89,0,0.624,3.565324369504926,100.0,1.4394,4,437,21.2,396.9,86.55280065007999,14.4
3.32105,0.0,19.58,1,0.871,3.81932545680035,100.0,1.3216,5,403,14.7,396.9,67.06657801359049,13.4
4.0974,0.0,19.58,0,0.871,3.776813257256574,100.0,1.4118,5,403,14.7,396.9,66.16270803223449,15.6
2.77974,0.0,19.58,0,0.871,3.2918035893166655,97.8,1.3459,5,403,14.7,396.9,73.1468006937577,11.8
2.37934,0.0,19.58,0,0.871,4.162033320875115,100.0,1.4191,5,403,14.7,172.91,69.42610264023313,13.8
2.15505,0.0,19.58,0,0.871,3.866617628836126,100.0,1.5166,5,403,14.7,169.27,41.73785630829471,15.6
2.36862,0.0,19.58,0,0.871,3.3996743049472453,95.7,1.4608,5,403,14.7,391.71,73.75301663455491,14.6
2.33099,0.0,19.58,0,0.871,3.4833086190220066,93.8,1.5296,5,403,14.7,356.99,70.8084333349648,17.8
2.73397,0.0,19.58,0,0.871,3.795182752239604,94.9,1.5257,5,403,14.7,351.85,53.805615099370854,15.4
1.6566,0.0,19.58,0,0.871,4.246356838660544,97.3,1.618,5,403,14.7,372.8,34.74662020240555,21.5
1.49632,0.0,19.58,0,0.871,3.8157437998007637,100.0,1.5916,5,403,14.7,341.6,32.801976079194745,19.6
1.12658,0.0,19.58,1,0.871,3.404897920292895,88.0,1.6102,5,403,14.7,343.28,30.68316962523228,15.3
2.14918,0.0,19.58,0,0.871,4.0087239666981604,98.5,1.6232,5,403,14.7,261.95,38.600184587277276,19.4
1.41385,0.0,19.58,1,0.871,4.3283624644888175,96.0,1.7494,5,403,14.7,321.02,37.579083101199984,17.0
3.53501,0.0,19.58,1,0.871,4.388856185843226,82.6,1.7455,5,403,14.7,88.01,37.6419472963105,15.6
2.44668,0.0,19.58,0,0.871,3.7210973708624198,94.0,1.7364,5,403,14.7,88.63,40.10939061236133,13.1
1.22358,0.0,19.58,0,0.605,4.9284789966156985,97.4,1.8773,5,403,14.7,363.43,11.048773867997284,41.3
1.34284,0.0,19.58,0,0.605,4.13697066964593,100.0,1.7573,5,403,14.7,353.89,14.512563028067794,24.3
1.42502,0.0,19.58,0,0.871,4.4187379963160165,100.0,1.7659,5,403,14.7,364.31,18.214750284946312,23.3
1.27346,0.0,19.58,1,0.605,4.456279906411627,92.6,1.7984,5,403,14.7,338.92,13.36715459849314,27.0
1.46336,0.0,19.58,0,0.605,5.35042760040856,90.8,1.9709,5,403,14.7,374.43,3.9451128615410607,50.0
1.83377,0.0,19.58,1,0.605,5.5471720650380565,98.2,2.0407,5,403,14.7,389.61,4.325300941396533,50.0
1.51902,0.0,19.58,1,0.605,5.777787203915235,93.9,2.162,5,403,14.7,388.45,7.794162621120623,50.0
2.24236,0.0,19.58,0,0.605,4.034666693287098,91.8,2.422,5,403,14.7,395.11,29.874709334610642,22.7
2.924,0.0,19.58,0,0.605,4.167922643343075,93.0,2.2834,5,403,14.7,240.16,24.798346572207553,25.0
2.01019,0.0,19.58,0,0.605,5.455925348556481,96.2,2.0459,5,403,14.7,369.3,9.402831969406952,50.0
1.80028,0.0,19.58,0,0.605,4.143586338976051,79.2,2.4259,5,403,14.7,227.61,30.824580915533137,23.8
2.3004,0.0,19.58,0,0.605,4.545985693675354,96.1,2.1,5,403,14.7,297.09,27.517357265943666,23.8
2.44953,0.0,19.58,0,0.605,4.699329690270083,95.2,2.2625,5,403,14.7,330.04,28.08348671677872,22.3
1.20742,0.0,19.58,0,0.605,4.00184872458921,94.6,2.4259,5,403,14.7,292.29,35.779110867507654,17.4
2.3139,0.0,19.58,0,0.605,4.173154824085036,97.3,2.3887,5,403,14.7,348.13,30.4399592705914,19.1
0.13914,0.0,4.05,0,0.51,3.8318702852716524,88.5,2.5961,5,296,16.6,396.9,37.01296794283935,23.1
0.09178,0.0,4.05,0,0.51,4.562032325463461,84.1,2.6463,5,296,16.6,395.5,23.743879571180756,23.6
0.08447,0.0,4.05,0,0.51,4.074762719713702,68.7,2.7019,5,296,16.6,393.23,23.821880637067967,22.6
0.06664,0.0,4.05,0,0.51,4.514891961658422,33.1,3.1323,5,296,16.6,390.96,11.989106673583306,29.4
0.07022,0.0,4.05,0,0.51,4.214312970693898,47.2,3.5549,5,296,16.6,393.23,25.84831432255295,23.2
0.05425,0.0,4.05,0,0.51,4.29741435554883,73.4,3.3175,5,296,16.6,395.6,15.273521095584456,24.6
0.06642,0.0,4.05,0,0.51,4.77676231963599,74.4,2.9153,5,296,16.6,391.27,17.095467423375116,29.9
0.0578,0.0,2.46,0,0.488,4.842683426893056,58.4,2.829,3,193,17.8,396.9,11.582654137268076,37.2
0.06588,0.0,2.46,0,0.488,5.469702872683294,83.3,2.741,3,193,17.8,395.56,19.37276237308255,39.8
0.06888,0.0,2.46,0,0.488,4.241050838608573,62.2,2.5979,3,193,17.8,396.9,23.98418521188088,36.2
0.09103,0.0,2.46,0,0.488,5.142768416125252,92.2,2.7006,3,193,17.8,394.12,12.183415525239488,37.9
0.10008,0.0,2.46,0,0.488,4.480431783353401,95.6,2.847,3,193,17.8,396.9,15.05742220065638,32.5
0.08308,0.0,2.46,0,0.488,3.8579238092972177,89.8,2.9879,3,193,17.8,391.0,35.080742266242574,26.4
0.06047,0.0,2.46,0,0.488,4.3138421743464015,68.8,3.2797,3,193,17.8,387.11,32.547704151213956,29.6
0.05602,0.0,2.46,0,0.488,5.543279874528534,53.6,3.1992,3,193,17.8,392.63,11.48008170604842,50.0
0.07875,45.0,3.44,0,0.437,4.636575024386874,41.1,3.7886,5,398,15.2,393.87,16.34515473378821,32.0
0.12579,45.0,3.44,0,0.437,4.597970624256457,29.1,4.5667,5,398,15.2,382.84,11.929822072371312,29.8
0.0837,45.0,3.44,0,0.437,5.061256809914116,38.9,4.5667,5,398,15.2,396.9,14.190148554279812,34.9
0.09068,45.0,3.44,0,0.437,4.920551405260905,21.5,6.4798,5,398,15.2,377.68,12.803121739756504,37.0
0.06911,45.0,3.44,0,0.437,4.603741688747011,30.8,6.4798,5,398,15.2,389.71,10.972948759408753,30.5
0.08664,45.0,3.44,0,0.437,5.164891781900135,26.3,6.4798,5,398,15.2,390.49,5.9100622758769745,36.4
0.02187,60.0,2.93,0,0.401,4.668495044145315,9.9,6.2196,1,265,15.6,393.37,13.156093240206415,31.1
0.01439,60.0,2.93,0,0.401,4.700982991090953,18.8,6.2196,1,265,15.6,376.7,11.186443752013533,29.1
0.01381,80.0,0.46,0,0.422,5.453958866823182,32.0,5.6484,4,255,14.4,394.23,7.655239399644809,50.0
0.04011,80.0,1.52,0,0.404,5.2374080917948085,34.1,7.309,2,329,12.6,396.9,10.160553963379678,33.3
0.04666,80.0,1.52,0,0.404,5.028573382995546,36.6,7.309,2,329,12.6,354.31,21.582825370755625,30.3
0.03768,80.0,1.52,0,0.404,5.238861438948263,38.3,7.309,2,329,12.6,392.2,16.500251177752872,34.6
0.0315,95.0,1.47,0,0.403,4.9839558972741385,15.3,7.6534,3,402,17.0,396.9,10.47021482352739,34.9
0.01778,95.0,1.47,0,0.403,5.096801228973089,13.9,7.6534,3,402,17.0,384.3,11.081622914105544,32.9
0.03445,82.5,2.03,0,0.415,4.294187114666628,38.4,6.27,2,348,14.7,393.77,18.606452917313323,24.1
0.02177,82.5,2.03,0,0.415,5.420087075356419,15.7,6.27,2,348,14.7,395.38,7.601262037317854,42.3
0.0351,95.0,2.68,0,0.4161,5.507209426104052,33.2,5.118,4,224,14.7,392.78,9.303955787919948,48.5
0.02009,95.0,2.68,0,0.4161,5.541071112682636,31.9,5.118,4,224,14.7,390.55,7.412896308308909,50.0
0.13642,0.0,10.59,0,0.489,4.103565613073803,22.3,3.9454,4,277,18.6,396.9,26.710685086187585,22.6
0.22969,0.0,10.59,0,0.489,4.523253735150961,52.5,4.3549,4,277,18.6,394.87,26.86350207312999,24.4
0.25199,0.0,10.59,0,0.489,4.004067973065482,72.7,4.3549,4,277,18.6,389.43,44.776495675671356,22.5
0.13587,0.0,10.59,1,0.489,4.265326195927872,59.1,4.2392,4,277,18.6,381.32,36.97971873965887,24.4
0.43571,0.0,10.59,1,0.489,3.755297536235326,100.0,3.875,4,277,18.6,396.9,57.09755230932719,20.0
0.17446,0.0,10.59,1,0.489,4.123709918571182,92.1,3.8771,4,277,18.6,393.25,43.16064228264711,21.7
0.37578,0.0,10.59,1,0.489,3.8034634735801998,88.6,3.665,4,277,18.6,395.24,59.804438840434116,19.3
0.21719,0.0,10.59,1,0.489,4.239039183643712,53.8,3.6526,4,277,18.6,390.94,40.869681141136375,22.4
0.14052,0.0,10.59,0,0.489,4.415152582662127,32.3,3.9454,4,277,18.6,385.81,24.13319993618305,28.1
0.28955,0.0,10.59,0,0.489,3.852635831862112,9.8,3.5875,4,277,18.6,348.93,74.00794761365576,23.7
0.19802,0.0,10.59,0,0.489,4.505285278994494,42.4,3.9454,4,277,18.6,393.63,24.6302324726289,25.0
0.0456,0.0,13.89,1,0.55,4.094748898764125,56.0,3.1121,5,276,16.4,392.8,33.99148182443957,23.3
0.07013,0.0,13.89,0,0.55,4.724258694697703,85.1,3.4211,5,276,16.4,392.78,24.502115560767034,28.7
0.11069,0.0,13.89,1,0.55,4.072185161462096,93.8,2.8893,5,276,16.4,396.9,45.11177148056946,21.5
0.11425,0.0,13.89,1,0.55,4.2138939380544445,92.4,3.3633,5,276,16.4,393.74,26.039321055141436,23.0
0.35809,0.0,6.2,1,0.507,4.913574171249263,88.5,2.8617,8,307,17.4,391.7,24.60134802390526,26.7
0.40771,0.0,6.2,1,0.507,4.342205055275004,91.3,3.048,8,307,17.4,395.24,53.945461584974936,21.7
0.62356,0.0,6.2,1,0.507,4.920013482061409,77.7,3.2721,8,307,17.4,390.39,24.38968782057382,27.5
0.6147,0.0,6.2,0,0.507,4.540452363807304,80.8,3.2721,8,307,17.4,396.9,18.14059343553955,30.1
0.31533,0.0,6.2,0,0.504,5.8116072593338535,78.3,2.8944,8,307,17.4,385.05,11.2053129732698,44.8
0.52693,0.0,6.2,0,0.504,5.945739909271838,83.0,2.8944,8,307,17.4,382.0,11.286610038595734,50.0
0.38214,0.0,6.2,0,0.504,5.651126848001179,86.5,3.2157,8,307,17.4,387.38,7.876107432246346,37.6
0.41238,0.0,6.2,0,0.504,4.8687071003637366,79.9,3.2157,8,307,17.4,372.08,16.440206197249122,31.6
0.29819,0.0,6.2,0,0.504,5.31434974221689,17.0,3.3751,8,307,17.4,377.51,9.192077957065779,46.7
0.44178,0.0,6.2,0,0.504,4.56718900727496,21.4,3.3751,8,307,17.4,380.34,8.513399334321992,31.5
0.537,0.0,6.2,0,0.504,4.1375737038114515,68.1,3.6715,8,307,17.4,378.35,28.26534333378714,24.3
0.46296,0.0,6.2,0,0.504,5.304342075410968,76.9,3.6715,8,307,17.4,376.14,13.516014883941985,31.7
0.57529,0.0,6.2,0,0.507,5.928517559806091,73.3,3.8384,8,307,17.4,385.91,6.31124473753041,41.7
0.33147,0.0,6.2,0,0.507,5.722233626750339,70.4,3.6519,8,307,17.4,378.95,9.698043646639878,48.3
0.44791,0.0,6.2,1,0.507,4.623832218878905,66.5,3.6519,8,307,17.4,360.2,20.847989038118097,29.0
0.33045,0.0,6.2,0,0.507,4.299459344268328,61.5,3.6519,8,307,17.4,376.75,26.48098620646093,24.0
0.52058,0.0,6.2,1,0.507,4.686084226153851,76.5,4.148,8,307,17.4,388.45,22.92053937746801,25.1
0.51183,0.0,6.2,0,0.507,4.987329728193144,71.6,4.148,8,307,17.4,390.07,12.328553488629849,31.5
0.08244,30.0,4.93,0,0.428,4.61851666115085,18.5,6.1899,6,300,16.6,379.41,15.289217115428947,23.7
0.09252,30.0,4.93,0,0.428,4.6090008341904865,42.2,6.1899,6,300,16.6,383.78,19.236456352846066,23.3
0.11329,30.0,4.93,0,0.428,4.724479227368887,54.3,6.3361,6,300,16.6,391.25,28.27939410959718,22.0
0.10612,30.0,4.93,0,0.428,4.2251247923066515,65.1,6.3361,6,300,16.6,394.62,31.132140919584977,20.1
0.1029,30.0,4.93,0,0.428,4.262536794511873,52.9,7.0355,6,300,16.6,372.75,27.89394633325866,22.2
0.12757,30.0,4.93,0,0.428,4.573824183446574,7.8,7.0355,6,300,16.6,374.71,13.424206389608226,23.7
0.20608,22.0,5.86,0,0.431,3.909505109763001,76.5,7.9549,7,330,19.1,372.49,30.93282283882893,17.6
0.19133,22.0,5.86,0,0.431,3.9063266509898216,70.2,7.9549,7,330,19.1,389.13,45.81519112006226,18.5
0.33983,22.0,5.86,0,0.431,4.242780071711035,34.9,8.0555,7,330,19.1,390.18,23.81325826301454,24.3
0.19657,22.0,5.86,0,0.431,4.329232032665774,79.2,8.0555,7,330,19.1,376.14,25.898807849259253,20.5
0.16439,22.0,5.86,0,0.431,4.501822608271486,49.1,7.8265,7,330,19.1,374.71,24.12917505329311,24.5
0.19073,22.0,5.86,0,0.431,4.577587612225045,17.5,7.8265,7,330,19.1,393.74,16.427723893959065,26.2
0.1403,22.0,5.86,0,0.431,4.742287483095604,13.0,7.3967,7,330,19.1,396.28,15.057444989972636,24.4
0.21409,22.0,5.86,0,0.431,4.556130205515653,8.9,7.3967,7,330,19.1,377.07,8.910797111213762,24.8
0.08221,22.0,5.86,0,0.431,4.786744008614431,6.8,8.9067,7,330,19.1,386.09,9.120886943545827,29.6
0.36894,22.0,5.86,0,0.431,5.869645148031636,8.4,8.9067,7,330,19.1,396.9,8.568100035579558,42.8
0.04819,80.0,3.64,0,0.392,4.269745019737461,32.0,9.2203,1,315,16.4,392.89,17.08053843348791,21.9
0.03548,80.0,3.64,0,0.392,4.1504416740118,19.1,9.2203,1,315,16.4,395.18,23.217135034774945,20.9
0.01538,90.0,3.75,0,0.394,5.129347297491702,34.2,6.3361,3,244,15.9,386.34,7.496352860949558,44.0
0.61154,20.0,3.97,0,0.647,6.115330197134793,86.9,1.801,5,264,13.0,389.7,12.753212897965803,50.0
0.66351,20.0,3.97,0,0.647,5.119040295296919,100.0,1.8946,5,264,13.0,383.29,19.542544315572297,36.0
0.65665,20.0,3.97,0,0.647,4.8188183381536085,100.0,2.0107,5,264,13.0,391.93,17.507018371460397,30.1
0.54011,20.0,3.97,0,0.647,4.882674792607704,81.8,2.1121,5,264,13.0,392.8,24.436978925773552,33.8
0.53412,20.0,3.97,0,0.647,5.029131386739378,89.4,2.1398,5,264,13.0,388.37,17.738597068574222,43.1
0.52014,20.0,3.97,0,0.647,5.870935607495862,91.5,2.2885,5,264,13.0,386.86,14.95002776854485,48.8
0.82526,20.0,3.97,0,0.647,5.042207720258721,94.5,2.0788,5,264,13.0,393.42,27.855449751304022,31.0
0.55007,20.0,3.97,0,0.647,5.02382587436228,91.6,1.9301,5,264,13.0,387.89,20.65405264910415,36.5
0.76162,20.0,3.97,0,0.647,3.863568022178607,62.8,1.9865,5,264,13.0,392.4,26.327466008417183,22.8
0.7857,20.0,3.97,0,0.647,4.918497524575983,84.6,2.1329,5,264,13.0,384.07,36.56655366008315,30.7
0.57834,20.0,3.97,0,0.575,5.772303827028197,67.0,2.4216,5,264,13.0,384.54,18.41146962374464,50.0
0.5405,20.0,3.97,0,0.575,5.119076960895676,52.6,2.872,5,264,13.0,390.3,7.822994911578185,43.5
0.09065,20.0,6.96,1,0.464,4.176742931269179,61.5,3.9175,3,223,18.6,391.34,34.30121965404647,20.7
0.29916,20.0,6.96,0,0.464,4.246451602595339,42.1,4.429,3,223,18.6,388.65,31.75800345275585,21.1
0.16211,20.0,6.96,0,0.464,4.307561952154641,16.3,4.429,3,223,18.6,396.9,16.33537518866033,25.2
0.1146,20.0,6.96,0,0.464,4.706076603271568,58.7,3.9175,3,223,18.6,394.96,19.05222443215092,24.4
0.22188,20.0,6.96,1,0.464,5.510313263391899,51.8,4.3665,3,223,18.6,390.77,16.64010821473452,35.2
0.05644,40.0,6.41,1,0.447,4.870888276644113,32.9,4.0776,4,254,17.6,396.9,8.337336244030162,32.4
0.09604,40.0,6.41,0,0.447,4.74008808183705,42.8,4.2673,4,254,17.6,396.9,7.4819257097017795,32.0
0.10469,40.0,6.41,1,0.447,4.92273406269301,49.0,4.7872,4,254,17.6,389.25,14.878115337693579,33.2
0.06127,40.0,6.41,1,0.447,4.757090016004246,27.6,4.8628,4,254,17.6,393.45,10.581074370279454,33.1
0.07978,40.0,6.41,0,0.447,4.611320399734279,32.1,4.1403,4,254,17.6,396.9,17.855396479377866,29.1
0.21038,20.0,3.33,0,0.4429,4.811509094460387,32.2,4.1007,5,216,14.9,396.9,11.95868149709743,35.1
0.03578,20.0,3.33,0,0.4429,5.515058965407279,64.5,4.6947,5,216,14.9,387.31,9.332593280426194,45.4
0.03705,20.0,3.33,0,0.4429,4.912741753445927,37.2,5.2447,5,216,14.9,392.23,12.377949765831186,35.4
0.06129,20.0,3.33,1,0.4429,5.303806453980945,49.7,5.2119,5,216,14.9,377.07,8.5165264349262,46.0
0.01501,90.0,1.21,1,0.401,5.618621334033246,24.8,5.885,1,198,13.6,395.52,8.02802790789047,50.0
0.00906,90.0,2.97,0,0.4,4.945539284766204,20.8,7.3073,1,285,15.3,394.72,19.833336135058175,32.2
0.01096,55.0,2.25,0,0.389,4.490523989216437,31.9,7.3073,1,300,15.3,394.72,20.28178644666786,22.0
0.01965,80.0,1.76,0,0.385,4.275684134563573,31.5,9.0892,1,241,18.2,341.6,33.42827770060205,20.1
0.03871,52.5,5.32,0,0.405,4.445476360513483,31.3,7.3172,6,293,16.6,396.9,17.740263522234667,23.2
0.0459,52.5,5.32,0,0.405,4.438686236050511,45.6,7.3172,6,293,16.6,396.9,18.66824048258715,22.3
0.04297,52.5,5.32,0,0.405,4.68971313225683,22.9,7.3172,6,293,16.6,371.72,23.68539404347707,24.8
0.03502,80.0,4.95,0,0.411,4.6832143262701615,27.9,5.1167,4,245,19.2,396.9,7.704189122137328,28.5
0.07886,80.0,4.95,0,0.411,4.973293657740998,27.7,5.1167,4,245,19.2,396.9,8.422043232785008,37.3
0.03615,80.0,4.95,0,0.411,4.595226091924051,23.4,5.1167,4,245,19.2,396.9,12.265825684785092,27.9
0.08265,0.0,13.92,0,0.437,4.466955145415597,18.4,5.5027,4,289,16.0,396.9,21.745638066941133,23.9
0.08199,0.0,13.92,0,0.437,4.216385116682338,42.3,5.5027,4,289,16.0,396.9,25.480835604909018,21.7
0.12932,0.0,13.92,0,0.437,4.629145783067754,31.1,5.9604,4,289,16.0,396.9,16.392483897509337,28.6
0.05372,0.0,13.92,0,0.437,4.5363433726728255,51.0,5.9604,4,289,16.0,392.85,18.294387568998268,27.1
0.14103,0.0,13.92,0,0.437,4.086263050090799,58.0,6.32,4,289,16.0,396.9,39.59424771534794,20.3
0.06466,70.0,2.24,0,0.4,4.457783531821456,20.1,7.8278,5,358,14.8,368.24,12.744360071138113,22.5
0.05561,70.0,2.24,0,0.4,4.843325762713317,10.0,7.8278,5,358,14.8,371.58,11.430814488829686,29.0
0.04417,70.0,2.24,0,0.4,4.779252041331419,47.4,7.8278,5,358,14.8,390.86,15.188184786089382,24.8
0.03537,34.0,6.09,0,0.433,4.56812830128761,40.4,5.4917,7,329,16.1,395.75,23.734828648312433,22.0
0.09266,34.0,6.09,0,0.433,4.422646197219683,18.4,5.4917,7,329,16.1,383.61,20.948812206340094,26.4
0.1,34.0,6.09,0,0.433,4.881371982873807,17.7,5.4917,7,329,16.1,390.43,12.462013545237392,33.1
0.05515,33.0,2.18,0,0.472,5.035718494011698,41.1,4.022,7,222,18.4,393.68,17.395755035515133,36.1
0.05479,33.0,2.18,0,0.472,4.726560218717447,58.1,3.37,7,222,18.4,393.36,22.188043569757905,28.4
0.07503,33.0,2.18,0,0.472,5.269383975685815,71.9,3.0992,7,222,18.4,396.9,16.415626440607536,33.4
0.04932,33.0,2.18,0,0.472,4.901044204193701,70.3,3.1827,7,222,18.4,396.9,18.432343407568453,28.2
0.49298,0.0,9.9,0,0.544,4.639324708750561,82.5,3.3175,4,304,18.4,396.9,11.309737013792873,22.8
0.3494,0.0,9.9,0,0.544,4.425245839152392,76.7,3.1025,4,304,18.4,396.24,24.543879442714914,20.3
2.63548,0.0,9.9,0,0.544,3.49150514467465,37.8,2.5194,4,304,18.4,350.45,31.54993548595255,16.1
0.79041,0.0,9.9,0,0.544,3.9784776955736714,52.8,2.6403,4,304,18.4,396.9,15.717001091219917,22.1
0.26169,0.0,9.9,0,0.544,4.084829463945254,90.4,2.834,4,304,18.4,396.3,29.837345914917634,19.4
0.26938,0.0,9.9,0,0.544,4.5189829983821985,82.8,3.2628,4,304,18.4,393.39,19.330444885898263,21.6
0.3692,0.0,9.9,0,0.544,4.4937641173329,87.3,3.6023,4,304,18.4,395.69,22.294838690999406,23.8
0.25356,0.0,9.9,0,0.544,4.000486772550353,77.7,3.945,4,304,18.4,396.42,29.284260448230043,16.2
0.31827,0.0,9.9,0,0.544,4.206386548312051,83.2,3.9986,4,304,18.4,390.7,45.91304843149404,17.8
0.24522,0.0,9.9,0,0.544,3.935040924102655,71.7,4.0317,4,304,18.4,396.9,39.85283373725307,19.8
0.40202,0.0,9.9,0,0.544,4.414332910723532,67.2,3.5325,4,304,18.4,395.21,26.0127671032076,23.1
0.47547,0.0,9.9,0,0.544,4.239868843761879,58.8,4.0019,4,304,18.4,396.23,32.120977703628114,21.0
0.1676,0.0,7.38,0,0.493,4.461576436128306,52.3,4.5404,5,287,19.6,396.9,18.425566239198336,23.8
0.18159,0.0,7.38,0,0.493,4.665979077219601,54.3,4.5404,5,287,19.6,396.9,17.418594586294766,23.1
0.35114,0.0,7.38,0,0.493,4.1767083322258705,49.9,4.7211,5,287,19.6,396.9,19.855217759467916,20.4
0.28392,0.0,7.38,0,0.493,4.096358987627614,74.3,4.7211,5,287,19.6,391.13,29.42386827664913,18.5
0.34109,0.0,7.38,0,0.493,4.589166017946498,40.1,4.7211,5,287,19.6,396.9,15.543948025416137,25.0
0.19186,0.0,7.38,0,0.493,4.552628398369455,14.7,5.4159,5,287,19.6,393.68,13.336760061625258,24.6
0.30347,0.0,7.38,0,0.493,4.330390528075112,28.9,5.4159,5,287,19.6,396.9,15.152052485218258,23.0
0.24103,0.0,7.38,0,0.493,4.147752287221895,43.7,5.4159,5,287,19.6,396.9,32.297553734074796,22.2
0.06617,0.0,3.24,0,0.46,4.173080188074335,25.8,5.2146,4,430,16.9,382.44,24.875693173552516,19.3
0.06724,0.0,3.24,0,0.46,4.432130997179538,17.2,5.2146,4,430,16.9,375.21,18.53432115049819,22.6
0.04544,0.0,3.24,0,0.46,4.303482277245315,32.2,5.8736,4,430,16.9,368.57,23.16740382178552,19.8
0.05023,35.0,6.06,0,0.4379,4.080244278353827,28.4,6.6407,1,304,16.9,394.02,31.361128564271816,17.1
0.03466,35.0,6.06,0,0.4379,4.2235847722465305,23.3,6.6407,1,304,16.9,362.25,18.965270149862473,19.4
0.05083,0.0,5.19,0,0.515,4.429251161869703,38.1,6.4584,5,224,20.2,389.71,14.876261014405086,22.2
0.03738,0.0,5.19,0,0.515,4.363417926643397,38.5,6.4584,5,224,20.2,389.4,16.91323152468126,20.7
0.03961,0.0,5.19,0,0.515,4.168039310755498,34.5,5.9853,5,224,20.2,396.9,19.675933831693875,21.1
0.03427,0.0,5.19,0,0.515,4.035325604563191,46.3,5.2311,5,224,20.2,396.9,24.57343548108006,19.5
0.03041,0.0,5.19,0,0.515,4.253082174935123,59.6,5.615,5,224,20.2,394.81,26.113233182909315,18.5
0.03306,0.0,5.19,0,0.515,4.172112526910957,37.3,4.8122,5,224,20.2,396.14,22.34435591681843,20.6
0.05497,0.0,5.19,0,0.515,4.154198630512981,45.4,4.8122,5,224,20.2,396.9,23.875392750895045,19.0
0.06151,0.0,5.19,0,0.515,4.289307421726429,58.5,4.8122,5,224,20.2,396.9,23.314628977895868,18.7
0.01301,35.0,1.52,0,0.442,5.096907661414024,49.3,7.0379,1,284,15.5,394.74,13.470212396069817,32.7
0.02498,0.0,1.89,0,0.518,4.58253331855398,59.7,6.2669,1,422,15.9,389.96,21.790299831512776,16.5
0.02543,55.0,3.78,0,0.484,4.624226016096262,56.4,5.7321,5,370,17.6,396.9,17.51122915744559,23.9
0.03049,55.0,3.78,0,0.484,4.972740528539288,28.1,6.4654,5,370,17.6,387.97,12.083321720805651,31.2
0.03113,0.0,4.39,0,0.442,4.159581774202647,48.5,8.0136,3,352,18.8,385.64,26.37531919482154,17.5
0.06162,0.0,4.39,0,0.442,4.163480454965827,52.3,8.0136,3,352,18.8,364.61,31.340094136629666,17.2
0.0187,85.0,4.15,0,0.429,4.592641539825863,27.7,8.5353,4,351,17.9,392.43,16.829872528886263,23.1
0.01501,80.0,2.01,0,0.435,4.663637529421421,29.7,8.344,4,280,17.0,390.94,14.75913495622516,24.5
0.02899,40.0,1.25,0,0.429,4.7712213618520325,34.5,8.7921,1,335,19.7,389.85,14.845840094589544,26.6
0.06211,40.0,1.25,0,0.429,4.889749231351458,44.4,8.7921,1,335,19.7,396.9,14.747798366213704,22.9
0.0795,60.0,1.69,0,0.411,4.5363233872803495,35.9,10.7103,4,411,18.3,370.78,14.238982567067145,24.1
0.07244,60.0,1.69,0,0.411,4.156212853975477,18.5,10.7103,4,411,18.3,392.33,19.525145912236674,18.6
0.01709,90.0,2.02,0,0.41,4.67364030897922,36.1,12.1265,5,187,17.0,384.46,11.225246754449786,30.1
0.04301,80.0,1.91,0,0.413,4.02098818053107,21.9,10.5857,4,334,22.0,382.8,19.484955847025006,18.2
0.10659,80.0,1.91,0,0.413,4.261386342815668,19.5,10.5857,4,334,22.0,376.04,13.965508925028109,20.6
8.98296,0.0,18.1,1,0.77,4.298741631201415,97.4,2.1222,24,666,20.2,377.73,44.17987400100327,17.8
3.8497,0.0,18.1,1,0.77,4.41049660534011,91.0,2.5052,24,666,20.2,391.34,32.28646764800374,21.7
5.20177,0.0,18.1,1,0.77,4.3844180557176795,83.4,2.7227,24,666,20.2,395.43,28.793584724542328,22.7
4.26131,0.0,18.1,0,0.77,4.377764005236459,81.3,2.5091,24,666,20.2,390.74,31.493216313865165,22.6
4.54192,0.0,18.1,0,0.77,4.49013084747893,88.0,2.5182,24,666,20.2,374.56,19.152590982133372,25.0
3.83684,0.0,18.1,0,0.77,4.348754578441805,91.1,2.2955,24,666,20.2,350.65,35.132518557395116,19.9
3.67822,0.0,18.1,0,0.77,3.7789406294420376,96.2,2.1036,24,666,20.2,380.79,25.571236490963564,20.8
4.22239,0.0,18.1,1,0.77,3.9738477941335284,89.0,1.9047,24,666,20.2,353.04,36.64277739020089,16.8
3.47428,0.0,18.1,1,0.718,6.125305810086999,82.9,1.9047,24,666,20.2,354.55,13.778528397402985,21.9
4.55587,0.0,18.1,0,0.718,2.5417364741391797,87.9,1.6132,24,666,20.2,354.7,17.59382554997983,27.5
3.69695,0.0,18.1,0,0.718,3.3036902476802483,91.4,1.7523,24,666,20.2,316.03,34.55370678498348,21.9
13.5222,0.0,18.1,0,0.631,2.6206078425697092,100.0,1.5106,24,666,20.2,131.42,33.59180382109358,23.1
4.89822,0.0,18.1,0,0.631,3.6547951760602166,100.0,1.3325,24,666,20.2,375.52,8.344089750641555,50.0
5.66998,0.0,18.1,1,0.631,4.607942872993421,96.8,1.3567,24,666,20.2,375.33,9.515843109551668,50.0
6.53876,0.0,18.1,1,0.631,4.872302573052741,97.5,1.2024,24,666,20.2,392.05,7.8038349594839564,50.0
9.2323,0.0,18.1,0,0.631,4.300936272706903,100.0,1.1691,24,666,20.2,366.15,23.654174462424045,50.0
8.26725,0.0,18.1,1,0.668,4.141505272788383,89.6,1.1296,24,666,20.2,347.88,22.517609892830766,50.0
11.1081,0.0,18.1,0,0.668,3.430422646283365,100.0,1.1742,24,666,20.2,396.9,86.79950629659618,13.8
18.4982,0.0,18.1,0,0.668,3.103026310328039,100.0,1.137,24,666,20.2,396.9,94.60337212964524,13.8
19.6091,0.0,18.1,0,0.671,5.241080283640237,97.9,1.3163,24,666,20.2,396.9,33.83583769954944,15.0
15.288,0.0,18.1,0,0.671,4.656536667737985,93.3,1.3449,24,666,20.2,363.02,58.53135662132153,13.9
9.82349,0.0,18.1,0,0.671,4.817528509867802,98.8,1.358,24,666,20.2,396.9,53.099637014913135,13.3
23.6482,0.0,18.1,0,0.671,4.456781242340978,96.2,1.3861,24,666,20.2,396.9,59.41674636005207,13.1
17.8667,0.0,18.1,0,0.671,4.373327265878512,100.0,1.3861,24,666,20.2,393.74,54.20701738296937,10.2
88.9762,0.0,18.1,0,0.671,4.7595631870539155,91.9,1.4165,24,666,20.2,396.9,43.568431670370686,10.4
15.8744,0.0,18.1,0,0.671,4.5994836605103755,99.1,1.5192,24,666,20.2,396.9,52.8656872945453,10.9
9.18702,0.0,18.1,0,0.7,4.01718377794989,100.0,1.5804,24,666,20.2,396.9,60.09982793525902,11.3
7.99248,0.0,18.1,0,0.7,3.948342034472435,100.0,1.5331,24,666,20.2,396.9,61.3249407405587,12.3
20.0849,0.0,18.1,0,0.7,2.919773617777486,91.2,1.4395,24,666,20.2,285.83,76.90983818159292,8.8
16.8118,0.0,18.1,0,0.7,3.788274611648815,98.1,1.4261,24,666,20.2,396.9,77.49994329989094,7.2
24.3938,0.0,18.1,0,0.7,3.4112057763878094,100.0,1.4672,24,666,20.2,396.9,70.30271123340103,10.5
22.5971,0.0,18.1,0,0.7,3.477079550721151,89.5,1.5184,24,666,20.2,396.9,79.48451305380749,7.4
14.3337,0.0,18.1,0,0.7,3.4619756262891133,100.0,1.5895,24,666,20.2,372.92,75.75838584965405,10.2
8.15174,0.0,18.1,0,0.7,3.7240439978548703,98.9,1.7281,24,666,20.2,396.9,51.62775836870012,11.5
6.96215,0.0,18.1,0,0.7,4.0551527038515545,97.0,1.9265,24,666,20.2,394.43,43.22704070051642,15.1
5.29305,0.0,18.1,0,0.7,4.22961313949108,82.5,2.1678,24,666,20.2,378.38,46.87658873087001,23.2
11.5779,0.0,18.1,0,0.7,3.413590890388112,97.0,1.77,24,666,20.2,396.9,64.53321610024673,9.7
8.64476,0.0,18.1,0,0.693,4.339674262103778,92.6,1.7912,24,666,20.2,396.9,38.36596883803826,13.8
13.3598,0.0,18.1,0,0.693,3.9796531269970963,94.7,1.7821,24,666,20.2,396.9,41.90746052830756,12.7
8.71675,0.0,18.1,0,0.693,4.399937748206754,98.8,1.7257,24,666,20.2,391.98,43.04405157743384,13.1
5.87205,0.0,18.1,0,0.693,4.475472569646077,96.0,1.6768,24,666,20.2,396.9,49.27318701900195,12.5
7.67202,0.0,18.1,0,0.693,3.9708942506959235,98.9,1.6334,24,666,20.2,393.1,49.67756167954885,8.5
38.3518,0.0,18.1,0,0.693,3.7939805363461807,100.0,1.4896,24,666,20.2,396.9,76.66483205819463,5.0
9.91655,0.0,18.1,0,0.693,4.022935012097081,77.8,1.5004,24,666,20.2,338.16,75.03822649391505,6.3
25.0461,0.0,18.1,0,0.693,4.1718256235001325,100.0,1.5888,24,666,20.2,396.9,66.97151771457544,5.6
14.2362,0.0,18.1,0,0.693,4.594434581079147,100.0,1.5741,24,666,20.2,396.9,50.39948371563357,7.2
9.59571,0.0,18.1,0,0.693,4.543939136162688,100.0,1.639,24,666,20.2,376.11,51.00703028171976,12.1
24.8017,0.0,18.1,0,0.693,3.73982437593188,96.0,1.7028,24,666,20.2,396.9,48.795235753209326,8.3
41.5292,0.0,18.1,0,0.693,3.9185667349900193,85.4,1.6074,24,666,20.2,329.46,68.77969598907052,8.5
67.9208,0.0,18.1,0,0.693,3.9322095798795558,100.0,1.4254,24,666,20.2,384.97,56.677909388162945,5.0
20.7162,0.0,18.1,0,0.659,2.8125218147859505,100.0,1.1781,24,666,20.2,370.22,58.81420090880389,11.9
11.9511,0.0,18.1,0,0.659,3.875931238624993,100.0,1.2852,24,666,20.2,332.09,29.583008406033844,27.9
7.40389,0.0,18.1,0,0.597,3.96594832440328,97.9,1.4547,24,666,20.2,314.64,65.56260898812174,17.2
14.4383,0.0,18.1,0,0.597,4.69397168522679,100.0,1.4655,24,666,20.2,179.36,48.74728566433695,27.5
51.1358,0.0,18.1,0,0.597,3.8939806462691227,100.0,1.413,24,666,20.2,2.6,25.344883256437583,15.0
14.0507,0.0,18.1,0,0.597,4.700363314534646,100.0,1.5275,24,666,20.2,35.05,53.29930432723173,17.2
18.811,0.0,18.1,0,0.597,3.107997142476849,100.0,1.5539,24,666,20.2,28.79,85.10944971210296,17.9
28.6558,0.0,18.1,0,0.597,3.6223049936208014,100.0,1.5894,24,666,20.2,210.97,50.959725789619796,16.3
45.7461,0.0,18.1,0,0.693,3.1631043687220304,100.0,1.6582,24,666,20.2,88.27,92.27095470306539,7.0
18.0846,0.0,18.1,0,0.679,4.36056365269728,100.0,1.8347,24,666,20.2,27.25,73.04111583724914,7.2
10.8342,0.0,18.1,0,0.679,4.856941514949537,90.8,1.8195,24,666,20.2,21.57,65.88445688887907,7.5
25.9406,0.0,18.1,0,0.679,3.755530696101071,89.1,1.6475,24,666,20.2,127.36,66.92999743197717,10.4
73.5341,0.0,18.1,0,0.679,4.249810153273721,100.0,1.8026,24,666,20.2,16.45,50.91970727630098,8.8
11.8123,0.0,18.1,0,0.718,4.609960602439332,76.5,1.794,24,666,20.2,48.45,56.83517571456783,8.4
11.0874,0.0,18.1,0,0.718,4.392913103882615,100.0,1.8589,24,666,20.2,318.75,38.063307160774734,16.7
7.02259,0.0,18.1,0,0.718,4.245358810473103,95.3,1.8746,24,666,20.2,319.98,39.25438433086481,14.2
12.0482,0.0,18.1,0,0.614,3.9538241968420076,87.6,1.9512,24,666,20.2,291.55,35.73850516454984,20.8
7.05042,0.0,18.1,0,0.614,4.069246979472536,85.1,2.0218,24,666,20.2,2.52,58.350825829187876,13.4
8.79212,0.0,18.1,0,0.584,3.766352605913844,70.6,2.0635,24,666,20.2,3.65,43.49973524513811,11.7
15.8603,0.0,18.1,0,0.679,4.06967385751261,95.4,1.9096,24,666,20.2,7.68,61.44046851657672,8.3
12.2472,0.0,18.1,0,0.584,4.0328618815539405,59.7,1.9976,24,666,20.2,24.65,38.56244463598331,10.2
37.6619,0.0,18.1,0,0.679,4.336980786961513,78.7,1.8629,24,666,20.2,18.82,36.76388524719807,10.9
7.36711,0.0,18.1,0,0.679,4.303831909768047,78.1,1.9356,24,666,20.2,96.73,53.58049414706419,11.0
9.33889,0.0,18.1,0,0.679,4.497115110416429,95.6,1.9682,24,666,20.2,60.72,60.4907940937737,9.5
8.49213,0.0,18.1,0,0.584,4.484077234729146,86.1,2.0527,24,666,20.2,83.45,43.70109886708695,14.5
10.0623,0.0,18.1,0,0.584,4.670469809490314,94.3,2.0882,24,666,20.2,81.33,48.38767531627692,14.1
6.44405,0.0,18.1,0,0.584,4.382414151950314,74.8,2.2004,24,666,20.2,97.95,29.725712064002828,16.1
5.58107,0.0,18.1,0,0.713,4.614437939081649,87.9,2.3158,24,666,20.2,100.19,41.17242794968591,14.3
13.9134,0.0,18.1,0,0.713,4.526827284663297,95.0,2.2222,24,666,20.2,100.63,37.195285690074336,11.7
11.1604,0.0,18.1,0,0.74,4.620954549125475,94.6,2.1247,24,666,20.2,109.85,57.01386048265829,13.4
14.4208,0.0,18.1,0,0.74,4.428491503606354,93.3,2.0026,24,666,20.2,27.49,44.70007544292036,9.6
15.1772,0.0,18.1,0,0.74,4.399105175623467,100.0,1.9142,24,666,20.2,9.32,66.18159732097611,8.7
13.6781,0.0,18.1,0,0.74,4.119147384308112,87.9,1.8206,24,666,20.2,68.95,85.0991004051748,8.4
9.39063,0.0,18.1,0,0.74,3.9298831030222354,93.9,1.8172,24,666,20.2,396.9,58.06112170452486,12.8
22.0511,0.0,18.1,0,0.74,4.103687865356425,92.4,1.8662,24,666,20.2,391.45,55.14430664181861,10.5
9.72418,0.0,18.1,0,0.74,4.573924724454259,97.2,2.0651,24,666,20.2,385.96,48.62120827283133,17.1
5.66637,0.0,18.1,0,0.74,4.372765292837633,100.0,2.0048,24,666,20.2,395.69,41.16374511182919,18.4
9.96654,0.0,18.1,0,0.74,4.806461037714389,100.0,1.9784,24,666,20.2,386.73,47.669103760924266,15.4
12.8023,0.0,18.1,0,0.74,3.9390208528655957,96.6,1.8956,24,666,20.2,240.52,58.8473979757003,10.8
10.6718,0.0,18.1,0,0.74,4.443603388550609,94.8,1.9879,24,666,20.2,43.06,60.06415612379485,11.8
6.28807,0.0,18.1,0,0.74,4.5118792439882975,96.4,2.072,24,666,20.2,318.01,44.88193287281983,14.9
9.92485,0.0,18.1,0,0.74,4.427426891833286,96.6,2.198,24,666,20.2,388.52,40.97371551771196,12.6
9.32909,0.0,18.1,0,0.713,4.372250079275664,98.7,2.2616,24,666,20.2,396.9,45.763693448828036,14.1
7.52601,0.0,18.1,0,0.713,4.542645638001505,98.3,2.185,24,666,20.2,304.21,48.31629141989776,13.0
6.71772,0.0,18.1,0,0.713,4.855610860508722,92.6,2.3236,24,666,20.2,0.32,44.15338792166223,13.4
5.44114,0.0,18.1,0,0.713,4.627466337047736,98.2,2.3552,24,666,20.2,355.29,44.091961311108754,15.2
5.09017,0.0,18.1,0,0.713,4.366112807611267,91.8,2.3682,24,666,20.2,385.09,42.51172603857064,16.1
8.24809,0.0,18.1,0,0.713,5.111439822867429,99.3,2.4527,24,666,20.2,375.87,41.756235836275714,17.8
9.51363,0.0,18.1,0,0.713,4.837322422309734,94.1,2.4961,24,666,20.2,6.68,46.54773278043738,14.9
4.75237,0.0,18.1,0,0.713,4.613083900201363,86.5,2.4358,24,666,20.2,50.92,45.150996207888255,14.1
4.66883,0.0,18.1,0,0.713,4.099205550328135,87.9,2.5806,24,666,20.2,10.48,47.70774281269915,12.7
8.20058,0.0,18.1,0,0.713,4.133754875427333,80.3,2.7792,24,666,20.2,3.5,41.494942918541405,13.5
7.75223,0.0,18.1,0,0.713,4.504427301481156,83.7,2.7831,24,666,20.2,272.21,40.85963954793676,14.9
6.80117,0.0,18.1,0,0.713,4.299310155705065,84.4,2.7175,24,666,20.2,396.9,36.53291766944119,20.0
4.81213,0.0,18.1,0,0.713,4.782114673128988,90.0,2.5975,24,666,20.2,255.23,41.58058007019657,16.4
3.69311,0.0,18.1,0,0.713,4.518897036459648,88.4,2.5671,24,666,20.2,391.43,37.08164410789449,17.7
6.65492,0.0,18.1,0,0.713,4.500317090462215,83.0,2.7344,24,666,20.2,396.9,34.78846169959635,19.5
5.82115,0.0,18.1,0,0.713,4.483100722902298,89.9,2.8016,24,666,20.2,393.82,25.636448686909116,20.2
7.83932,0.0,18.1,0,0.655,4.177892018712216,65.4,2.9634,24,666,20.2,396.9,33.02955322960637,21.4
3.1636,0.0,18.1,0,0.655,3.821763247260482,48.2,3.0665,24,666,20.2,334.4,35.2637850614915,19.9
3.77498,0.0,18.1,0,0.655,4.314046793489134,84.7,2.8715,24,666,20.2,22.01,42.362756919691854,19.0
4.42228,0.0,18.1,0,0.584,4.283840136311681,94.5,2.5403,24,666,20.2,331.29,53.92267785908791,19.1
15.5757,0.0,18.1,0,0.58,4.223242170141731,71.0,2.9084,24,666,20.2,368.74,44.745191037663744,19.1
13.0751,0.0,18.1,0,0.58,3.9681454517895234,56.7,2.8237,24,666,20.2,396.9,37.87493050152855,20.1
4.34879,0.0,18.1,0,0.58,4.374777090441059,84.0,3.0334,24,666,20.2,396.9,40.02663833503918,19.9
4.03841,0.0,18.1,0,0.532,4.345570231043516,90.7,3.0993,24,666,20.2,395.33,32.777276526016394,19.6
3.56868,0.0,18.1,0,0.58,4.60916843599189,75.0,2.8965,24,666,20.2,393.37,36.50910086329209,23.2
4.64689,0.0,18.1,0,0.614,4.857140964571317,67.6,2.5329,24,666,20.2,374.68,29.100570671612722,29.8
8.05579,0.0,18.1,0,0.584,3.8047701824998197,95.4,2.4298,24,666,20.2,352.58,45.85117676355567,13.8
6.39312,0.0,18.1,0,0.584,4.374217697444067,97.4,2.206,24,666,20.2,302.76,59.948513817070875,13.3
4.87141,0.0,18.1,0,0.614,4.526283534387865,93.6,2.3053,24,666,20.2,396.21,46.18552617968298,16.7
15.0234,0.0,18.1,0,0.614,3.8746447979396743,97.3,2.1007,24,666,20.2,349.48,62.61898454647188,12.0
10.233,0.0,18.1,0,0.614,4.293657640766736,96.7,2.1705,24,666,20.2,379.7,44.74492966536203,14.6
14.3337,0.0,18.1,0,0.614,4.451527605184127,88.0,1.9512,24,666,20.2,383.32,32.334119728875265,21.4
5.82401,0.0,18.1,0,0.532,4.421059428582237,64.7,3.4242,24,666,20.2,396.9,26.56792689254972,23.0
5.70818,0.0,18.1,0,0.532,4.828179888293617,74.9,3.3317,24,666,20.2,393.07,20.310805290574702,23.7
5.73116,0.0,18.1,0,0.532,4.8849897618245155,77.0,3.4106,24,666,20.2,395.28,17.84135205882234,25.0
2.81838,0.0,18.1,0,0.532,3.8894168959289863,40.3,4.0983,24,666,20.2,392.92,25.94450945687879,21.8
2.37857,0.0,18.1,0,0.583,4.121839434634856,41.9,3.724,24,666,20.2,370.73,33.67298821046908,20.6
3.67367,0.0,18.1,0,0.583,4.28641200585224,51.9,3.9917,24,666,20.2,388.62,25.939959446307103,21.2
5.69175,0.0,18.1,0,0.583,4.043003841892005,79.8,3.5459,24,666,20.2,392.68,37.02445418061615,19.1
4.83567,0.0,18.1,0,0.583,4.304406370606058,53.2,3.1523,24,666,20.2,388.22,28.65869512217819,20.6
0.15086,0.0,27.74,0,0.609,3.847355634638966,92.7,1.8209,4,711,20.1,395.09,45.750459251648685,15.2
0.18337,0.0,27.74,0,0.609,3.795973150180601,98.3,1.7554,4,711,20.1,344.05,61.17426886871359,7.0
0.20746,0.0,27.74,0,0.609,3.6849180563030073,98.0,1.8226,4,711,20.1,318.43,73.32152022502918,8.1
0.10574,0.0,27.74,0,0.609,4.285073678382121,98.8,1.8681,4,711,20.1,390.11,45.03328098035234,13.6
0.11132,0.0,27.74,0,0.609,4.147927805851902,83.5,2.1099,4,711,20.1,396.9,33.000759458391514,20.1
0.17331,0.0,9.69,0,0.585,3.886032821307162,54.0,2.3817,6,391,19.2,396.9,29.321398795495163,21.8
0.27957,0.0,9.69,0,0.585,4.153126331094047,42.6,2.3817,6,391,19.2,396.9,33.9264312658538,24.5
0.17899,0.0,9.69,0,0.585,3.77759839857358,28.8,2.7986,6,391,19.2,393.29,44.46029092726479,23.1
0.2896,0.0,9.69,0,0.585,3.797857344535507,72.9,2.7986,6,391,19.2,396.9,52.57710822468514,19.7
0.26838,0.0,9.69,0,0.585,4.049296195942484,70.6,2.8927,6,391,19.2,396.9,35.50272030467022,18.3
0.23912,0.0,9.69,0,0.585,4.248027193568314,65.3,2.4091,6,391,19.2,396.9,31.632457919421714,21.2
0.17783,0.0,9.69,0,0.585,3.9498666088413876,73.5,2.3999,6,391,19.2,395.77,38.12594922938051,17.5
0.22438,0.0,9.69,0,0.585,4.141194497522939,79.7,2.4982,6,391,19.2,396.9,34.8348667459622,16.8
0.06263,0.0,11.93,0,0.573,4.723126406586934,69.1,2.4786,1,273,21.0,391.99,23.77419704192172,22.4
0.04527,0.0,11.93,0,0.573,4.366553187096699,76.7,2.2875,1,273,21.0,396.9,22.531512358127763,20.6
0.06076,0.0,11.93,0,0.573,4.940734798048118,91.0,2.1675,1,273,21.0,396.9,14.289863223629231,23.9
0.10959,0.0,11.93,0,0.573,4.824804612594604,89.3,2.3889,1,273,21.0,393.45,15.362129764958807,22.0
0.04741,0.0,11.93,0,0.573,4.333975572445145,80.8,2.505,1,273,21.0,396.9,19.573797415078463,11.9
