CRIM,ZN,INDUS,CHAS,NOX,RM,AGE,DIS,RAD,TAX,PTRATIO,B,LSTAT,MEDV
0.00632,18.0,2.31,0,0.538,2.6200022850633222,65.2,4.09,1,296,15.3,396.9,20.133884982102366,24.0
0.02731,0.0,7.07,0,0.469,2.4686807741572543,78.9,4.9671,2,242,17.8,396.9,36.27458122155678,21.6
0.02729,0.0,7.07,0,0.469,2.675938558647839,61.1,4.9671,2,242,17.8,392.83,17.447230344865048,34.7
0.03237,0.0,2.18,0,0.458,2.724768922475116,45.8,6.0622,3,222,18.7,394.63,10.955727523567894,33.4
0.06905,0.0,2.18,0,0.458,2.7803505667430275,54.2,6.0622,3,222,18.7,396.9,21.650857830832084,36.2
0.02985,0.0,2.18,0,0.458,2.677475153037949,58.7,6.0622,3,222,18.7,394.12,20.7682870280105,28.7
0.08829,12.5,7.87,0,0.524,2.3519694727103455,66.6,5.5605,5,311,15.2,395.6,49.54274680576429,22.9
0.14455,12.5,7.87,0,0.524,2.4366752597238537,96.1,5.9505,5,311,15.2,396.9,77.13317940605991,27.1
0.21124,12.5,7.87,0,0.524,2.167428284140404,100.0,6.0821,5,311,15.2,386.63,118.81103899969622,16.5
0.17004,12.5,7.87,0,0.524,2.328850634982677,85.9,6.5921,5,311,15.2,386.71,67.90766189495568,18.9
0.22489,12.5,7.87,0,0.524,2.572151424705078,94.3,6.3467,5,311,15.2,392.52,81.74291992777135,15.0
0.11747,12.5,7.87,0,0.524,2.511718515078337,82.9,6.2267,5,311,15.2,396.9,53.95063691834208,18.9
0.09378,12.5,7.87,0,0.524,2.3135771772262568,39.0,5.4509,5,311,15.2,390.5,62.884523435576895,21.7
0.62976,0.0,8.14,0,0.538,2.2667431126603335,61.8,4.7075,4,307,21.0,396.9,33.48784411850444,20.4
0.63796,0.0,8.14,0,0.538,2.316760600342264,84.5,4.4619,4,307,21.0,380.02,40.10834701748623,18.2
0.62739,0.0,8.14,0,0.538,2.2382912428832022,56.5,4.4986,4,307,21.0,395.62,33.26055622739619,19.9
1.05393,0.0,8.14,0,0.538,2.450862009372708,29.3,4.4986,4,307,21.0,386.85,26.804764736712116,23.1
0.7842,0.0,8.14,0,0.538,2.507069057848614,81.7,4.2579,4,307,21.0,386.75,58.36591012997832,17.5
0.80271,0.0,8.14,0,0.538,2.0045958490180396,36.6,3.7965,4,307,21.0,288.99,46.72850226987556,20.2
0.7258,0.0,8.14,0,0.538,2.234158238914925,69.5,3.7965,4,307,21.0,390.95,45.485434552311446,18.2
1.25179,0.0,8.14,0,0.538,2.090775009148582,98.1,3.7979,4,307,21.0,376.57,82.97749123265112,13.6
0.85204,0.0,8.14,0,0.538,2.3291917250000016,89.2,4.0123,4,307,21.0,392.53,54.71941721738202,19.6
1.23247,0.0,8.14,0,0.538,2.432565753624069,91.7,3.9769,4,307,21.0,396.9,74.83307957701508,15.2
0.98843,0.0,8.14,0,0.538,2.44686010713826,100.0,4.0952,4,307,21.0,394.54,78.74676196550229,14.5
0.75026,0.0,8.14,0,0.538,2.4711091085562664,94.1,4.3996,4,307,21.0,394.33,64.84470188989442,15.6
0.84054,0.0,8.14,0,0.538,2.162135454423053,85.7,4.4546,4,307,21.0,303.42,66.01879261816124,13.9
0.67191,0.0,8.14,0,0.538,2.331133036771262,90.3,4.682,4,307,21.0,376.88,58.907439601554536,16.6
0.95577,0.0,8.14,0,0.538,2.270197414799227,88.8,4.4534,4,307,21.0,306.38,68.98561034024671,14.8
0.77299,0.0,8.14,0,0.538,2.680449725158693,94.4,4.4547,4,307,21.0,387.94,51.22053224184843,18.4
1.00245,0.0,8.14,0,0.538,2.6945325062154177,87.3,4.239,4,307,21.0,380.23,48.58509802955241,21.0
1.13081,0.0,8.14,0,0.538,2.2926110033696934,94.1,4.233,4,307,21.0,360.17,91.18932652856012,12.7
1.35472,0.0,8.14,0,0.538,2.4415465967978482,100.0,4.175,4,307,21.0,376.73,51.96271542051156,14.5
1.38799,0.0,8.14,0,0.538,2.4051597586315663,82.0,3.99,4,307,21.0,232.6,110.42612418116929,13.2
1.15172,0.0,8.14,0,0.538,2.269207187761538,95.0,3.7872,4,307,21.0,358.77,73.84467217536553,13.1
1.61282,0.0,8.14,0,0.538,2.4824004771888886,96.9,3.7598,4,307,21.0,248.31,81.61527795746561,13.5
0.06417,0.0,5.96,0,0.499,2.4709996472992177,68.2,3.3603,5,279,19.2,396.9,38.84453796871386,18.9
0.09744,0.0,5.96,0,0.499,2.379270617715577,61.4,3.3779,5,279,19.2,377.56,45.185880334205926,20.0
0.08014,0.0,5.96,0,0.499,2.3235483181228695,41.5,3.9342,5,279,19.2,396.9,35.40247535332814,21.0
0.17505,0.0,5.96,0,0.499,2.3565668968471427,30.2,3.8473,5,279,19.2,393.43,40.95610342660123,24.7
0.02763,75.0,2.95,0,0.428,2.7069215469223775,21.8,5.4011,3,252,18.3,395.63,16.387604196255946,30.8
0.03359,75.0,2.95,0,0.428,2.7587403391947807,15.8,5.4011,3,252,18.3,395.62,8.428719666574649,34.9
0.12744,0.0,6.91,0,0.448,2.697853678235323,2.9,5.7209,3,233,17.9,385.41,19.323600128962468,26.6
0.1415,0.0,6.91,0,0.448,2.511209854036011,6.6,5.7209,3,233,17.9,383.37,22.868252399775876,25.3
0.15936,0.0,6.91,0,0.448,2.5349413694689846,6.5,5.7209,3,233,17.9,394.46,28.971464624022072,24.7
0.12269,0.0,6.91,0,0.448,2.664295959468119,40.0,5.7209,3,233,17.9,389.39,38.02911034726777,21.2
0.17142,0.0,6.91,0,0.448,2.1987065056584343,33.8,5.1004,3,233,17.9,396.9,40.8094270261598,19.3
0.18836,0.0,6.91,0,0.448,2.1356530651166876,33.3,5.1004,3,233,17.9,396.9,56.41260443200849,20.0
0.22927,0.0,6.91,0,0.448,2.3967538137830844,85.5,5.6894,3,233,17.9,392.74,74.59780934475727,16.6
0.25387,0.0,6.91,0,0.448,2.2367679816359685,95.3,5.87,3,233,17.9,396.9,122.64233136190069,14.4
0.21977,0.0,6.91,0,0.448,2.3706201813779217,62.0,6.0877,3,233,17.9,396.9,65.15270033573574,19.4
0.08873,21.0,5.64,0,0.439,2.4736566320357847,45.7,6.8147,4,243,16.8,395.56,53.823858879559616,19.7
0.04337,21.0,5.64,0,0.439,2.3664596388785593,63.0,6.8147,4,243,16.8,393.97,37.862304492226095,20.5
0.0536,21.0,5.64,0,0.439,2.6876747636158456,21.1,6.8147,4,243,16.8,396.9,21.434535202135667,25.0
0.04981,21.0,5.64,0,0.439,2.3650345884805866,21.4,6.8147,4,243,16.8,396.9,34.07881019279557,23.4
0.0136,75.0,4.0,0,0.41,2.4176693536213936,47.6,7.3197,3,469,21.1,396.9,60.06756441279279,18.9
0.01311,90.0,1.22,0,0.403,2.9340877708098265,21.9,8.6966,5,226,17.9,395.93,19.20433853238373,35.4
0.02055,85.0,0.74,0,0.41,2.362232403024487,35.7,9.1876,2,313,17.3,396.9,22.95027283497805,24.7
0.01432,100.0,1.32,0,0.411,2.5987962882837032,40.5,8.3248,5,256,15.1,392.9,15.320877338334713,31.6
0.15445,25.0,5.13,0,0.453,2.4288636846889293,29.2,7.8148,8,284,19.7,390.68,27.564717395590556,23.3
0.10328,25.0,5.13,0,0.453,2.391110166862696,47.2,6.932,8,284,19.7,396.9,37.01223559006887,19.6
0.14932,25.0,5.13,0,0.453,2.2329402802519795,66.2,7.2254,8,284,19.7,395.11,52.22012572265086,18.7
0.17171,25.0,5.13,0,0.453,2.356559924801395,93.4,6.8185,8,284,19.7,378.08,57.743738527562066,16.0
0.11027,25.0,5.13,0,0.453,2.6097953031834478,67.8,7.2255,8,284,19.7,396.9,26.91097245832309,22.2
0.1265,25.0,5.13,0,0.453,2.726064029259253,43.4,7.9809,8,284,19.7,395.58,39.83222343158341,25.0
0.01951,17.5,1.38,0,0.4161,2.962723880365466,59.5,9.2229,3,216,18.6,393.24,31.94474109027117,33.0
0.03584,80.0,3.37,0,0.398,2.4484811098305546,17.8,6.6115,4,337,16.1,396.9,19.30301612097819,23.5
0.04379,80.0,3.37,0,0.398,2.270948393931055,31.1,6.6115,4,337,16.1,396.9,41.16329372904097,19.4
0.05789,12.5,6.07,0,0.409,2.2934556884095354,21.4,6.498,4,345,18.9,396.21,32.35412107947989,22.0
0.13554,12.5,6.07,0,0.409,2.2683150123076574,36.8,6.498,4,345,18.9,396.9,52.564112048331346,17.4
0.12816,12.5,6.07,0,0.409,2.2501405693976033,33.0,6.498,4,345,18.9,396.9,35.339202323233046,20.9
0.08826,0.0,10.81,0,0.413,2.3861369193561734,6.6,5.2873,4,305,19.2,383.73,26.864098677598733,24.2
0.15876,0.0,10.81,0,0.413,2.3409917100263486,17.5,5.2873,4,305,19.2,376.94,39.39526070858326,21.7
0.09164,0.0,10.81,0,0.413,2.315542513022738,7.8,5.2873,4,305,19.2,390.91,21.89277683971821,22.8
0.19539,0.0,10.81,0,0.413,2.5401523866657896,6.2,5.2873,4,305,19.2,377.17,29.967223619559025,23.4
0.07896,0.0,12.83,0,0.437,2.6022744083280474,6.0,4.2515,5,398,18.7,394.92,27.25952815666552,24.1
0.09512,0.0,12.83,0,0.437,2.3301916598215433,45.0,4.5026,5,398,18.7,383.23,35.701007234894874,21.4
0.10153,0.0,12.83,0,0.437,2.543646616921176,74.5,4.0522,5,398,18.7,373.66,48.36197700886475,20.0
0.08707,0.0,12.83,0,0.437,2.4791689156403005,45.8,4.0905,5,398,18.7,386.96,41.76975377182123,20.8
0.05646,0.0,12.83,0,0.437,2.6387740030199804,53.7,5.0141,5,398,18.7,386.4,49.33228330888,21.2
0.08387,0.0,12.83,0,0.437,2.44065007524627,36.6,4.5026,5,398,18.7,396.06,36.25079421435097,20.3
0.04113,25.0,4.86,0,0.426,2.5220763192860014,33.5,5.4007,4,281,19.0,396.9,21.819987927473555,28.0
0.04462,25.0,4.86,0,0.426,2.76673064628277,70.4,5.4007,4,281,19.0,395.63,28.84464604282819,23.9
0.03659,25.0,4.86,0,0.426,2.6774641451674475,32.2,5.4007,4,281,19.0,396.9,26.985123116008953,24.8
0.03551,25.0,4.86,0,0.426,2.40437707170038,46.7,5.4007,4,281,19.0,390.64,29.847473549820307,22.9
0.05059,0.0,4.49,0,0.449,2.7485856231346277,48.0,4.7794,3,247,18.5,396.9,38.54670493484188,23.9
0.05735,0.0,4.49,0,0.449,2.553252221333273,56.1,4.4377,3,247,18.5,392.3,26.76705392857068,26.6
0.05188,0.0,4.49,0,0.449,2.4093973946239706,45.1,4.4272,3,247,18.5,395.99,51.88775183389755,22.5
0.07151,0.0,4.49,0,0.449,2.3612034939481803,56.8,3.7476,3,247,18.5,395.15,33.21380842044635,22.2
0.0566,0.0,3.41,0,0.489,2.9834447419864683,86.3,3.4217,2,270,17.8,396.9,21.574589502529935,23.6
0.05302,0.0,3.41,0,0.489,2.9502115786201855,63.1,3.4145,2,270,17.8,396.06,22.596161864952226,28.7
0.04684,0.0,3.41,0,0.489,2.666940047471277,66.1,3.0923,2,270,17.8,392.18,35.08869425559707,22.6
0.03932,0.0,3.41,0,0.489,2.561887823014632,73.9,3.0921,2,270,17.8,393.55,33.15065285663222,22.0
0.04203,28.0,15.04,0,0.464,2.58219012683869,53.6,3.6659,4,270,18.2,395.01,31.575054555599962,22.9
0.02875,28.0,15.04,0,0.464,2.577633418033225,28.9,3.6659,4,270,18.2,396.33,25.48467880669239,25.0
0.04294,28.0,15.04,0,0.464,2.506896317853982,77.3,3.615,4,270,18.2,396.9,41.785447722527735,20.6
0.12204,0.0,2.89,0,0.445,2.7016363851967258,57.8,3.4952,2,276,18.0,357.98,27.118909863628303,28.4
0.11504,0.0,2.89,0,0.445,2.54931718806825,69.6,3.4952,2,276,18.0,391.83,44.73021524233597,21.4
0.12083,0.0,2.89,0,0.445,3.2166177312075677,76.0,3.4952,2,276,18.0,396.9,16.73732654626204,38.7
0.08187,0.0,2.89,0,0.445,3.1816126992059344,36.9,3.4952,2,276,18.0,393.53,14.71264650311685,43.8
0.0686,0.0,2.89,0,0.445,2.972105290792199,62.5,3.4952,2,276,18.0,396.9,24.777955392776228,33.2
0.14866,0.0,8.56,0,0.52,2.5760450618438764,79.9,2.7778,5,384,20.9,394.76,38.26449203657359,27.5
0.11432,0.0,8.56,0,0.52,2.9195695746253936,71.3,2.8561,5,384,20.9,395.58,31.93531880919953,26.5
0.22876,0.0,8.56,0,0.52,2.565789711778111,85.4,2.7147,5,384,20.9,70.8,42.26092108613345,18.6
0.21161,0.0,8.56,0,0.52,2.4539819820916264,87.4,2.7147,5,384,20.9,394.47,53.272906484762665,19.3
0.1396,0.0,8.56,0,0.52,2.4325577347594787,90.0,2.421,5,384,20.9,392.69,48.735906510375465,20.1
0.13262,0.0,8.56,0,0.52,2.2638196029405964,96.7,2.1069,5,384,20.9,394.05,65.1278562500331,19.5
0.1712,0.0,8.56,0,0.52,2.2750623613282817,91.9,2.211,5,384,20.9,395.67,74.50366182067485,19.5
0.13117,0.0,8.56,0,0.52,2.596870890267481,85.2,2.1224,5,384,20.9,387.69,55.5605985111766,20.4
0.12802,0.0,8.56,0,0.52,2.6742229313541093,97.1,2.4329,5,384,20.9,395.24,47.75411655690415,19.8
0.26363,0.0,8.56,0,0.52,2.5161615100569152,91.2,2.5451,5,384,20.9,391.23,61.87564325129321,19.4
0.10793,0.0,8.56,0,0.52,2.604555513527205,54.4,2.7778,5,384,20.9,393.49,52.803529406789146,21.7
0.10084,0.0,10.01,0,0.547,2.7077569594882096,81.6,2.6775,6,432,17.8,395.59,40.77158916868707,22.8
0.12329,0.0,10.01,0,0.547,2.3665059777103026,92.9,2.3534,6,432,17.8,394.95,64.19395599630239,18.8
0.22212,0.0,10.01,0,0.547,2.4925120225717325,95.4,2.548,6,432,17.8,396.9,67.91818440718222,18.7
0.14231,0.0,10.01,0,0.547,2.5813634328616506,84.2,2.2565,6,432,17.8,388.74,42.20093954959698,18.5
0.17134,0.0,10.01,0,0.547,2.3078489033944702,88.2,2.4631,6,432,17.8,344.91,63.140976790106095,18.3
0.13158,0.0,10.01,0,0.547,2.405337200414784,72.5,2.7301,6,432,17.8,393.3,47.95147507111958,21.2
0.15098,0.0,10.01,0,0.547,2.486281358110136,82.6,2.7474,6,432,17.8,394.51,41.75810336389158,19.2
0.13058,0.0,10.01,0,0.547,2.5342870618668596,73.1,2.4775,6,432,17.8,338.63,61.62734145951309,20.4
0.14476,0.0,10.01,0,0.547,2.3137027300459163,65.2,2.7592,6,432,17.8,391.5,54.24242716127569,19.3
0.06899,0.0,25.65,0,0.581,2.2356427637784018,69.7,2.2577,2,188,19.1,389.15,57.47561260074789,22.0
0.07165,0.0,25.65,0,0.581,2.485697254788036,84.1,2.1974,2,188,19.1,377.67,57.233034512492935,20.3
0.09299,0.0,25.65,0,0.581,2.3811628443320236,92.9,2.0869,2,188,19.1,378.09,72.35586624734887,20.5
0.15038,0.0,25.65,0,0.581,2.3365538396402794,97.0,1.9444,2,188,19.1,370.31,101.09621567859982,17.3
0.09849,0.0,25.65,0,0.581,2.1728693718924794,95.8,2.0063,2,188,19.1,379.38,70.24990784024405,18.8
0.16902,0.0,25.65,0,0.581,2.5943845625099557,88.4,1.9929,2,188,19.1,385.02,59.091534733683616,21.4
0.38735,0.0,25.65,0,0.581,2.2971051137570355,95.6,1.7572,2,188,19.1,359.29,108.03484370411408,15.7
0.25915,0.0,21.89,0,0.624,2.154661353685,96.0,1.7883,4,437,21.2,392.11,68.42095847816198,16.2
0.32543,0.0,21.89,0,0.624,2.36204096455015,98.8,1.8125,4,437,21.2,396.9,60.75511307152998,18.0
0.88125,0.0,21.89,0,0.624,2.390823158795825,94.7,1.9799,4,437,21.2,396.9,73.41072131429844,14.3
0.34006,0.0,21.89,0,0.624,2.5065793497011235,98.9,2.1185,4,437,21.2,395.04,50.2976073439257,19.2
1.19294,0.0,21.89,0,0.624,2.41444777712602,97.7,2.271,4,437,21.2,396.9,49.17851911843422,19.6
0.59005,0.0,21.89,0,0.624,2.3982041236153675,97.9,2.3274,4,437,21.2,385.76,44.60386864903904,23.0
0.32982,0.0,21.89,0,0.624,2.240433327798675,95.4,2.4699,4,437,21.2,388.69,59.30831992813291,18.4
0.97617,0.0,21.89,0,0.624,2.3257886440283655,98.4,2.346,4,437,21.2,262.76,69.22621365115306,15.6
0.55778,0.0,21.89,0,0.624,2.591346251059111,98.2,2.1107,4,437,21.2,394.67,68.05623614877653,18.1
0.32264,0.0,21.89,0,0.624,2.430377006024138,93.5,1.9669,4,437,21.2,378.25,68.05937085394127,17.4
0.35233,0.0,21.89,0,0.624,2.6261693072929764,98.4,1.8498,4,437,21.2,394.08,58.36252061825092,17.1
0.2498,0.0,21.89,0,0.624,2.3076026021731297,98.2,1.6686,4,437,21.2,392.04,84.97330095862621,13.3
0.54452,0.0,21.89,0,0.624,2.49073072283369,97.9,1.6687,4,437,21.2,396.9,73.95126473824449,17.8
0.2909,0.0,21.89,0,0.624,2.429963927428104,93.6,1.6119,4,437,21.2,388.08,97.29890157600036,14.0
1.62864,0.0,21.89,0,0.624,2.173480589763501,100.0,1.4394,4,437,21.2,396.9,137.74958885643406,14.4
3.32105,0.0,19.58,1,0.871,2.109935485004979,100.0,1.3216,5,403,14.7,396.9,106.42774542248597,13.4
4.0974,0.0,19.58,0,0.871,2.246872567977273,100.0,1.4118,5,403,14.7,396.9,105.92021039270276,15.6
2.77974,0.0,19.58,0,0.871,1.8289456946868983,97.8,1.3459,5,403,14.7,396.9,117.17376978070271,11.8
2.37934,0.0,19.58,0,0.871,2.542805136375092,100.0,1.4191,5,403,14.7,172.91,111.20038467427928,13.8
2.15505,0.0,19.58,0,0.871,2.2677776482206724,100.0,1.5166,5,403,14.7,169.27,66.38432729087357,15.6
2.36862,0.0,19.58,0,0.871,2.012043536892124,95.7,1.4608,5,403,14.7,391.71,118.13225786332832,14.6
2.33099,0.0,19.58,0,0.871,2.1386477299160482,93.8,1.5296,5,403,14.7,356.99,113.32224544288562,17.8
2.73397,0.0,19.58,0,0.871,2.271273166954081,94.9,1.5257,5,403,14.7,351.85,85.0764557115953,15.4
1.6566,0.0,19.58,0,0.871,2.4976054430137573,97.3,1.618,5,403,14.7,372.8,56.79288681457467,21.5
1.49632,0.0,19.58,0,0.871,2.2221694806406993,100.0,1.5916,5,403,14.7,341.6,52.96618003576476,19.6
1.12658,0.0,19.58,1,0.871,1.9380929570024858,88.0,1.6102,5,403,14.7,343.28,48.40702631719021,15.3
2.14918,0.0,19.58,0,0.871,2.328939517290895,98.5,1.6232,5,403,14.7,261.95,62.95718860734906,19.4
1.41385,0.0,19.58,1,0.871,2.4690122405567396,96.0,1.7494,5,403,14.7,321.02,61.1826598215852,17.0
3.53501,0.0,19.58,1,0.871,2.344113013621012,82.6,1.7455,5,403,14.7,88.01,60.584543957568265,15.6
2.44668,0.0,19.58,0,0.871,2.278704532626706,94.0,1.7364,5,403,14.7,88.63,65.28793072368879,13.1
1.22358,0.0,19.58,0,0.605,2.7852653174984594,97.4,1.8773,5,403,14.7,363.43,18.19836918892146,41.3
1.34284,0.0,19.58,0,0.605,2.461615370981624,100.0,1.7573,5,403,14.7,353.89,25.024811294075146,24.3
1.42502,0.0,19.58,0,0.871,2.5789325110365127,100.0,1.7659,5,403,14.7,364.31,29.40668832305206,23.3
1.27346,0.0,19.58,1,0.605,2.5220914146028313,92.6,1.7984,5,403,14.7,338.92,22.553319862374057,27.0
1.46336,0.0,19.58,0,0.605,3.0421347866517765,90.8,1.9709,5,403,14.7,374.43,7.540802801056761,50.0
1.83377,0.0,19.58,1,0.605,3.156864546517322,98.2,2.0407,5,403,14.7,389.61,7.243557907147961,50.0
1.51902,0.0,19.58,1,0.605,3.4351492226287643,93.9,2.162,5,403,14.7,388.45,13.905452356805915,50.0
2.24236,0.0,19.58,0,0.605,2.158283796701742,91.8,2.422,5,403,14.7,395.11,45.83798652383081,22.7
2.924,0.0,19.58,0,0.605,2.639964011443412,93.0,2.2834,5,403,14.7,240.16,39.18007637488492,25.0
2.01019,0.0,19.58,0,0.605,3.2846227435962203,96.2,2.0459,5,403,14.7,369.3,14.844751631076447,50.0
1.80028,0.0,19.58,0,0.605,2.360486516073436,79.2,2.4259,5,403,14.7,227.61,49.29360455487746,23.8
2.3004,0.0,19.58,0,0.605,2.5088136780422574,96.1,2.1,5,403,14.7,297.09,43.45209304245906,23.8
2.44953,0.0,19.58,0,0.605,2.4891347960435817,95.2,2.2625,5,403,14.7,330.04,44.5312409640717,22.3
1.20742,0.0,19.58,0,0.605,2.201851273952086,94.6,2.4259,5,403,14.7,292.29,56.55687277996961,17.4
2.3139,0.0,19.58,0,0.605,2.42068998983038,97.3,2.3887,5,403,14.7,348.13,47.60337666810363,19.1
0.13914,0.0,4.05,0,0.51,2.3891928659451676,88.5,2.5961,5,296,16.6,396.9,57.72766170595494,23.1
0.09178,0.0,4.05,0,0.51,2.5090234066812855,84.1,2.6463,5,296,16.6,395.5,36.33260250383258,23.6
0.08447,0.0,4.05,0,0.51,2.3865915436226657,68.7,2.7019,5,296,16.6,393.23,37.95224814684359,22.6
0.06664,0.0,4.05,0,0.51,2.3289865081443804,33.1,3.1323,5,296,16.6,390.96,20.948438042445048,29.4
0.07022,0.0,4.05,0,0.51,2.329595430321546,47.2,3.5549,5,296,16.6,393.23,41.44816759291001,23.2
0.05425,0.0,4.05,0,0.51,2.522439336129576,73.4,3.3175,5,296,16.6,395.6,25.37371233317418,24.6
0.06642,0.0,4.05,0,0.51,2.6508085249345448,74.4,2.9153,5,296,16.6,391.27,27.37787771933502,29.9
0.0578,0.0,2.46,0,0.488,2.8816213904262757,58.4,2.829,3,193,17.8,396.9,20.40280984736002,37.2
0.06588,0.0,2.46,0,0.488,3.1089291479041816,83.3,2.741,3,193,17.8,395.56,30.52861511274297,39.8
0.06888,0.0,2.46,0,0.488,2.3150381694219333,62.2,2.5979,3,193,17.8,396.9,38.373164715990654,36.2
0.09103,0.0,2.46,0,0.488,3.0094745760177433,92.2,2.7006,3,193,17.8,394.12,18.886461717129457,37.9
0.10008,0.0,2.46,0,0.488,2.4536910159021117,95.6,2.847,3,193,17.8,396.9,22.828104707710786,32.5
0.08308,0.0,2.46,0,0.488,2.38501305716744,89.8,2.9879,3,193,17.8,391.0,55.8929253178564,26.4
0.06047,0.0,2.46,0,0.488,2.5689108904537705,68.8,3.2797,3,193,17.8,387.11,52.5291250569631,29.6
0.05602,0.0,2.46,0,0.488,3.2117581529761074,53.6,3.1992,3,193,17.8,392.63,17.56200746286561,50.0
0.07875,45.0,3.44,0,0.437,2.869398118951599,41.1,3.7886,5,398,15.2,393.87,27.11462163458378,32.0
0.12579,45.0,3.44,0,0.437,2.5042613727031586,29.1,4.5667,5,398,15.2,382.84,18.59206129485736,29.8
0.0837,45.0,3.44,0,0.437,2.8540901317252194,38.9,4.5667,5,398,15.2,396.9,20.74954939940413,34.9
0.09068,45.0,3.44,0,0.437,2.8545934126069827,21.5,6.4798,5,398,15.2,377.68,20.020950568890626,37.0
0.06911,45.0,3.44,0,0.437,2.7353027955628644,30.8,6.4798,5,398,15.2,389.71,18.68759918765259,30.5
0.08664,45.0,3.44,0,0.437,3.0437820543591223,26.3,6.4798,5,398,15.2,390.49,11.861314449746763,36.4
0.02187,60.0,2.93,0,0.401,2.7942559443087114,9.9,6.2196,1,265,15.6,393.37,20.220034560608084,31.1
0.01439,60.0,2.93,0,0.401,2.5680908833179696,18.8,6.2196,1,265,15.6,376.7,17.937508868793408,29.1
0.01381,80.0,0.46,0,0.422,3.0450524481739563,32.0,5.6484,4,255,14.4,394.23,11.765562613577423,50.0
0.04011,80.0,1.52,0,0.404,2.996233951958136,34.1,7.309,2,329,12.6,396.9,16.040744863195386,33.3
0.04666,80.0,1.52,0,0.404,2.7661315571597647,36.6,7.309,2,329,12.6,354.31,34.520310917422464,30.3
0.03768,80.0,1.52,0,0.404,2.910736982626896,38.3,7.309,2,329,12.6,392.2,27.13645129829187,34.6
0.0315,95.0,1.47,0,0.403,2.682910543227639,15.3,7.6534,3,402,17.0,396.9,17.89441327792002,34.9
0.01778,95.0,1.47,0,0.403,2.9276006353626176,13.9,7.6534,3,402,17.0,384.3,17.58740345744425,32.9
0.03445,82.5,2.03,0,0.415,2.523947281035857,38.4,6.27,2,348,14.7,393.77,29.34513913631215,24.1
0.02177,82.5,2.03,0,0.415,2.8834471589227997,15.7,6.27,2,348,14.7,395.38,12.370832916521369,42.3
0.0351,95.0,2.68,0,0.4161,3.082699007516993,33.2,5.118,4,224,14.7,392.78,15.711880720349313,48.5
0.02009,95.0,2.68,0,0.4161,3.1854777854550536,31.9,5.118,4,224,14.7,390.55,11.504854521831353,50.0
0.13642,0.0,10.59,0,0.489,2.3312937280972448,22.3,3.9454,4,277,18.6,396.9,43.37471979202396,22.6
0.22969,0.0,10.59,0,0.489,2.510359254434874,52.5,4.3549,4,277,18.6,394.87,43.67211396559859,24.4
0.25199,0.0,10.59,0,0.489,2.2965740869094637,72.7,4.3549,4,277,18.6,389.43,71.62297386208051,22.5
0.13587,0.0,10.59,1,0.489,2.329836797627689,59.1,4.2392,4,277,18.6,381.32,58.48706277917629,24.4
0.43571,0.0,10.59,1,0.489,2.1840766253653765,100.0,3.875,4,277,18.6,396.9,90.92077980390711,20.0
0.17446,0.0,10.59,1,0.489,2.3031192825809157,92.1,3.8771,4,277,18.6,393.25,69.18427415115984,21.7
0.37578,0.0,10.59,1,0.489,1.950238241211227,88.6,3.665,4,277,18.6,395.24,95.61227851277549,19.3
0.21719,0.0,10.59,1,0.489,2.261625700259326,53.8,3.6526,4,277,18.6,390.94,64.36394346881431,22.4
0.14052,0.0,10.59,0,0.489,2.558734459705439,32.3,3.9454,4,277,18.6,385.81,37.51895038422676,28.1
0.28955,0.0,10.59,0,0.489,2.2397121319358044,9.8,3.5875,4,277,18.6,348.93,118.1611359698215,23.7
0.19802,0.0,10.59,0,0.489,2.344481991707184,42.4,3.9454,4,277,18.6,393.63,37.4485354983995,25.0
0.0456,0.0,13.89,1,0.55,2.3793261407933777,56.0,3.1121,5,276,16.4,392.8,54.49195585137142,23.3
0.07013,0.0,13.89,0,0.55,2.6229029074268384,85.1,3.4211,5,276,16.4,392.78,39.18964152033716,28.7
0.11069,0.0,13.89,1,0.55,2.5321238345901174,93.8,2.8893,5,276,16.4,396.9,71.02261085482284,21.5
0.11425,0.0,13.89,1,0.55,2.5361260030217307,92.4,3.3633,5,276,16.4,393.74,42.0452263681257,23.0
0.35809,0.0,6.2,1,0.507,2.803796547468708,88.5,2.8617,8,307,17.4,391.7,39.590484792502195,26.7
0.40771,0.0,6.2,1,0.507,2.643188554508116,91.3,3.048,8,307,17.4,395.24,85.9181097404688,21.7
0.62356,0.0,6.2,1,0.507,2.659919008348228,77.7,3.2721,8,307,17.4,390.39,39.235031964831975,27.5
0.6147,0.0,6.2,0,0.507,2.336505617676934,80.8,3.2721,8,307,17.4,396.9,29.4485923028594,30.1
0.31533,0.0,6.2,0,0.504,3.069725842324201,78.3,2.8944,8,307,17.4,385.05,17.232751671210696,44.8
0.52693,0.0,6.2,0,0.504,3.302575910222743,83.0,2.8944,8,307,17.4,382.0,17.84127969534483,50.0
0.38214,0.0,6.2,0,0.504,3.1416407850127768,86.5,3.2157,8,307,17.4,387.38,11.50648042215472,37.6
0.41238,0.0,6.2,0,0.504,2.7247128856040117,79.9,3.2157,8,307,17.4,372.08,25.944650128258694,31.6
0.29819,0.0,6.2,0,0.504,3.176454506028119,17.0,3.3751,8,307,17.4,377.51,15.950474057028508,46.7
0.44178,0.0,6.2,0,0.504,2.6204703389842545,21.4,3.3751,8,307,17.4,380.34,15.045684413955865,31.5
0.537,0.0,6.2,0,0.504,2.404466336351987,68.1,3.6715,8,307,17.4,378.35,46.773657740551066,24.3
0.46296,0.0,6.2,0,0.504,2.9695110101699562,76.9,3.6715,8,307,17.4,376.14,20.931207786226192,31.7
0.57529,0.0,6.2,0,0.507,3.1732426868687775,73.3,3.8384,8,307,17.4,385.91,10.10895842417034,41.7
0.33147,0.0,6.2,0,0.507,3.5840054093029177,70.4,3.6519,8,307,17.4,378.95,15.817007017025915,48.3
0.44791,0.0,6.2,1,0.507,2.814541003219482,66.5,3.6519,8,307,17.4,360.2,32.2837850267817,29.0
0.33045,0.0,6.2,0,0.507,2.556064410479479,61.5,3.6519,8,307,17.4,376.75,43.51517603780861,24.0
0.52058,0.0,6.2,1,0.507,2.6407144634631634,76.5,4.148,8,307,17.4,388.45,38.41626146814999,25.1
0.51183,0.0,6.2,0,0.507,2.8432547633474434,71.6,4.148,8,307,17.4,390.07,18.5624034593183,31.5
0.08244,30.0,4.93,0,0.428,2.485749072042424,18.5,6.1899,6,300,16.6,379.41,25.510125259778945,23.7
0.09252,30.0,4.93,0,0.428,2.8080962702362644,42.2,6.1899,6,300,16.6,383.78,28.592442682621293,23.3
0.11329,30.0,4.93,0,0.428,2.869329783874206,54.3,6.3361,6,300,16.6,391.25,45.28813694221298,22.0
0.10612,30.0,4.93,0,0.428,2.458774866387815,65.1,6.3361,6,300,16.6,394.62,50.186314034061304,20.1
0.1029,30.0,4.93,0,0.428,2.461897066928034,52.9,7.0355,6,300,16.6,372.75,44.80609050540377,22.2
0.12757,30.0,4.93,0,0.428,2.589399130597523,7.8,7.0355,6,300,16.6,374.71,20.465207515281563,23.7
0.20608,22.0,5.86,0,0.431,2.2852607067166097,76.5,7.9549,7,330,19.1,372.49,49.801583859161155,17.6
0.19133,22.0,5.86,0,0.431,2.161660388069888,70.2,7.9549,7,330,19.1,389.13,74.1741059131677,18.5
0.33983,22.0,5.86,0,0.431,2.384337099357053,34.9,8.0555,7,330,19.1,390.18,36.23026801774,24.3
0.19657,22.0,5.86,0,0.431,2.43467317556307,79.2,8.0555,7,330,19.1,376.14,41.43815668543866,20.5
0.16439,22.0,5.86,0,0.431,2.517466951487867,49.1,7.8265,7,330,19.1,374.71,38.09708512655042,24.5
0.19073,22.0,5.86,0,0.431,2.5388125362823053,17.5,7.8265,7,330,19.1,393.74,26.423861758361348,26.2
0.1403,22.0,5.86,0,0.431,2.462064242443752,13.0,7.3967,7,330,19.1,396.28,24.669928401617042,24.4
0.21409,22.0,5.86,0,0.431,2.7592378218457334,8.9,7.3967,7,330,19.1,377.07,15.363750717276499,24.8
0.08221,22.0,5.86,0,0.431,2.892827204289985,6.8,8.9067,7,330,19.1,386.09,13.853701960707387,29.6
0.36894,22.0,5.86,0,0.431,3.3155907129735542,8.4,8.9067,7,330,19.1,396.9,13.81811262987888,42.8
0.04819,80.0,3.64,0,0.392,2.405311510918863,32.0,9.2203,1,315,16.4,392.89,26.109727380275825,21.9
0.03548,80.0,3.64,0,0.392,2.280088204250484,19.1,9.2203,1,315,16.4,395.18,37.07823335156205,20.9
0.01538,90.0,3.75,0,0.394,2.8425447321968624,34.2,6.3361,3,244,15.9,386.34,13.019983633243426,44.0
0.61154,20.0,3.97,0,0.647,3.5113719140145645,86.9,1.801,5,264,13.0,389.7,20.083957654725353,50.0
0.66351,20.0,3.97,0,0.647,2.8334419412781227,100.0,1.8946,5,264,13.0,383.29,31.163404885069287,36.0
0.65665,20.0,3.97,0,0.647,2.8147228587198705,100.0,2.0107,5,264,13.0,391.93,26.955843410345203,30.1
0.54011,20.0,3.97,0,0.647,2.6928814642240653,81.8,2.1121,5,264,13.0,392.8,39.066968257453674,33.8
0.53412,20.0,3.97,0,0.647,3.004253634569997,89.4,2.1398,5,264,13.0,388.37,29.649929632799726,43.1
0.52014,20.0,3.97,0,0.647,3.3262208666608695,91.5,2.2885,5,264,13.0,386.86,22.47756199088699,48.8
0.82526,20.0,3.97,0,0.647,2.838681627213419,94.5,2.0788,5,264,13.0,393.42,45.0938455732844,31.0
0.55007,20.0,3.97,0,0.647,2.899284259595352,91.6,1.9301,5,264,13.0,387.89,32.270271073718575,36.5
0.76162,20.0,3.97,0,0.647,2.241766301367423,62.8,1.9865,5,264,13.0,392.4,41.87255239145886,22.8
0.7857,20.0,3.97,0,0.647,3.0821074361206184,84.6,2.1329,5,264,13.0,384.07,59.27637464152063,30.7
0.57834,20.0,3.97,0,0.575,3.280341415204988,67.0,2.4216,5,264,13.0,384.54,29.73719553429574,50.0
0.5405,20.0,3.97,0,0.575,3.1336234425335796,52.6,2.872,5,264,13.0,390.3,12.868017483951363,43.5
0.09065,20.0,6.96,1,0.464,2.324946135441572,61.5,3.9175,3,223,18.6,391.34,54.48305865586034,20.7
0.29916,20.0,6.96,0,0.464,2.3262568175472067,42.1,4.429,3,223,18.6,388.65,52.64610670579864,21.1
0.16211,20.0,6.96,0,0.464,2.5115509634234736,16.3,4.429,3,223,18.6,396.9,26.86991622925855,25.2
0.1146,20.0,6.96,0,0.464,2.6331382425723064,58.7,3.9175,3,223,18.6,394.96,29.71844866345125,24.4
0.22188,20.0,6.96,1,0.464,3.0070196767495285,51.8,4.3665,3,223,18.6,390.77,26.81568542297046,35.2
0.05644,40.0,6.41,1,0.447,2.7030938651708456,32.9,4.0776,4,254,17.6,396.9,14.158743769115857,32.4
0.09604,40.0,6.41,0,0.447,2.7258302943514674,42.8,4.2673,4,254,17.6,396.9,11.315999076811506,32.0
0.10469,40.0,6.41,1,0.447,3.1689917306727566,49.0,4.7872,4,254,17.6,389.25,23.998793324448403,33.2
0.06127,40.0,6.41,1,0.447,2.711615550796094,27.6,4.8628,4,254,17.6,393.45,16.818087691042205,33.1
0.07978,40.0,6.41,0,0.447,2.521681130462667,32.1,4.1403,4,254,17.6,396.9,29.31928223595236,29.1
0.21038,20.0,3.33,0,0.4429,2.752990790119165,32.2,4.1007,5,216,14.9,396.9,20.00992848665089,35.1
0.03578,20.0,3.33,0,0.4429,3.3347892852297822,64.5,4.6947,5,216,14.9,387.31,14.83403928251673,45.4
0.03705,20.0,3.33,0,0.4429,2.755747309891693,37.2,5.2447,5,216,14.9,392.23,18.2581640714545,35.4
0.06129,20.0,3.33,1,0.4429,3.0819210530504493,49.7,5.2119,5,216,14.9,377.07,12.608184450379147,46.0
0.01501,90.0,1.21,1,0.401,3.0383147497344467,24.8,5.885,1,198,13.6,395.52,12.683869652124212,50.0
0.00906,90.0,2.97,0,0.4,2.926104388314322,20.8,7.3073,1,285,15.3,394.72,31.20197476407314,32.2
0.01096,55.0,2.25,0,0.389,2.6653410155535178,31.9,7.3073,1,300,15.3,394.72,31.864076478326087,22.0
0.01965,80.0,1.76,0,0.385,2.6205077874478633,31.5,9.0892,1,241,18.2,341.6,52.00445353563015,20.1
0.03871,52.5,5.32,0,0.405,2.5531373871420553,31.3,7.3172,6,293,16.6,396.9,28.72130965764212,23.2
0.0459,52.5,5.32,0,0.405,2.6738068625483904,45.6,7.3172,6,293,16.6,396.9,30.19249136429854,22.3
0.04297,52.5,5.32,0,0.405,2.760237519365392,22.9,7.3172,6,293,16.6,371.72,38.0183192370083,24.8
0.03502,80.0,4.95,0,0.411,2.7112693742080167,27.9,5.1167,4,245,19.2,396.9,12.512491135981259,28.5
0.07886,80.0,4.95,0,0.411,2.909181751219684,27.7,5.1167,4,245,19.2,396.9,14.475792522634515,37.3
0.03615,80.0,4.95,0,0.411,2.586974881278408,23.4,5.1167,4,245,19.2,396.9,19.483258350061817,27.9
0.08265,0.0,13.92,0,0.437,2.7162272036454045,18.4,5.5027,4,289,16.0,396.9,34.85627610051458,23.9
0.08199,0.0,13.92,0,0.437,2.342089197915965,42.3,5.5027,4,289,16.0,396.9,41.13301175257868,21.7
0.12932,0.0,13.92,0,0.437,2.602700761978198,31.1,5.9604,4,289,16.0,396.9,24.701800863166238,28.6
0.05372,0.0,13.92,0,0.437,2.6334021547200197,51.0,5.9604,4,289,16.0,392.85,29.270044454160345,27.1
0.14103,0.0,13.92,0,0.437,2.450103662022229,58.0,6.32,4,289,16.0,396.9,63.12353520088328,20.3
0.06466,70.0,2.24,0,0.4,2.433896326180422,20.1,7.8278,5,358,14.8,368.24,20.111911286863446,22.5
0.05561,70.0,2.24,0,0.4,2.749881529011302,10.0,7.8278,5,358,14.8,371.58,19.39438912585851,29.0
0.04417,70.0,2.24,0,0.4,2.6849001677720774,47.4,7.8278,5,358,14.8,390.86,23.871011723886863,24.8
0.03537,34.0,6.09,0,0.433,2.811738225023153,40.4,5.4917,7,329,16.1,395.75,37.740682556371276,22.0
0.09266,34.0,6.09,0,0.433,2.618888523027923,18.4,5.4917,7,329,16.1,383.61,34.04867623613993,26.4
0.1,34.0,6.09,0,0.433,2.805494881012012,17.7,5.4917,7,329,16.1,390.43,20.631727056699134,33.1
0.05515,33.0,2.18,0,0.472,2.876913594660509,41.1,4.022,7,222,18.4,393.68,27.13170995744522,36.1
0.05479,33.0,2.18,0,0.472,2.899354175946701,58.1,3.37,7,222,18.4,393.36,36.40186450696824,28.4
0.07503,33.0,2.18,0,0.472,2.8828642870182817,71.9,3.0992,7,222,18.4,396.9,26.020365467698046,33.4
0.04932,33.0,2.18,0,0.472,2.8532825197072897,70.3,3.1827,7,222,18.4,396.9,30.312234103028604,28.2
0.49298,0.0,9.9,0,0.544,2.7488626615599863,82.5,3.3175,4,304,18.4,396.9,18.41359414316346,22.8
0.3494,0.0,9.9,0,0.544,2.3145535411913323,76.7,3.1025,4,304,18.4,396.24,39.496887913486376,20.3
2.63548,0.0,9.9,0,0.544,2.0666589477952564,37.8,2.5194,4,304,18.4,350.45,51.038413596142256,16.1
0.79041,0.0,9.9,0,0.544,2.5485899659837683,52.8,2.6403,4,304,18.4,396.9,23.14381563377262,22.1
0.26169,0.0,9.9,0,0.544,2.3442514794359774,90.4,2.834,4,304,18.4,396.3,46.709775041655796,19.4
0.26938,0.0,9.9,0,0.544,2.627372551414265,82.8,3.2628,4,304,18.4,393.39,32.20753666546367,21.6
0.3692,0.0,9.9,0,0.544,2.592248098535294,87.3,3.6023,4,304,18.4,395.69,37.23137491461926,23.8
0.25356,0.0,9.9,0,0.544,2.161538824107173,77.7,3.945,4,304,18.4,396.42,45.369036591402214,16.2
0.31827,0.0,9.9,0,0.544,2.3319691051375475,83.2,3.9986,4,304,18.4,390.7,72.95412646500684,17.8
0.24522,0.0,9.9,0,0.544,2.3652677240741737,71.7,4.0317,4,304,18.4,396.9,63.43165310068651,19.8
0.40202,0.0,9.9,0,0.544,2.4583640716043393,67.2,3.5325,4,304,18.4,395.21,42.31707193142143,23.1
0.47547,0.0,9.9,0,0.544,2.4922165974436004,58.8,4.0019,4,304,18.4,396.23,50.90440217191277,21.0
0.1676,0.0,7.38,0,0.493,2.614517555556294,52.3,4.5404,5,287,19.6,396.9,28.80848016663176,23.8
0.18159,0.0,7.38,0,0.493,2.4601979339780287,54.3,4.5404,5,287,19.6,396.9,27.80460763809268,23.1
0.35114,0.0,7.38,0,0.493,2.407223725591406,49.9,4.7211,5,287,19.6,396.9,31.36574871063189,20.4
0.28392,0.0,7.38,0,0.493,2.217678634405798,74.3,4.7211,5,287,19.6,391.13,46.92225260598493,18.5
0.34109,0.0,7.38,0,0.493,2.527008868304971,40.1,4.7211,5,287,19.6,396.9,24.58457868447247,25.0
0.19186,0.0,7.38,0,0.493,2.579261692812123,14.7,5.4159,5,287,19.6,393.68,19.804683423521535,24.6
0.30347,0.0,7.38,0,0.493,2.553831800259411,28.9,5.4159,5,287,19.6,396.9,24.625181094097275,23.0
0.24103,0.0,7.38,0,0.493,2.3961481986967046,43.7,5.4159,5,287,19.6,396.9,50.219754956981966,22.2
0.06617,0.0,3.24,0,0.46,2.300655094268611,25.8,5.2146,4,430,16.9,382.44,40.087371951304235,19.3
0.06724,0.0,3.24,0,0.46,2.5751431744211004,17.2,5.2146,4,430,16.9,375.21,29.728774892943104,22.6
0.04544,0.0,3.24,0,0.46,2.3211903154275615,32.2,5.8736,4,430,16.9,368.57,35.85627629253798,19.8
0.05023,35.0,6.06,0,0.4379,2.2890038925301357,28.4,6.6407,1,304,16.9,394.02,49.429398737638,17.1
0.03466,35.0,6.06,0,0.4379,2.4602479213016473,23.3,6.6407,1,304,16.9,362.25,30.983251429284387,19.4
0.05083,0.0,5.19,0,0.515,2.590484829823967,38.1,6.4584,5,224,20.2,389.71,21.92747825980053,22.2
0.03738,0.0,5.19,0,0.515,2.509491987820843,38.5,6.4584,5,224,20.2,389.4,27.46279956741664,20.7
0.03961,0.0,5.19,0,0.515,2.5289201764766034,34.5,5.9853,5,224,20.2,396.9,31.626102441197936,21.1
0.03427,0.0,5.19,0,0.515,2.3842743193414897,46.3,5.2311,5,224,20.2,396.9,38.47581020775226,19.5
0.03041,0.0,5.19,0,0.515,2.432142973129237,59.6,5.615,5,224,20.2,394.81,41.97892744087595,18.5
0.03306,0.0,5.19,0,0.515,2.2948763842307858,37.3,4.8122,5,224,20.2,396.14,34.352663481290804,20.6
0.05497,0.0,5.19,0,0.515,2.268693673492628,45.4,4.8122,5,224,20.2,396.9,38.62437110658653,19.0
0.06151,0.0,5.19,0,0.515,2.229742278875518,58.5,4.8122,5,224,20.2,396.9,37.31918459407251,18.7
0.01301,35.0,1.52,0,0.442,2.821803663932448,49.3,7.0379,1,284,15.5,394.74,21.892936876713993,32.7
0.02498,0.0,1.89,0,0.518,2.5755663414686816,59.7,6.2669,1,422,15.9,389.96,34.53161029445749,16.5
0.02543,55.0,3.78,0,0.484,2.523656200570982,56.4,5.7321,5,370,17.6,396.9,28.759059514585623,23.9
0.03049,55.0,3.78,0,0.484,2.7509146466943646,28.1,6.4654,5,370,17.6,387.97,19.044829088278757,31.2
0.03113,0.0,4.39,0,0.442,2.4025372410258603,48.5,8.0136,3,352,18.8,385.64,42.73717957497503,17.5
0.06162,0.0,4.39,0,0.442,2.250904733620166,52.3,8.0136,3,352,18.8,364.61,51.113706874724585,17.2
0.0187,85.0,4.15,0,0.429,2.520936310483044,27.7,8.5353,4,351,17.9,392.43,25.508948964494568,23.1
0.01501,80.0,2.01,0,0.435,2.6788058264334706,29.7,8.344,4,280,17.0,390.94,23.7307412965217,24.5
0.02899,40.0,1.25,0,0.429,2.804138840824715,34.5,8.7921,1,335,19.7,389.85,23.1326567014211,26.6
0.06211,40.0,1.25,0,0.429,2.6466435548562717,44.4,8.7921,1,335,19.7,396.9,24.87810659491463,22.9
0.0795,60.0,1.69,0,0.411,2.673446625491911,35.9,10.7103,4,411,18.3,370.78,22.469144581565345,24.1
0.07244,60.0,1.69,0,0.411,2.235477659660611,18.5,10.7103,4,411,18.3,392.33,31.081871966345243,18.6
0.01709,90.0,2.02,0,0.41,2.7151275549709797,36.1,12.1265,5,187,17.0,384.46,18.246060376830236,30.1
0.04301,80.0,1.91,0,0.413,2.1609773004948947,21.9,10.5857,4,334,22.0,382.8,32.374734475473566,18.2
0.10659,80.0,1.91,0,0.413,2.4121296494841977,19.5,10.5857,4,334,22.0,376.04,23.07177059986562,20.6
8.98296,0.0,18.1,1,0.77,2.5368956341080886,97.4,2.1222,24,666,20.2,377.73,71.14940628565247,17.8
3.8497,0.0,18.1,1,0.77,2.6773483925903245,91.0,2.5052,24,666,20.2,391.34,51.967607609487715,21.7
5.20177,0.0,18.1,1,0.77,2.388188824283833,83.4,2.7227,24,666,20.2,395.43,46.46292617591415,22.7
4.26131,0.0,18.1,0,0.77,2.3266732555355474,81.3,2.5091,24,666,20.2,390.74,50.529977492828415,22.6
4.54192,0.0,18.1,0,0.77,2.474043869363526,88.0,2.5182,24,666,20.2,374.56,31.170267606394514,25.0
3.83684,0.0,18.1,0,0.77,2.5173317565883693,91.1,2.2955,24,666,20.2,350.65,56.21388314036513,19.9
3.67822,0.0,18.1,0,0.77,2.111488468585455,96.2,2.1036,24,666,20.2,380.79,40.481279323209755,20.8
4.22239,0.0,18.1,1,0.77,2.440869914443786,89.0,1.9047,24,666,20.2,353.04,58.34972582763904,16.8
3.47428,0.0,18.1,1,0.718,3.377581994021022,82.9,1.9047,24,666,20.2,354.55,21.455329251776885,21.9
4.55587,0.0,18.1,0,0.718,1.3903033705879193,87.9,1.6132,24,666,20.2,354.7,28.082832276000303,27.5
3.69695,0.0,18.1,0,0.718,1.890107814804412,91.4,1.7523,24,666,20.2,316.03,55.14990169307224,21.9
13.5222,0.0,18.1,0,0.631,1.5313850374316922,100.0,1.5106,24,666,20.2,131.42,53.24988318648506,23.1
4.89822,0.0,18.1,0,0.631,1.9925349887866803,100.0,1.3325,24,666,20.2,375.52,12.805967710045941,50.0
5.66998,0.0,18.1,1,0.631,2.6553308929104,96.8,1.3567,24,666,20.2,375.33,14.65587490028717,50.0
6.53876,0.0,18.1,1,0.631,2.8125025420582714,97.5,1.2024,24,666,20.2,392.05,11.993485055959727,50.0
9.2323,0.0,18.1,0,0.631,2.534440761353784,100.0,1.1691,24,666,20.2,366.15,37.29246021159395,50.0
8.26725,0.0,18.1,1,0.668,2.4691726187515766,89.6,1.1296,24,666,20.2,347.88,34.5374718630135,50.0
11.1081,0.0,18.1,0,0.668,2.0083600709967726,100.0,1.1742,24,666,20.2,396.9,139.14079938117547,13.8
18.4982,0.0,18.1,0,0.668,1.5529052061406927,100.0,1.137,24,666,20.2,396.9,152.08864698113882,13.8
19.6091,0.0,18.1,0,0.671,2.8981851230135565,97.9,1.3163,24,666,20.2,396.9,54.22703407735539,15.0
15.288,0.0,18.1,0,0.671,2.7355377398900025,93.3,1.3449,24,666,20.2,363.02,93.07443372740705,13.9
9.82349,0.0,18.1,0,0.671,2.6992330167127623,98.8,1.358,24,666,20.2,396.9,85.60968404646933,13.3
23.6482,0.0,18.1,0,0.671,2.6808846221869316,96.2,1.3861,24,666,20.2,396.9,94.45479619990375,13.1
17.8667,0.0,18.1,0,0.671,2.5171563097519227,100.0,1.3861,24,666,20.2,393.74,87.96652313163034,10.2
88.9762,0.0,18.1,0,0.671,2.811846248326793,91.9,1.4165,24,666,20.2,396.9,69.65252227397751,10.4
15.8744,0.0,18.1,0,0.671,2.744234251593239,99.1,1.5192,24,666,20.2,396.9,84.45529056878952,10.9
9.18702,0.0,18.1,0,0.7,2.055485548475597,100.0,1.5804,24,666,20.2,396.9,94.36955577118297,11.3
7.99248,0.0,18.1,0,0.7,2.3229063948033195,100.0,1.5331,24,666,20.2,396.9,97.86055798741236,12.3
20.0849,0.0,18.1,0,0.7,1.8796943277971838,91.2,1.4395,24,666,20.2,285.83,122.63784292021879,8.8
16.8118,0.0,18.1,0,0.7,2.079653405306153,98.1,1.4261,24,666,20.2,396.9,122.94433288000543,7.2
24.3938,0.0,18.1,0,0.7,1.847507390367199,100.0,1.4672,24,666,20.2,396.9,113.32309996419029,10.5
22.5971,0.0,18.1,0,0.7,2.0222954753387574,89.5,1.5184,24,666,20.2,396.9,128.59570595028066,7.4
14.3337,0.0,18.1,0,0.7,2.010961503207451,100.0,1.5895,24,666,20.2,372.92,122.81572997779105,10.2
8.15174,0.0,18.1,0,0.7,2.1095424287059137,98.9,1.7281,24,666,20.2,396.9,82.66525738220537,11.5
6.96215,0.0,18.1,0,0.7,2.3117200487899323,97.0,1.9265,24,666,20.2,394.43,67.74611857087564,15.1
5.29305,0.0,18.1,0,0.7,2.466745236458769,82.5,2.1678,24,666,20.2,378.38,75.70098074367027,23.2
11.5779,0.0,18.1,0,0.7,1.8990351109648134,97.0,1.77,24,666,20.2,396.9,103.01887433784466,9.7
8.64476,0.0,18.1,0,0.693,2.4062483714110083,92.6,1.7912,24,666,20.2,396.9,61.38733726676044,13.8
13.3598,0.0,18.1,0,0.693,2.4285932527899314,94.7,1.7821,24,666,20.2,396.9,66.57539131756498,12.7
8.71675,0.0,18.1,0,0.693,2.4821204315156824,98.8,1.7257,24,666,20.2,391.98,68.49499820988605,13.1
5.87205,0.0,18.1,0,0.693,2.6179406402565855,96.0,1.6768,24,666,20.2,396.9,77.54400319362203,12.5
7.67202,0.0,18.1,0,0.693,2.211535082120687,98.9,1.6334,24,666,20.2,393.1,79.21534554253331,8.5
38.3518,0.0,18.1,0,0.693,2.143789845689595,100.0,1.4896,24,666,20.2,396.9,122.83357317676604,5.0
9.91655,0.0,18.1,0,0.693,2.237501885642477,77.8,1.5004,24,666,20.2,338.16,119.17130852764897,6.3
25.0461,0.0,18.1,0,0.693,2.3177928278496895,100.0,1.5888,24,666,20.2,396.9,106.82574773746076,5.6
14.2362,0.0,18.1,0,0.693,2.5198579751281858,100.0,1.5741,24,666,20.2,396.9,80.83756572102249,7.2
9.59571,0.0,18.1,0,0.693,2.554583269866436,100.0,1.639,24,666,20.2,376.11,80.33666406912883,12.1
24.8017,0.0,18.1,0,0.693,2.071033233305881,96.0,1.7028,24,666,20.2,396.9,78.67488350315504,8.3
41.5292,0.0,18.1,0,0.693,2.3153127662348023,85.4,1.6074,24,666,20.2,329.46,109.92001672102339,8.5
67.9208,0.0,18.1,0,0.693,2.2964230544719855,100.0,1.4254,24,666,20.2,384.97,92.57603154074607,5.0
20.7162,0.0,18.1,0,0.659,1.6642641576139026,100.0,1.1781,24,666,20.2,370.22,93.9051287573362,11.9
11.9511,0.0,18.1,0,0.659,2.1610890281772126,100.0,1.2852,24,666,20.2,332.09,48.4852250435021,27.9
7.40389,0.0,18.1,0,0.597,2.2106293682180125,97.9,1.4547,24,666,20.2,314.64,106.06283255696873,17.2
14.4383,0.0,18.1,0,0.597,2.8639541853871124,100.0,1.4655,24,666,20.2,179.36,79.04257188101249,27.5
51.1358,0.0,18.1,0,0.597,2.2601212539664024,100.0,1.413,24,666,20.2,2.6,40.88709933446114,15.0
14.0507,0.0,18.1,0,0.597,2.7163617218965683,100.0,1.5275,24,666,20.2,35.05,84.60948769983656,17.2
18.811,0.0,18.1,0,0.597,1.7618788262162124,100.0,1.5539,24,666,20.2,28.79,137.04834679550737,17.9
28.6558,0.0,18.1,0,0.597,2.1146166338173877,100.0,1.5894,24,666,20.2,210.97,80.20884168722084,16.3
45.7461,0.0,18.1,0,0.693,2.005267069319129,100.0,1.6582,24,666,20.2,88.27,148.39428050652762,7.0
18.0846,0.0,18.1,0,0.679,2.74071706389729,100.0,1.8347,24,666,20.2,27.25,117.12316784674067,7.2
10.8342,0.0,18.1,0,0.679,2.5988446021165506,90.8,1.8195,24,666,20.2,21.57,103.59229798511151,7.5
25.9406,0.0,18.1,0,0.679,2.1970793522834056,89.1,1.6475,24,666,20.2,127.36,105.39522588068861,10.4
73.5341,0.0,18.1,0,0.679,2.2216857403759804,100.0,1.8026,24,666,20.2,16.45,82.68292385310403,8.8
11.8123,0.0,18.1,0,0.718,2.7112305178315914,76.5,1.794,24,666,20.2,48.45,90.74220560906116,8.4
11.0874,0.0,18.1,0,0.718,2.7018823424195135,100.0,1.8589,24,666,20.2,318.75,59.844325356794926,16.7
7.02259,0.0,18.1,0,0.718,2.4261509842319064,95.3,1.8746,24,666,20.2,319.98,62.84011806600416,14.2
12.0482,0.0,18.1,0,0.614,2.1368997990704406,87.6,1.9512,24,666,20.2,291.55,56.342952415362575,20.8
7.05042,0.0,18.1,0,0.614,2.5845386607332057,85.1,2.0218,24,666,20.2,2.52,93.5345731348088,13.4
8.79212,0.0,18.1,0,0.584,2.1922284326205066,70.6,2.0635,24,666,20.2,3.65,69.00045172975281,11.7
15.8603,0.0,18.1,0,0.679,2.383880574659315,95.4,1.9096,24,666,20.2,7.68,97.43205218369397,8.3
12.2472,0.0,18.1,0,0.584,2.3212795979386422,59.7,1.9976,24,666,20.2,24.65,62.48543825512046,10.2
37.6619,0.0,18.1,0,0.679,2.524510772653162,78.7,1.8629,24,666,20.2,18.82,58.940993009100474,10.9
7.36711,0.0,18.1,0,0.679,2.3704111448227563,78.1,1.9356,24,666,20.2,96.73,86.15964801442333,11.0
9.33889,0.0,18.1,0,0.679,2.648506210736526,95.6,1.9682,24,666,20.2,60.72,95.66768622135403,9.5
8.49213,0.0,18.1,0,0.584,2.5916924986365517,86.1,2.0527,24,666,20.2,83.45,70.89062451638713,14.5
10.0623,0.0,18.1,0,0.584,2.5972926576215216,94.3,2.0882,24,666,20.2,81.33,79.77331759317038,14.1
6.44405,0.0,18.1,0,0.584,2.6150854849451615,74.8,2.2004,24,666,20.2,97.95,48.701766502654294,16.1
5.58107,0.0,18.1,0,0.713,2.475462183205707,87.9,2.3158,24,666,20.2,100.19,65.85072321384985,14.3
13.9134,0.0,18.1,0,0.713,2.413086981772373,95.0,2.2222,24,666,20.2,100.63,60.42337664974813,11.7
11.1604,0.0,18.1,0,0.74,2.713320095099862,94.6,2.1247,24,666,20.2,109.85,93.11411356085644,13.4
14.4208,0.0,18.1,0,0.74,2.5866694984604495,93.3,2.0026,24,666,20.2,27.49,73.43154402750096,9.6
15.1772,0.0,18.1,0,0.74,2.383229185949878,100.0,1.9142,24,666,20.2,9.32,105.61125959038672,8.7
13.6781,0.0,18.1,0,0.74,2.1940771766419553,87.9,1.8206,24,666,20.2,68.95,135.20868510998494,8.4
9.39063,0.0,18.1,0,0.74,2.307736375502378,93.9,1.8172,24,666,20.2,396.9,92.2674137278141,12.8
22.0511,0.0,18.1,0,0.74,2.4192803981241924,92.4,1.8662,24,666,20.2,391.45,88.12799562473847,10.5
9.72418,0.0,18.1,0,0.74,2.5491612625625857,97.2,2.0651,24,666,20.2,385.96,79.0607754290143,17.1
5.66637,0.0,18.1,0,0.74,2.3700426869602205,100.0,2.0048,24,666,20.2,395.69,67.07007470194026,18.4
9.96654,0.0,18.1,0,0.74,2.741496275904577,100.0,1.9784,24,666,20.2,386.73,74.81671818379199,15.4
12.8023,0.0,18.1,0,0.74,2.412261183132759,96.6,1.8956,24,666,20.2,240.52,94.33216298391571,10.8
10.6718,0.0,18.1,0,0.74,2.799072808871287,94.8,1.9879,24,666,20.2,43.06,96.12857532937552,11.8
6.28807,0.0,18.1,0,0.74,2.4497645785215694,96.4,2.072,24,666,20.2,318.01,70.69777615191647,14.9
9.92485,0.0,18.1,0,0.74,2.376598126451344,96.6,2.198,24,666,20.2,388.52,65.97278139797378,12.6
9.32909,0.0,18.1,0,0.713,2.362368773776612,98.7,2.2616,24,666,20.2,396.9,73.21244481405168,14.1
7.52601,0.0,18.1,0,0.713,2.6782509174108213,98.3,2.185,24,666,20.2,304.21,76.93290327493149,13.0
6.71772,0.0,18.1,0,0.713,2.6516369450198374,92.6,2.3236,24,666,20.2,0.32,70.17448681817983,13.4
5.44114,0.0,18.1,0,0.713,2.5333788575865266,98.2,2.3552,24,666,20.2,355.29,71.39379374498937,15.2
5.09017,0.0,18.1,0,0.713,2.5935129400487895,91.8,2.3682,24,666,20.2,385.09,68.71969451159667,16.1
8.24809,0.0,18.1,0,0.713,3.1041007005686163,99.3,2.4527,24,666,20.2,375.87,67.08763640283367,17.8
9.51363,0.0,18.1,0,0.713,2.857455153712289,94.1,2.4961,24,666,20.2,6.68,74.68140408384893,14.9
4.75237,0.0,18.1,0,0.713,2.6738955807314695,86.5,2.4358,24,666,20.2,50.92,72.6945265303615,14.1
4.66883,0.0,18.1,0,0.713,2.4656116110981303,87.9,2.5806,24,666,20.2,10.48,76.39894049392701,12.7
8.20058,0.0,18.1,0,0.713,2.434098697756101,80.3,2.7792,24,666,20.2,3.5,67.60660075022014,13.5
7.75223,0.0,18.1,0,0.713,2.3987936270183043,83.7,2.7831,24,666,20.2,272.21,65.26577863258785,14.9
6.80117,0.0,18.1,0,0.713,2.3655954085759734,84.4,2.7175,24,666,20.2,396.9,58.847823223516166,20.0
4.81213,0.0,18.1,0,0.713,2.5548746023746576,90.0,2.5975,24,666,20.2,255.23,66.02307598971527,16.4
3.69311,0.0,18.1,0,0.713,2.549402876399886,88.4,2.5671,24,666,20.2,391.43,58.638817491000026,17.7
6.65492,0.0,18.1,0,0.713,2.6141087294594354,83.0,2.7344,24,666,20.2,396.9,55.776425241508505,19.5
5.82115,0.0,18.1,0,0.713,2.520112788956103,89.9,2.8016,24,666,20.2,393.82,40.18403648818796,20.2
7.83932,0.0,18.1,0,0.655,2.426482906917906,65.4,2.9634,24,666,20.2,396.9,52.16818081949192,21.4
3.1636,0.0,18.1,0,0.655,2.396148028345261,48.2,3.0665,24,666,20.2,334.4,55.46083342806962,19.9
3.77498,0.0,18.1,0,0.655,2.532803260896184,84.7,2.8715,24,666,20.2,22.01,69.98700963342905,19.0
4.42228,0.0,18.1,0,0.584,2.4887923092995288,94.5,2.5403,24,666,20.2,331.29,85.49297858935287,19.1
15.5757,0.0,18.1,0,0.58,2.340186843583601,71.0,2.9084,24,666,20.2,368.74,72.11523628118658,19.1
13.0751,0.0,18.1,0,0.58,2.3481048090369567,56.7,2.8237,24,666,20.2,396.9,58.690116561449564,20.1
4.34879,0.0,18.1,0,0.58,2.3427186699038476,84.0,3.0334,24,666,20.2,396.9,65.52066847027534,19.9
4.03841,0.0,18.1,0,0.532,2.7265219667092393,90.7,3.0993,24,666,20.2,395.33,51.344890843197604,19.6
3.56868,0.0,18.1,0,0.58,2.678906474375157,75.0,2.8965,24,666,20.2,393.37,57.379149868607605,23.2
4.64689,0.0,18.1,0,0.614,2.548334667944303,67.6,2.5329,24,666,20.2,374.68,47.26028018908595,29.8
8.05579,0.0,18.1,0,0.584,2.1800209328710243,95.4,2.4298,24,666,20.2,352.58,72.30006254291797,13.8
6.39312,0.0,18.1,0,0.584,2.5498637044583625,97.4,2.206,24,666,20.2,302.76,96.28583999845054,13.3
4.87141,0.0,18.1,0,0.614,2.4080645761641315,93.6,2.3053,24,666,20.2,396.21,74.58743227583605,16.7
15.0234,0.0,18.1,0,0.614,2.1142741283909166,97.3,2.1007,24,666,20.2,349.48,100.28608010631628,12.0
10.233,0.0,18.1,0,0.614,2.320136132685911,96.7,2.1705,24,666,20.2,379.7,72.69999223240414,14.6
14.3337,0.0,18.1,0,0.614,2.5124890704719993,88.0,1.9512,24,666,20.2,383.32,52.43877031002883,21.4
5.82401,0.0,18.1,0,0.532,2.428525696166397,64.7,3.4242,24,666,20.2,396.9,43.438781308712265,23.0
5.70818,0.0,18.1,0,0.532,2.719991818504113,74.9,3.3317,24,666,20.2,393.07,30.657111026129822,23.7
5.73116,0.0,18.1,0,0.532,2.7446925452954605,77.0,3.4106,24,666,20.2,395.28,28.17905646912851,25.0
2.81838,0.0,18.1,0,0.532,2.277256960535368,40.3,4.0983,24,666,20.2,392.92,41.84239639233174,21.8
2.37857,0.0,18.1,0,0.583,2.4363847361984026,41.9,3.724,24,666,20.2,370.73,53.67691367779273,20.6
3.67367,0.0,18.1,0,0.583,2.4607595681289167,51.9,3.9917,24,666,20.2,388.62,40.839001831014684,21.2
5.69175,0.0,18.1,0,0.583,2.528805568735681,79.8,3.5459,24,666,20.2,392.68,59.889488244769296,19.1
4.83567,0.0,18.1,0,0.583,2.474687003370583,53.2,3.1523,24,666,20.2,388.22,45.34517359672705,20.6
0.15086,0.0,27.74,0,0.609,2.079970632883095,92.7,1.8209,4,711,20.1,395.09,72.2857282459365,15.2
0.18337,0.0,27.74,0,0.609,2.0659252901557776,98.3,1.7554,4,711,20.1,344.05,95.93182653184861,7.0
0.20746,0.0,27.74,0,0.609,1.7558402268041053,98.0,1.8226,4,711,20.1,318.43,119.32878402067452,8.1
0.10574,0.0,27.74,0,0.609,2.454694421621481,98.8,1.8681,4,711,20.1,390.11,72.5965326758032,13.6
0.11132,0.0,27.74,0,0.609,2.4505160340949064,83.5,2.1099,4,711,20.1,396.9,53.71771446359196,20.1
0.17331,0.0,9.69,0,0.585,2.1596483786304708,54.0,2.3817,6,391,19.2,396.9,48.19091791471002,21.8
0.27957,0.0,9.69,0,0.585,2.312802150988833,42.6,2.3817,6,391,19.2,396.9,55.221357292782024,24.5
0.17899,0.0,9.69,0,0.585,2.281703355956402,28.8,2.7986,6,391,19.2,393.29,70.0825898714659,23.1
0.2896,0.0,9.69,0,0.585,2.0242926201655096,72.9,2.7986,6,391,19.2,396.9,84.72335333208565,19.7
0.26838,0.0,9.69,0,0.585,2.455652670897132,70.6,2.8927,6,391,19.2,396.9,55.89443185857064,18.3
0.23912,0.0,9.69,0,0.585,2.50474402982619,65.3,2.4091,6,391,19.2,396.9,52.49069467119756,21.2
0.17783,0.0,9.69,0,0.585,2.169459553896322,73.5,2.3999,6,391,19.2,395.77,59.91844583241565,17.5
0.22438,0.0,9.69,0,0.585,2.512958630659543,79.7,2.4982,6,391,19.2,396.9,57.963981684526644,16.8
0.06263,0.0,11.93,0,0.573,2.6449193007127576,69.1,2.4786,1,273,21.0,391.99,37.48250349107231,22.4
0.04527,0.0,11.93,0,0.573,2.4594334030464835,76.7,2.2875,1,273,21.0,396.9,36.83151490494446,20.6
0.06076,0.0,11.93,0,0.573,2.9697668124545156,91.0,2.1675,1,273,21.0,396.9,21.783899058441527,23.9
0.10959,0.0,11.93,0,0.573,2.856267701867675,89.3,2.3889,1,273,21.0,393.45,26.057565679209198,22.0
0.04741,0.0,11.93,0,0.573,2.5309864736162173,80.8,2.505,1,273,21.0,396.9,31.90039459285146,11.9
