CRIM,ZN,INDUS,CHAS,NOX,RM,AGE,DIS,RAD,TAX,PTRATIO,B,LSTAT,MEDV
0.00632,18.0,2.31,0,0.538,0.7292497059007668,65.2,4.09,1,296,15.3,396.9,320.68328490367713,24.0
0.02731,0.0,7.07,0,0.469,0.9226372955173917,78.9,4.9671,2,242,17.8,396.9,565.7173134497802,21.6
0.02729,0.0,7.07,0,0.469,0.71684528978329,61.1,4.9671,2,242,17.8,392.83,252.9201809013737,34.7
0.03237,0.0,2.18,0,0.458,0.9788468257230896,45.8,6.0622,3,222,18.7,394.63,176.0006687297766,33.4
0.06905,0.0,2.18,0,0.458,0.9622116416788973,54.2,6.0622,3,222,18.7,396.9,340.8174878014602,36.2
0.02985,0.0,2.18,0,0.458,0.958562249077046,58.7,6.0622,3,222,18.7,394.12,333.33722459133094,28.7
0.08829,12.5,7.87,0,0.524,0.930702070333476,66.6,5.5605,5,311,15.2,395.6,763.9160589723705,22.9
0.14455,12.5,7.87,0,0.524,0.7453541399477235,96.1,5.9505,5,311,15.2,396.9,1202.7557520727303,27.1
0.21124,12.5,7.87,0,0.524,0.6394959252314674,100.0,6.0821,5,311,15.2,386.63,1868.7636352759148,16.5
0.17004,12.5,7.87,0,0.524,0.9848653285175748,85.9,6.5921,5,311,15.2,386.71,1075.874187178291,18.9
0.22489,12.5,7.87,0,0.524,0.8761961194262381,94.3,6.3467,5,311,15.2,392.52,1280.2316733799564,15.0
0.11747,12.5,7.87,0,0.524,0.6731972925610321,82.9,6.2267,5,311,15.2,396.9,823.5633223321092,18.9
0.09378,12.5,7.87,0,0.524,0.8626812505420292,39.0,5.4509,5,311,15.2,390.5,990.0659266051637,21.7
0.62976,0.0,8.14,0,0.538,0.9576203090068067,61.8,4.7075,4,307,21.0,396.9,511.2286476223634,20.4
0.63796,0.0,8.14,0,0.538,0.9088396188684041,84.5,4.4619,4,307,21.0,380.02,651.4711961286594,18.2
0.62739,0.0,8.14,0,0.538,0.8142650099956269,56.5,4.4986,4,307,21.0,395.62,530.1851131486666,19.9
1.05393,0.0,8.14,0,0.538,0.7336693878653874,29.3,4.4986,4,307,21.0,386.85,394.41717973943537,23.1
0.7842,0.0,8.14,0,0.538,0.9555134513416786,81.7,4.2579,4,307,21.0,386.75,916.9089885708819,17.5
0.80271,0.0,8.14,0,0.538,0.8553829536792835,36.6,3.7965,4,307,21.0,288.99,722.727389874363,20.2
0.7258,0.0,8.14,0,0.538,0.9057689904462848,69.5,3.7965,4,307,21.0,390.95,704.0544180108333,18.2
1.25179,0.0,8.14,0,0.538,0.9636862532352061,98.1,3.7979,4,307,21.0,376.57,1311.1114798819003,13.6
0.85204,0.0,8.14,0,0.538,0.833307558957763,89.2,4.0123,4,307,21.0,392.53,854.6974208256554,19.6
1.23247,0.0,8.14,0,0.538,0.5303068942305484,91.7,3.9769,4,307,21.0,396.9,1187.357703647272,15.2
0.98843,0.0,8.14,0,0.538,0.7162921583235579,100.0,4.0952,4,307,21.0,394.54,1227.3964955516858,14.5
0.75026,0.0,8.14,0,0.538,0.7802654579828968,94.1,4.3996,4,307,21.0,394.33,1010.9191866765785,15.6
0.84054,0.0,8.14,0,0.538,0.8560884165896789,85.7,4.4546,4,307,21.0,303.42,1037.6806129322326,13.9
0.67191,0.0,8.14,0,0.538,0.8599755663274307,90.3,4.682,4,307,21.0,376.88,938.9564811312767,16.6
0.95577,0.0,8.14,0,0.538,0.9356596255087346,88.8,4.4534,4,307,21.0,306.38,1083.8555104972243,14.8
0.77299,0.0,8.14,0,0.538,1.0017543646167064,94.4,4.4547,4,307,21.0,387.94,794.4377158920053,18.4
1.00245,0.0,8.14,0,0.538,0.89347548780991,87.3,4.239,4,307,21.0,380.23,750.8137240621087,21.0
1.13081,0.0,8.14,0,0.538,0.8304524948151367,94.1,4.233,4,307,21.0,360.17,1411.3892143781497,12.7
1.35472,0.0,8.14,0,0.538,0.8207661574889444,100.0,4.175,4,307,21.0,376.73,819.3714191507335,14.5
1.38799,0.0,8.14,0,0.538,0.7010396919028884,82.0,3.99,4,307,21.0,232.6,1736.6118967621328,13.2
1.15172,0.0,8.14,0,0.538,0.8626791713006583,95.0,3.7872,4,307,21.0,358.77,1155.1040823410958,13.1
1.61282,0.0,8.14,0,0.538,0.961846918525729,96.9,3.7598,4,307,21.0,248.31,1276.480806868148,13.5
0.06417,0.0,5.96,0,0.499,1.065939631509528,68.2,3.3603,5,279,19.2,396.9,600.3789676951451,18.9
0.09744,0.0,5.96,0,0.499,0.924750921021018,61.4,3.3779,5,279,19.2,377.56,709.1522160568724,20.0
0.08014,0.0,5.96,0,0.499,0.8140132064743844,41.5,3.9342,5,279,19.2,396.9,555.8351905187537,21.0
0.17505,0.0,5.96,0,0.499,0.7382533584032535,30.2,3.8473,5,279,19.2,393.43,629.8279224618894,24.7
0.02763,75.0,2.95,0,0.428,0.6676651732690597,21.8,5.4011,3,252,18.3,395.63,275.6674446922461,30.8
0.03359,75.0,2.95,0,0.428,0.9382960013928325,15.8,5.4011,3,252,18.3,395.62,112.58949081541205,34.9
0.12744,0.0,6.91,0,0.448,0.8468597417351362,2.9,5.7209,3,233,17.9,385.41,314.5815185195517,26.6
0.1415,0.0,6.91,0,0.448,0.6238557544144949,6.6,5.7209,3,233,17.9,383.37,366.24672445873176,25.3
0.15936,0.0,6.91,0,0.448,1.0267394020311456,6.5,5.7209,3,233,17.9,394.46,466.0509634714556,24.7
0.12269,0.0,6.91,0,0.448,0.8240888229790864,40.0,5.7209,3,233,17.9,389.39,598.3488743580291,21.2
0.17142,0.0,6.91,0,0.448,0.9037094074011912,33.8,5.1004,3,233,17.9,396.9,636.4210944780417,19.3
0.18836,0.0,6.91,0,0.448,0.8234211607652867,33.3,5.1004,3,233,17.9,396.9,869.5490014638982,20.0
0.22927,0.0,6.91,0,0.448,0.4821300811110244,85.5,5.6894,3,233,17.9,392.74,1193.293701143301,16.6
0.25387,0.0,6.91,0,0.448,0.6607006654516754,95.3,5.87,3,233,17.9,396.9,1935.6956051871537,14.4
0.21977,0.0,6.91,0,0.448,0.8719028608188935,62.0,6.0877,3,233,17.9,396.9,1019.5683546300025,19.4
0.08873,21.0,5.64,0,0.439,0.9859347798483505,45.7,6.8147,4,243,16.8,395.56,840.3101126269653,19.7
0.04337,21.0,5.64,0,0.439,0.9282931399409198,63.0,6.8147,4,243,16.8,393.97,582.0275463575407,20.5
0.0536,21.0,5.64,0,0.439,0.8038917823730737,21.1,6.8147,4,243,16.8,396.9,338.33238028157376,25.0
0.04981,21.0,5.64,0,0.439,0.9505751282187094,21.4,6.8147,4,243,16.8,396.9,535.8875719266514,23.4
0.0136,75.0,4.0,0,0.41,0.7055702129894581,47.6,7.3197,3,469,21.1,396.9,935.0658214489222,18.9
0.01311,90.0,1.22,0,0.403,1.0436136437435104,21.9,8.6966,5,226,17.9,395.93,305.4813069741204,35.4
0.02055,85.0,0.74,0,0.41,0.6024509747473783,35.7,9.1876,2,313,17.3,396.9,369.3064804731587,24.7
0.01432,100.0,1.32,0,0.411,0.7658494786618977,40.5,8.3248,5,256,15.1,392.9,239.33885910963983,31.6
0.15445,25.0,5.13,0,0.453,0.7007066223464152,29.2,7.8148,8,284,19.7,390.68,436.1184617470557,23.3
0.10328,25.0,5.13,0,0.453,0.5358814433187742,47.2,6.932,8,284,19.7,396.9,571.2451986417309,19.6
0.14932,25.0,5.13,0,0.453,0.6856183144304062,66.2,7.2254,8,284,19.7,395.11,827.1680758227808,18.7
0.17171,25.0,5.13,0,0.453,0.7754614650285625,93.4,6.8185,8,284,19.7,378.08,904.6127961958505,16.0
0.11027,25.0,5.13,0,0.453,0.8178051739472828,67.8,7.2255,8,284,19.7,396.9,419.6001001907846,22.2
0.1265,25.0,5.13,0,0.453,0.8505421396877471,43.4,7.9809,8,284,19.7,395.58,607.917724922914,25.0
0.01951,17.5,1.38,0,0.4161,0.7934426815347217,59.5,9.2229,3,216,18.6,393.24,502.7278970150501,33.0
0.03584,80.0,3.37,0,0.398,0.753390151851432,17.8,6.6115,4,337,16.1,396.9,282.6163300041799,23.5
0.04379,80.0,3.37,0,0.398,0.995039132400308,31.1,6.6115,4,337,16.1,396.9,634.9771950480684,19.4
0.05789,12.5,6.07,0,0.409,0.8883485324672012,21.4,6.498,4,345,18.9,396.21,495.505966513546,22.0
0.13554,12.5,6.07,0,0.409,0.7660282043776564,36.8,6.498,4,345,18.9,396.9,822.9369372185581,17.4
0.12816,12.5,6.07,0,0.409,0.8648675459207431,33.0,6.498,4,345,18.9,396.9,546.620320826165,20.9
0.08826,0.0,10.81,0,0.413,0.8566213736857405,6.6,5.2873,4,305,19.2,383.73,413.0338984314279,24.2
0.15876,0.0,10.81,0,0.413,0.7904163396352314,17.5,5.2873,4,305,19.2,376.94,626.0201663339602,21.7
0.09164,0.0,10.81,0,0.413,1.0097204540067692,7.8,5.2873,4,305,19.2,390.91,355.02973581458383,22.8
0.19539,0.0,10.81,0,0.413,1.0275449799351888,6.2,5.2873,4,305,19.2,377.17,465.02457857668634,23.4
0.07896,0.0,12.83,0,0.437,0.9494723024278718,6.0,4.2515,5,398,18.7,394.92,426.0872208741259,24.1
0.09512,0.0,12.83,0,0.437,0.7001967093674889,45.0,4.5026,5,398,18.7,383.23,556.5960186031983,21.4
0.10153,0.0,12.83,0,0.437,0.9427094831496697,74.5,4.0522,5,398,18.7,373.66,748.6167879810337,20.0
0.08707,0.0,12.83,0,0.437,1.0768660821686855,45.8,4.0905,5,398,18.7,386.96,643.6598059716,20.8
0.05646,0.0,12.83,0,0.437,0.8713774074728673,53.7,5.0141,5,398,18.7,386.4,789.9811394036311,21.2
0.08387,0.0,12.83,0,0.437,0.4692354824279584,36.6,4.5026,5,398,18.7,396.06,567.698278897321,20.3
0.04113,25.0,4.86,0,0.426,0.777696821692845,33.5,5.4007,4,281,19.0,396.9,327.5523593307483,28.0
0.04462,25.0,4.86,0,0.426,1.0450034639654757,70.4,5.4007,4,281,19.0,395.63,459.97568337451725,23.9
0.03659,25.0,4.86,0,0.426,0.8849066964898074,32.2,5.4007,4,281,19.0,396.9,418.1288823438992,24.8
0.03551,25.0,4.86,0,0.426,0.8863004245471915,46.7,5.4007,4,281,19.0,390.64,491.86616342706037,22.9
0.05059,0.0,4.49,0,0.449,0.8300574648190066,48.0,4.7794,3,247,18.5,396.9,604.0672910906485,23.9
0.05735,0.0,4.49,0,0.449,0.7656501144613648,56.1,4.4377,3,247,18.5,392.3,407.6262251140483,26.6
0.05188,0.0,4.49,0,0.449,0.8144904769110138,45.1,4.4272,3,247,18.5,395.99,796.378883244977,22.5
0.07151,0.0,4.49,0,0.449,1.0160282992260359,56.8,3.7476,3,247,18.5,395.15,526.7394554313985,22.2
0.0566,0.0,3.41,0,0.489,0.9162758767925435,86.3,3.4217,2,270,17.8,396.9,350.4296956895591,23.6
0.05302,0.0,3.41,0,0.489,1.0850896114879958,63.1,3.4145,2,270,17.8,396.06,356.1841827697219,28.7
0.04684,0.0,3.41,0,0.489,0.9327253432013671,66.1,3.0923,2,270,17.8,392.18,540.5361361702052,22.6
0.03932,0.0,3.41,0,0.489,0.931202827468418,73.9,3.0921,2,270,17.8,393.55,498.87596014711306,22.0
0.04203,28.0,15.04,0,0.464,0.9398676417295749,53.6,3.6659,4,270,18.2,395.01,516.601747212714,22.9
0.02875,28.0,15.04,0,0.464,0.8668143356760993,28.9,3.6659,4,270,18.2,396.33,381.96151709820396,25.0
0.04294,28.0,15.04,0,0.464,0.937034453486621,77.3,3.615,4,270,18.2,396.9,659.5575024711727,20.6
0.12204,0.0,2.89,0,0.445,0.9706113393329493,57.8,3.4952,2,276,18.0,357.98,414.9389105123179,28.4
0.11504,0.0,2.89,0,0.445,0.7755955123527285,69.6,3.4952,2,276,18.0,391.83,696.0983035350073,21.4
0.12083,0.0,2.89,0,0.445,1.1500612578169889,76.0,3.4952,2,276,18.0,396.9,268.0466523246448,38.7
0.08187,0.0,2.89,0,0.445,1.1089421671018997,36.9,3.4952,2,276,18.0,393.53,207.77776221314633,43.8
0.0686,0.0,2.89,0,0.445,1.1182226138568172,62.5,3.4952,2,276,18.0,396.9,394.2784552687844,33.2
0.14866,0.0,8.56,0,0.52,1.0580464179988303,79.9,2.7778,5,384,20.9,394.76,578.1659377749646,27.5
0.11432,0.0,8.56,0,0.52,1.0654306726297473,71.3,2.8561,5,384,20.9,395.58,481.83655529535275,26.5
0.22876,0.0,8.56,0,0.52,0.8961321644679832,85.4,2.7147,5,384,20.9,70.8,661.6628605524439,18.6
0.21161,0.0,8.56,0,0.52,0.9928788689050293,87.4,2.7147,5,384,20.9,394.47,829.4557357227093,19.3
0.1396,0.0,8.56,0,0.52,0.8803868956516463,90.0,2.421,5,384,20.9,392.69,771.739502946769,20.1
0.13262,0.0,8.56,0,0.52,0.7666314721306356,96.7,2.1069,5,384,20.9,394.05,1033.4909879260642,19.5
0.1712,0.0,8.56,0,0.52,0.8556743073301889,91.9,2.211,5,384,20.9,395.67,1169.5340047946386,19.5
0.13117,0.0,8.56,0,0.52,0.5871577498714188,85.2,2.1224,5,384,20.9,387.69,870.4880593302811,20.4
0.12802,0.0,8.56,0,0.52,0.8946835200982418,97.1,2.4329,5,384,20.9,395.24,755.5254583474983,19.8
0.26363,0.0,8.56,0,0.52,0.5516156207475083,91.2,2.5451,5,384,20.9,391.23,967.5954039557056,19.4
0.10793,0.0,8.56,0,0.52,1.0163250927661642,54.4,2.7778,5,384,20.9,393.49,829.2296242520865,21.7
0.10084,0.0,10.01,0,0.547,1.0446052668096661,81.6,2.6775,6,432,17.8,395.59,644.3045586150728,22.8
0.12329,0.0,10.01,0,0.547,0.9125017237480948,92.9,2.3534,6,432,17.8,394.95,1018.1501155996365,18.8
0.22212,0.0,10.01,0,0.547,0.8918169883744544,95.4,2.548,6,432,17.8,396.9,1063.5670384928815,18.7
0.14231,0.0,10.01,0,0.547,0.8284926543168424,84.2,2.2565,6,432,17.8,388.74,647.5773922189724,18.5
0.17134,0.0,10.01,0,0.547,0.9014786787885275,88.2,2.4631,6,432,17.8,344.91,971.2715285379495,18.3
0.13158,0.0,10.01,0,0.547,1.0134839443342623,72.5,2.7301,6,432,17.8,393.3,745.1382881755169,21.2
0.15098,0.0,10.01,0,0.547,0.8936717837852823,82.6,2.7474,6,432,17.8,394.51,646.0009694947125,19.2
0.13058,0.0,10.01,0,0.547,0.7483972896615295,73.1,2.4775,6,432,17.8,338.63,970.9729590742587,20.4
0.14476,0.0,10.01,0,0.547,0.9176848514026124,65.2,2.7592,6,432,17.8,391.5,858.6441704280224,19.3
0.06899,0.0,25.65,0,0.581,0.8478572297586705,69.7,2.2577,2,188,19.1,389.15,895.2373219020762,22.0
0.07165,0.0,25.65,0,0.581,0.7199494194615902,84.1,2.1974,2,188,19.1,377.67,891.9689208215897,20.3
0.09299,0.0,25.65,0,0.581,0.9907112208463862,92.9,2.0869,2,188,19.1,378.09,1112.1491695581474,20.5
0.15038,0.0,25.65,0,0.581,0.7039052179162061,97.0,1.9444,2,188,19.1,370.31,1589.5828553368367,17.3
0.09849,0.0,25.65,0,0.581,0.9013755015777118,95.8,2.0063,2,188,19.1,379.38,1092.8792100538867,18.8
0.16902,0.0,25.65,0,0.581,0.5608582738919768,88.4,1.9929,2,188,19.1,385.02,935.7261898784009,21.4
0.38735,0.0,25.65,0,0.581,0.8724897400280217,95.6,1.7572,2,188,19.1,359.29,1720.5356525617324,15.7
0.25915,0.0,21.89,0,0.624,0.7414242675952332,96.0,1.7883,4,437,21.2,392.11,1080.3435522125187,16.2
0.32543,0.0,21.89,0,0.624,0.7134145227517797,98.8,1.8125,4,437,21.2,396.9,958.4790362569757,18.0
0.88125,0.0,21.89,0,0.624,0.8811912282067336,94.7,1.9799,4,437,21.2,396.9,1143.0607625874604,14.3
0.34006,0.0,21.89,0,0.624,0.8563394185626095,98.9,2.1185,4,437,21.2,395.04,778.6687493704286,19.2
1.19294,0.0,21.89,0,0.624,0.6451630629410333,97.7,2.271,4,437,21.2,396.9,776.3479962267522,19.6
0.59005,0.0,21.89,0,0.624,0.6886320138371551,97.9,2.3274,4,437,21.2,385.76,704.954719770408,23.0
0.32982,0.0,21.89,0,0.624,0.8870054901401538,95.4,2.4699,4,437,21.2,388.69,943.907495241731,18.4
0.97617,0.0,21.89,0,0.624,0.6277458583676198,98.4,2.346,4,437,21.2,262.76,1079.7081680004858,15.6
0.55778,0.0,21.89,0,0.624,0.7646348289217737,98.2,2.1107,4,437,21.2,394.67,1079.7924012726428,18.1
0.32264,0.0,21.89,0,0.624,0.939504254081883,93.5,1.9669,4,437,21.2,378.25,1063.9959713117432,17.4
0.35233,0.0,21.89,0,0.624,0.9599293716499102,98.4,1.8498,4,437,21.2,394.08,918.6086897253505,17.1
0.2498,0.0,21.89,0,0.624,0.87383691171286,98.2,1.6686,4,437,21.2,392.04,1344.9172695802554,13.3
0.54452,0.0,21.89,0,0.624,1.0671014392579268,97.9,1.6687,4,437,21.2,396.9,1152.1084505569395,17.8
0.2909,0.0,21.89,0,0.624,0.9231444276847461,93.6,1.6119,4,437,21.2,388.08,1518.7343363491943,14.0
1.62864,0.0,21.89,0,0.624,0.7333296866925139,100.0,1.4394,4,437,21.2,396.9,2153.541459808866,14.4
3.32105,0.0,19.58,1,0.871,0.5783552762538224,100.0,1.3216,5,403,14.7,396.9,1677.5203067485083,13.4
4.0974,0.0,19.58,0,0.871,0.4859109025394649,100.0,1.4118,5,403,14.7,396.9,1656.4483750471045,15.6
2.77974,0.0,19.58,0,0.871,0.6654147753022408,97.8,1.3459,5,403,14.7,396.9,1806.1502821438173,11.8
2.37934,0.0,19.58,0,0.871,0.7810923422971969,100.0,1.4191,5,403,14.7,172.91,1729.227778084359,13.8
2.15505,0.0,19.58,0,0.871,0.6266232007560637,100.0,1.5166,5,403,14.7,169.27,1036.5841323396319,15.6
2.36862,0.0,19.58,0,0.871,0.7538103618359187,95.7,1.4608,5,403,14.7,391.71,1840.3882569126547,14.6
2.33099,0.0,19.58,0,0.871,0.5347015159538353,93.8,1.5296,5,403,14.7,356.99,1773.084222172123,17.8
2.73397,0.0,19.58,0,0.871,0.7455504124965331,94.9,1.5257,5,403,14.7,351.85,1343.80920866695,15.4
1.6566,0.0,19.58,0,0.871,0.6718651173398931,97.3,1.618,5,403,14.7,372.8,884.7616851646537,21.5
1.49632,0.0,19.58,0,0.871,0.7688090559845903,100.0,1.5916,5,403,14.7,341.6,832.4214077554144,19.6
1.12658,0.0,19.58,1,0.871,0.6258290620570521,88.0,1.6102,5,403,14.7,343.28,776.0081278468444,15.3
2.14918,0.0,19.58,0,0.871,0.9034044654838767,98.5,1.6232,5,403,14.7,261.95,996.2983960949608,19.4
1.41385,0.0,19.58,1,0.871,0.9249755625167646,96.0,1.7494,5,403,14.7,321.02,958.2965978439959,17.0
3.53501,0.0,19.58,1,0.871,0.8001555512086027,82.6,1.7455,5,403,14.7,88.01,938.6859020178796,15.6
2.44668,0.0,19.58,0,0.871,0.7661033522866422,94.0,1.7364,5,403,14.7,88.63,1015.7586419302941,13.1
1.22358,0.0,19.58,0,0.605,1.0129712854216044,97.4,1.8773,5,403,14.7,363.43,265.4624749492419,41.3
1.34284,0.0,19.58,0,0.605,0.7135245713166974,100.0,1.7573,5,403,14.7,353.89,397.3321802105841,24.3
1.42502,0.0,19.58,0,0.871,0.6173229182285058,100.0,1.7659,5,403,14.7,364.31,475.7686935251959,23.3
1.27346,0.0,19.58,1,0.605,0.7814152712869189,92.6,1.7984,5,403,14.7,338.92,333.85267562254234,27.0
1.46336,0.0,19.58,0,0.605,1.0388471172487186,90.8,1.9709,5,403,14.7,374.43,128.16548359388682,50.0
1.83377,0.0,19.58,1,0.605,1.104938235322749,98.2,2.0407,5,403,14.7,389.61,120.0378993094612,50.0
1.51902,0.0,19.58,1,0.605,1.4587037718031706,93.9,2.162,5,403,14.7,388.45,202.19397823360637,50.0
2.24236,0.0,19.58,0,0.605,0.7788128619019745,91.8,2.422,5,403,14.7,395.11,714.315964553728,22.7
2.924,0.0,19.58,0,0.605,0.7616892819826222,93.0,2.2834,5,403,14.7,240.16,637.6860339475219,25.0
2.01019,0.0,19.58,0,0.605,1.077470471612921,96.2,2.0459,5,403,14.7,369.3,219.68153466234116,50.0
1.80028,0.0,19.58,0,0.605,0.6697145323126594,79.2,2.4259,5,403,14.7,227.61,750.8424221487163,23.8
2.3004,0.0,19.58,0,0.605,1.0980511952541268,96.1,2.1,5,403,14.7,297.09,685.6724738439577,23.8
2.44953,0.0,19.58,0,0.605,0.9803963623844316,95.2,2.2625,5,403,14.7,330.04,715.5970718489829,22.3
1.20742,0.0,19.58,0,0.605,0.75203124014106,94.6,2.4259,5,403,14.7,292.29,904.4807279453859,17.4
2.3139,0.0,19.58,0,0.605,0.8852405833311203,97.3,2.3887,5,403,14.7,348.13,745.9505291787987,19.1
0.13914,0.0,4.05,0,0.51,0.7207169606555288,88.5,2.5961,5,296,16.6,396.9,918.941600602416,23.1
0.09178,0.0,4.05,0,0.51,0.8871954632254379,84.1,2.6463,5,296,16.6,395.5,574.2970342736779,23.6
0.08447,0.0,4.05,0,0.51,0.9347875709686208,68.7,2.7019,5,296,16.6,393.23,604.499701346947,22.6
0.06664,0.0,4.05,0,0.51,0.9940271865497858,33.1,3.1323,5,296,16.6,390.96,338.851068425116,29.4
0.07022,0.0,4.05,0,0.51,0.772124499322053,47.2,3.5549,5,296,16.6,393.23,634.9055278870997,23.2
0.05425,0.0,4.05,0,0.51,0.8303804514198037,73.4,3.3175,5,296,16.6,395.6,403.17525041237434,24.6
0.06642,0.0,4.05,0,0.51,1.0344535525327618,74.4,2.9153,5,296,16.6,391.27,439.99181935954704,29.9
0.0578,0.0,2.46,0,0.488,0.9287837913539319,58.4,2.829,3,193,17.8,396.9,322.5138397398012,37.2
0.06588,0.0,2.46,0,0.488,1.0647858538555288,83.3,2.741,3,193,17.8,395.56,475.4777548063218,39.8
0.06888,0.0,2.46,0,0.488,0.83584650722127,62.2,2.5979,3,193,17.8,396.9,591.6932782906559,36.2
0.09103,0.0,2.46,0,0.488,0.961670776278971,92.2,2.7006,3,193,17.8,394.12,311.71394546949597,37.9
0.10008,0.0,2.46,0,0.488,1.093331816732472,95.6,2.847,3,193,17.8,396.9,353.6388671532775,32.5
0.08308,0.0,2.46,0,0.488,0.561986885927514,89.8,2.9879,3,193,17.8,391.0,864.057631181089,26.4
0.06047,0.0,2.46,0,0.488,0.9735999481984658,68.8,3.2797,3,193,17.8,387.11,829.6407638716613,29.6
0.05602,0.0,2.46,0,0.488,0.8895026563345416,53.6,3.1992,3,193,17.8,392.63,286.7078896514149,50.0
0.07875,45.0,3.44,0,0.437,0.7189232118410829,41.1,3.7886,5,398,15.2,393.87,431.71138764399007,32.0
0.12579,45.0,3.44,0,0.437,0.8698668935367215,29.1,4.5667,5,398,15.2,382.84,289.611308271346,29.8
0.0837,45.0,3.44,0,0.437,1.007440312656569,38.9,4.5667,5,398,15.2,396.9,320.4480693608928,34.9
0.09068,45.0,3.44,0,0.437,0.8889273656749273,21.5,6.4798,5,398,15.2,377.68,321.3545344492415,37.0
0.06911,45.0,3.44,0,0.437,1.0781490561420273,30.8,6.4798,5,398,15.2,389.71,293.7971543799125,30.5
0.08664,45.0,3.44,0,0.437,1.0664649749540578,26.3,6.4798,5,398,15.2,390.49,184.07209540783188,36.4
0.02187,60.0,2.93,0,0.401,1.0649886311452486,9.9,6.2196,1,265,15.6,393.37,309.4482807675324,31.1
0.01439,60.0,2.93,0,0.401,1.010114212324339,18.8,6.2196,1,265,15.6,376.7,274.59413193094747,29.1
0.01381,80.0,0.46,0,0.422,0.9389902756319369,32.0,5.6484,4,255,14.4,394.23,174.5344752281373,50.0
0.04011,80.0,1.52,0,0.404,0.9770096895694137,34.1,7.309,2,329,12.6,396.9,260.2011962007169,33.3
0.04666,80.0,1.52,0,0.404,0.996675242286506,36.6,7.309,2,329,12.6,354.31,548.7027145933686,30.3
0.03768,80.0,1.52,0,0.404,1.3544471741476012,38.3,7.309,2,329,12.6,392.2,409.28965768595845,34.6
0.0315,95.0,1.47,0,0.403,0.8699818124382875,15.3,7.6534,3,402,17.0,396.9,297.01301476513106,34.9
0.01778,95.0,1.47,0,0.403,0.767150128302681,13.9,7.6534,3,402,17.0,384.3,278.8409176305234,32.9
0.03445,82.5,2.03,0,0.415,0.7744260948044309,38.4,6.27,2,348,14.7,393.77,461.7713097959851,24.1
0.02177,82.5,2.03,0,0.415,1.1726167417086857,15.7,6.27,2,348,14.7,395.38,194.06319910447237,42.3
0.0351,95.0,2.68,0,0.4161,1.1298992732673232,33.2,5.118,4,224,14.7,392.78,229.31959227763875,48.5
0.02009,95.0,2.68,0,0.4161,0.9443939075199799,31.9,5.118,4,224,14.7,390.55,184.5660762560584,50.0
0.13642,0.0,10.59,0,0.489,0.8739022368768612,22.3,3.9454,4,277,18.6,396.9,678.1754762698627,22.6
0.22969,0.0,10.59,0,0.489,0.7053495626191795,52.5,4.3549,4,277,18.6,394.87,685.1821000987183,24.4
0.25199,0.0,10.59,0,0.489,0.6456700604142441,72.7,4.3549,4,277,18.6,389.43,1137.3806513989468,22.5
0.13587,0.0,10.59,1,0.489,1.0456281092983342,59.1,4.2392,4,277,18.6,381.32,908.9122844858729,24.4
0.43571,0.0,10.59,1,0.489,0.7059786358605152,100.0,3.875,4,277,18.6,396.9,1449.0342410730993,20.0
0.17446,0.0,10.59,1,0.489,0.6863434718829706,92.1,3.8771,4,277,18.6,393.25,1078.189213747803,21.7
0.37578,0.0,10.59,1,0.489,0.8540213695129873,88.6,3.665,4,277,18.6,395.24,1500.390993641059,19.3
0.21719,0.0,10.59,1,0.489,0.646862923106833,53.8,3.6526,4,277,18.6,390.94,1004.8627427469821,22.4
0.14052,0.0,10.59,0,0.489,0.957763905015267,32.3,3.9454,4,277,18.6,385.81,600.5733253239496,28.1
0.28955,0.0,10.59,0,0.489,0.6777346987042685,9.8,3.5875,4,277,18.6,348.93,1843.8937225350521,23.7
0.19802,0.0,10.59,0,0.489,0.7398538374384005,42.4,3.9454,4,277,18.6,393.63,578.8373684944161,25.0
0.0456,0.0,13.89,1,0.55,0.7818343647295652,56.0,3.1121,5,276,16.4,392.8,839.0236070488069,23.3
0.07013,0.0,13.89,0,0.55,0.6544206656831314,85.1,3.4211,5,276,16.4,392.78,593.4416845419399,28.7
0.11069,0.0,13.89,1,0.55,0.786841800623685,93.8,2.8893,5,276,16.4,396.9,1125.7707214088873,21.5
0.11425,0.0,13.89,1,0.55,0.7758337917805274,92.4,3.3633,5,276,16.4,393.74,639.3036609688495,23.0
0.35809,0.0,6.2,1,0.507,1.0415781591412971,88.5,2.8617,8,307,17.4,391.7,595.4553689272849,26.7
0.40771,0.0,6.2,1,0.507,1.071564002573016,91.3,3.048,8,307,17.4,395.24,1344.672442297677,21.7
0.62356,0.0,6.2,1,0.507,1.114806197691026,77.7,3.2721,8,307,17.4,390.39,638.5099017608924,27.5
0.6147,0.0,6.2,0,0.507,0.8659087281599527,80.8,3.2721,8,307,17.4,396.9,471.0392354034179,30.1
0.31533,0.0,6.2,0,0.504,1.1507806965129954,78.3,2.8944,8,307,17.4,385.05,251.69018136395036,44.8
0.52693,0.0,6.2,0,0.504,1.0554091569206716,83.0,2.8944,8,307,17.4,382.0,280.9266895546389,50.0
0.38214,0.0,6.2,0,0.504,1.120788967984134,86.5,3.2157,8,307,17.4,387.38,210.81347414468934,37.6
0.41238,0.0,6.2,0,0.504,0.9414359246606726,79.9,3.2157,8,307,17.4,372.08,382.980785514091,31.6
0.29819,0.0,6.2,0,0.504,0.9735906945011168,17.0,3.3751,8,307,17.4,377.51,253.34960784169525,46.7
0.44178,0.0,6.2,0,0.504,0.9889009818977391,21.4,3.3751,8,307,17.4,380.34,223.3002384662751,31.5
0.537,0.0,6.2,0,0.504,0.5761263321396078,68.1,3.6715,8,307,17.4,378.35,732.9655545351487,24.3
0.46296,0.0,6.2,0,0.504,1.0626439400687069,76.9,3.6715,8,307,17.4,376.14,323.9428574712014,31.7
0.57529,0.0,6.2,0,0.507,1.1080933620514095,73.3,3.8384,8,307,17.4,385.91,165.93827063439466,41.7
0.33147,0.0,6.2,0,0.507,1.1310627284840162,70.4,3.6519,8,307,17.4,378.95,248.4539681276362,48.3
0.44791,0.0,6.2,1,0.507,0.908447182962071,66.5,3.6519,8,307,17.4,360.2,512.7313185660354,29.0
0.33045,0.0,6.2,0,0.507,0.8881522157015869,61.5,3.6519,8,307,17.4,376.75,677.8964370549372,24.0
0.52058,0.0,6.2,1,0.507,0.7634623639799112,76.5,4.148,8,307,17.4,388.45,590.5572514850433,25.1
0.51183,0.0,6.2,0,0.507,0.9373044492643835,71.6,4.148,8,307,17.4,390.07,300.47736520609527,31.5
0.08244,30.0,4.93,0,0.428,0.8957716204892817,18.5,6.1899,6,300,16.6,379.41,392.02537867839123,23.7
0.09252,30.0,4.93,0,0.428,1.084922413552148,42.2,6.1899,6,300,16.6,383.78,457.18936169402275,23.3
0.11329,30.0,4.93,0,0.428,0.8305288257805454,54.3,6.3361,6,300,16.6,391.25,713.5466235382827,22.0
0.10612,30.0,4.93,0,0.428,0.6106097670868065,65.1,6.3361,6,300,16.6,394.62,765.2402422354595,20.1
0.1029,30.0,4.93,0,0.428,0.9873132776208287,52.9,7.0355,6,300,16.6,372.75,700.1153531925197,22.2
0.12757,30.0,4.93,0,0.428,1.0025139904242781,7.8,7.0355,6,300,16.6,374.71,335.1130840689778,23.7
0.20608,22.0,5.86,0,0.431,0.8577194243154179,76.5,7.9549,7,330,19.1,372.49,765.6674265014768,17.6
0.19133,22.0,5.86,0,0.431,0.6546361788480626,70.2,7.9549,7,330,19.1,389.13,1154.5638505004424,18.5
0.33983,22.0,5.86,0,0.431,0.9167920713993547,34.9,8.0555,7,330,19.1,390.18,556.0956646422442,24.3
0.19657,22.0,5.86,0,0.431,0.8618976929222688,79.2,8.0555,7,330,19.1,376.14,632.280104759353,20.5
0.16439,22.0,5.86,0,0.431,0.9654131493422897,49.1,7.8265,7,330,19.1,374.71,584.743373007851,24.5
0.19073,22.0,5.86,0,0.431,0.9264450304658951,17.5,7.8265,7,330,19.1,393.74,419.0570263421519,26.2
0.1403,22.0,5.86,0,0.431,0.976725283649395,13.0,7.3967,7,330,19.1,396.28,374.9409628539297,24.4
0.21409,22.0,5.86,0,0.431,1.0062478187470347,8.9,7.3967,7,330,19.1,377.07,232.8360447388691,24.8
0.08221,22.0,5.86,0,0.431,0.7538833255842822,6.8,8.9067,7,330,19.1,386.09,217.4122432654844,29.6
0.36894,22.0,5.86,0,0.431,0.9484699044270405,8.4,8.9067,7,330,19.1,396.9,225.756558735859,42.8
0.04819,80.0,3.64,0,0.392,0.9525824438286417,32.0,9.2203,1,315,16.4,392.89,408.95332729658736,21.9
0.03548,80.0,3.64,0,0.392,0.7303798831211095,19.1,9.2203,1,315,16.4,395.18,560.3624252520802,20.9
0.01538,90.0,3.75,0,0.394,1.0523172158367178,34.2,6.3361,3,244,15.9,386.34,187.65557288576065,44.0
0.61154,20.0,3.97,0,0.647,1.2560879419486894,86.9,1.801,5,264,13.0,389.7,315.150006763481,50.0
0.66351,20.0,3.97,0,0.647,0.9933537102144023,100.0,1.8946,5,264,13.0,383.29,482.86449965098615,36.0
0.65665,20.0,3.97,0,0.647,0.948546570440476,100.0,2.0107,5,264,13.0,391.93,428.3363328669946,30.1
0.54011,20.0,3.97,0,0.647,1.0034559735671356,81.8,2.1121,5,264,13.0,392.8,598.5769594149743,33.8
0.53412,20.0,3.97,0,0.647,1.122524930948345,89.4,2.1398,5,264,13.0,388.37,452.9022739473944,43.1
0.52014,20.0,3.97,0,0.647,1.0001743842256843,91.5,2.2885,5,264,13.0,386.86,377.38511870099757,48.8
0.82526,20.0,3.97,0,0.647,1.0272368854297123,94.5,2.0788,5,264,13.0,393.42,702.5014914566608,31.0
0.55007,20.0,3.97,0,0.647,0.9306053146880928,91.6,1.9301,5,264,13.0,387.89,505.4449799468654,36.5
0.76162,20.0,3.97,0,0.647,0.7448983285290539,62.8,1.9865,5,264,13.0,392.4,648.562526800918,22.8
0.7857,20.0,3.97,0,0.647,0.7366570817358528,84.6,2.1329,5,264,13.0,384.07,918.6180985433812,30.7
0.57834,20.0,3.97,0,0.575,1.245120581546734,67.0,2.4216,5,264,13.0,384.54,468.89350844586284,50.0
0.5405,20.0,3.97,0,0.575,1.101583677430261,52.6,2.872,5,264,13.0,390.3,193.77639935480326,43.5
0.09065,20.0,6.96,1,0.464,0.4711031081576606,61.5,3.9175,3,223,18.6,391.34,848.7453916411586,20.7
0.29916,20.0,6.96,0,0.464,0.9057417259246835,42.1,4.429,3,223,18.6,388.65,802.2487984957643,21.1
0.16211,20.0,6.96,0,0.464,0.8362219420179858,16.3,4.429,3,223,18.6,396.9,419.87739545216874,25.2
0.1146,20.0,6.96,0,0.464,0.6043889271587505,58.7,3.9175,3,223,18.6,394.96,488.67792756155006,24.4
0.22188,20.0,6.96,1,0.464,0.9289898042895338,51.8,4.3665,3,223,18.6,390.77,406.3662362264791,35.2
0.05644,40.0,6.41,1,0.447,1.0182274943980134,32.9,4.0776,4,254,17.6,396.9,212.27226807487668,32.4
0.09604,40.0,6.41,0,0.447,1.0292218786206673,42.8,4.2673,4,254,17.6,396.9,197.14321861005996,32.0
0.10469,40.0,6.41,1,0.447,0.9643320519623902,49.0,4.7872,4,254,17.6,389.25,389.28796340029066,33.2
0.06127,40.0,6.41,1,0.447,0.8419429499630638,27.6,4.8628,4,254,17.6,393.45,261.4897672737906,33.1
0.07978,40.0,6.41,0,0.447,1.063454487160314,32.1,4.1403,4,254,17.6,396.9,444.08557504284653,29.1
0.21038,20.0,3.33,0,0.4429,1.0991524542680369,32.2,4.1007,5,216,14.9,396.9,291.61583516654576,35.1
0.03578,20.0,3.33,0,0.4429,1.05955083513692,64.5,4.6947,5,216,14.9,387.31,250.55356060156663,45.4
0.03705,20.0,3.33,0,0.4429,1.0827851086212346,37.2,5.2447,5,216,14.9,392.23,268.03001001522597,35.4
0.06129,20.0,3.33,1,0.4429,1.0356631760046433,49.7,5.2119,5,216,14.9,377.07,200.1055049480934,46.0
0.01501,90.0,1.21,1,0.401,1.2011255879745093,24.8,5.885,1,198,13.6,395.52,202.91882392731424,50.0
0.00906,90.0,2.97,0,0.4,0.9834990303251432,20.8,7.3073,1,285,15.3,394.72,492.2106290295567,32.2
0.01096,55.0,2.25,0,0.389,1.1256396879231485,31.9,7.3073,1,300,15.3,394.72,509.3962261193671,22.0
0.01965,80.0,1.76,0,0.385,0.8248550421008486,31.5,9.0892,1,241,18.2,341.6,810.6799217147013,20.1
0.03871,52.5,5.32,0,0.405,0.8570496812838932,31.3,7.3172,6,293,16.6,396.9,445.38307533042,23.2
0.0459,52.5,5.32,0,0.405,0.7525212017506697,45.6,7.3172,6,293,16.6,396.9,488.7635132963749,22.3
0.04297,52.5,5.32,0,0.405,0.7962495907432793,22.9,7.3172,6,293,16.6,371.72,582.2618445164646,24.8
0.03502,80.0,4.95,0,0.411,0.8394330590548872,27.9,5.1167,4,245,19.2,396.9,201.93094965566308,28.5
0.07886,80.0,4.95,0,0.411,0.8999636291743159,27.7,5.1167,4,245,19.2,396.9,225.54405352785795,37.3
0.03615,80.0,4.95,0,0.411,1.1409941851401297,23.4,5.1167,4,245,19.2,396.9,309.1343864168299,27.9
0.08265,0.0,13.92,0,0.437,0.9055350429669559,18.4,5.5027,4,289,16.0,396.9,526.8632818456854,23.9
0.08199,0.0,13.92,0,0.437,0.7816819454275042,42.3,5.5027,4,289,16.0,396.9,637.047533761774,21.7
0.12932,0.0,13.92,0,0.437,0.8470065271200463,31.1,5.9604,4,289,16.0,396.9,396.8897551998177,28.6
0.05372,0.0,13.92,0,0.437,0.9860767958281922,51.0,5.9604,4,289,16.0,392.85,460.1446257791812,27.1
0.14103,0.0,13.92,0,0.437,0.6370545378669948,58.0,6.32,4,289,16.0,396.9,996.228049247885,20.3
0.06466,70.0,2.24,0,0.4,0.7368780629860897,20.1,7.8278,5,358,14.8,368.24,319.2836179682494,22.5
0.05561,70.0,2.24,0,0.4,0.925939714592896,10.0,7.8278,5,358,14.8,371.58,284.68634582513147,29.0
0.04417,70.0,2.24,0,0.4,1.0562534496870317,47.4,7.8278,5,358,14.8,390.86,374.8768012238926,24.8
0.03537,34.0,6.09,0,0.433,0.8459381150162212,40.4,5.4917,7,329,16.1,395.75,577.4053121821345,22.0
0.09266,34.0,6.09,0,0.433,0.7951133078908709,18.4,5.4917,7,329,16.1,383.61,539.277744847899,26.4
0.1,34.0,6.09,0,0.433,1.1463323438084791,17.7,5.4917,7,329,16.1,390.43,301.5135822584112,33.1
0.05515,33.0,2.18,0,0.472,0.6499163609623073,41.1,4.022,7,222,18.4,393.68,432.622361463011,36.1
0.05479,33.0,2.18,0,0.472,0.7781477599079291,58.1,3.37,7,222,18.4,393.36,571.0872496894826,28.4
0.07503,33.0,2.18,0,0.472,1.0475662026146932,71.9,3.0992,7,222,18.4,396.9,407.7679764835227,33.4
0.04932,33.0,2.18,0,0.472,1.0616126354344617,70.3,3.1827,7,222,18.4,396.9,483.783594158142,28.2
0.49298,0.0,9.9,0,0.544,0.8626981653562166,82.5,3.3175,4,304,18.4,396.9,270.5033160368941,22.8
0.3494,0.0,9.9,0,0.544,0.8203939611588034,76.7,3.1025,4,304,18.4,396.24,634.6493596515264,20.3
2.63548,0.0,9.9,0,0.544,0.7687548991267068,37.8,2.5194,4,304,18.4,350.45,783.4401327700295,16.1
0.79041,0.0,9.9,0,0.544,0.8096343658073141,52.8,2.6403,4,304,18.4,396.9,366.39858959797573,22.1
0.26169,0.0,9.9,0,0.544,0.8753648431440996,90.4,2.834,4,304,18.4,396.3,730.531100198841,19.4
0.26938,0.0,9.9,0,0.544,1.011170848703205,82.8,3.2628,4,304,18.4,393.39,509.11649596321,21.6
0.3692,0.0,9.9,0,0.544,0.9428401958702749,87.3,3.6023,4,304,18.4,395.69,589.0319771009754,23.8
0.25356,0.0,9.9,0,0.544,0.7012095572236581,77.7,3.945,4,304,18.4,396.42,730.2052300334352,16.2
0.31827,0.0,9.9,0,0.544,0.8136283529828924,83.2,3.9986,4,304,18.4,390.7,1141.612716590237,17.8
0.24522,0.0,9.9,0,0.544,0.7751762412905421,71.7,4.0317,4,304,18.4,396.9,996.0357282259338,19.8
0.40202,0.0,9.9,0,0.544,0.9797515784628793,67.2,3.5325,4,304,18.4,395.21,633.5418263276425,23.1
0.47547,0.0,9.9,0,0.544,0.9066020206135709,58.8,4.0019,4,304,18.4,396.23,799.5220505423235,21.0
0.1676,0.0,7.38,0,0.493,0.8500776535871766,52.3,4.5404,5,287,19.6,396.9,449.7149849187868,23.8
0.18159,0.0,7.38,0,0.493,0.7317357796463076,54.3,4.5404,5,287,19.6,396.9,423.3803999597253,23.1
0.35114,0.0,7.38,0,0.493,0.9231874097448963,49.9,4.7211,5,287,19.6,396.9,489.305381845038,20.4
0.28392,0.0,7.38,0,0.493,1.109644148052833,74.3,4.7211,5,287,19.6,391.13,727.7714189319657,18.5
0.34109,0.0,7.38,0,0.493,1.0187441861674846,40.1,4.7211,5,287,19.6,396.9,379.02317892908354,25.0
0.19186,0.0,7.38,0,0.493,0.9197993350881741,14.7,5.4159,5,287,19.6,393.68,333.3808313594224,24.6
0.30347,0.0,7.38,0,0.493,0.924003149615917,28.9,5.4159,5,287,19.6,396.9,388.8404052311168,23.0
0.24103,0.0,7.38,0,0.493,0.7455941403296726,43.7,5.4159,5,287,19.6,396.9,806.0591470647856,22.2
0.06617,0.0,3.24,0,0.46,0.9503059304230524,25.8,5.2146,4,430,16.9,382.44,639.3258193887792,19.3
0.06724,0.0,3.24,0,0.46,0.9499999500937922,17.2,5.2146,4,430,16.9,375.21,453.53788364451583,22.6
0.04544,0.0,3.24,0,0.46,0.7245731879374316,32.2,5.8736,4,430,16.9,368.57,581.2721740009372,19.8
0.05023,35.0,6.06,0,0.4379,0.6527312249640386,28.4,6.6407,1,304,16.9,394.02,772.4778981189787,17.1
0.03466,35.0,6.06,0,0.4379,0.7823248787705944,23.3,6.6407,1,304,16.9,362.25,485.08273527835695,19.4
0.05083,0.0,5.19,0,0.515,0.8796715529125483,38.1,6.4584,5,224,20.2,389.71,372.61546122009423,22.2
0.03738,0.0,5.19,0,0.515,0.8594905562670089,38.5,6.4584,5,224,20.2,389.4,415.2846754701205,20.7
0.03961,0.0,5.19,0,0.515,0.8586140041857693,34.5,5.9853,5,224,20.2,396.9,509.3894278900053,21.1
0.03427,0.0,5.19,0,0.515,0.7133948453886775,46.3,5.2311,5,224,20.2,396.9,613.6567204075391,19.5
0.03041,0.0,5.19,0,0.515,0.8171039541212975,59.6,5.615,5,224,20.2,394.81,643.044256770097,18.5
0.03306,0.0,5.19,0,0.515,1.0522974840705328,37.3,4.8122,5,224,20.2,396.14,532.6449636129472,20.6
0.05497,0.0,5.19,0,0.515,0.6950219311514994,45.4,4.8122,5,224,20.2,396.9,610.6175775032034,19.0
0.06151,0.0,5.19,0,0.515,0.8073015993789364,58.5,4.8122,5,224,20.2,396.9,570.4899313501902,18.7
0.01301,35.0,1.52,0,0.442,0.7793724801685465,49.3,7.0379,1,284,15.5,394.74,357.399419054104,32.7
0.02498,0.0,1.89,0,0.518,0.9199665123938736,59.7,6.2669,1,422,15.9,389.96,522.6326352760221,16.5
0.02543,55.0,3.78,0,0.484,0.8470374075154802,56.4,5.7321,5,370,17.6,396.9,452.03251373660004,23.9
0.03049,55.0,3.78,0,0.484,1.3024037224927514,28.1,6.4654,5,370,17.6,387.97,299.7355412315724,31.2
0.03113,0.0,4.39,0,0.442,0.7678864506364271,48.5,8.0136,3,352,18.8,385.64,658.0741945401337,17.5
0.06162,0.0,4.39,0,0.442,0.7491378548007057,52.3,8.0136,3,352,18.8,364.61,789.9133542533987,17.2
0.0187,85.0,4.15,0,0.429,1.0242390980361742,27.7,8.5353,4,351,17.9,392.43,389.31894485517535,23.1
0.01501,80.0,2.01,0,0.435,0.7958880168049686,29.7,8.344,4,280,17.0,390.94,374.65761715532415,24.5
0.02899,40.0,1.25,0,0.429,0.9949513429220748,34.5,8.7921,1,335,19.7,389.85,385.721267216056,26.6
0.06211,40.0,1.25,0,0.429,0.899467533539875,44.4,8.7921,1,335,19.7,396.9,354.8011317970139,22.9
0.0795,60.0,1.69,0,0.411,0.7667704394762123,35.9,10.7103,4,411,18.3,370.78,343.4331745976683,24.1
0.07244,60.0,1.69,0,0.411,0.7822110750576025,18.5,10.7103,4,411,18.3,392.33,485.0668624870239,18.6
0.01709,90.0,2.02,0,0.41,0.7887558949418144,36.1,12.1265,5,187,17.0,384.46,286.84347669495435,30.1
0.04301,80.0,1.91,0,0.413,0.8093128803192072,21.9,10.5857,4,334,22.0,382.8,504.0879355810179,18.2
0.10659,80.0,1.91,0,0.413,0.89226733561213,19.5,10.5857,4,334,22.0,376.04,339.04204966398,20.6
8.98296,0.0,18.1,1,0.77,0.8577610099444162,97.4,2.1222,24,666,20.2,377.73,1108.9139201800572,17.8
3.8497,0.0,18.1,1,0.77,0.8965236707291839,91.0,2.5052,24,666,20.2,391.34,849.5372260770914,21.7
5.20177,0.0,18.1,1,0.77,0.8344743100706886,83.4,2.7227,24,666,20.2,395.43,712.7828061374556,22.7
4.26131,0.0,18.1,0,0.77,0.9204943917298146,81.3,2.5091,24,666,20.2,390.74,793.3430742013762,22.6
4.54192,0.0,18.1,0,0.77,0.5685513433248631,88.0,2.5182,24,666,20.2,374.56,470.25441558499665,25.0
3.83684,0.0,18.1,0,0.77,0.6036865959401937,91.1,2.2955,24,666,20.2,350.65,893.4232224869044,19.9
3.67822,0.0,18.1,0,0.77,0.44951819422153677,96.2,2.1036,24,666,20.2,380.79,637.5440244953043,20.8
4.22239,0.0,18.1,1,0.77,0.9359470191432872,89.0,1.9047,24,666,20.2,353.04,900.8784954847043,16.8
3.47428,0.0,18.1,1,0.718,1.1029870298199733,82.9,1.9047,24,666,20.2,354.55,333.9663830427912,21.9
4.55587,0.0,18.1,0,0.718,0.4715215514535037,87.9,1.6132,24,666,20.2,354.7,439.0427582058391,27.5
3.69695,0.0,18.1,0,0.718,0.6268709626859077,91.4,1.7523,24,666,20.2,316.03,884.6026874811985,21.9
13.5222,0.0,18.1,0,0.631,0.735555180224132,100.0,1.5106,24,666,20.2,131.42,844.1469557312453,23.1
4.89822,0.0,18.1,0,0.631,0.5472918699414782,100.0,1.3325,24,666,20.2,375.52,198.5179838420064,50.0
5.66998,0.0,18.1,1,0.631,1.1368258212082107,96.8,1.3567,24,666,20.2,375.33,234.5681098125141,50.0
6.53876,0.0,18.1,1,0.631,0.9001826872162338,97.5,1.2024,24,666,20.2,392.05,188.8476423173035,50.0
9.2323,0.0,18.1,0,0.631,0.823712766002421,100.0,1.1691,24,666,20.2,366.15,573.7015397688915,50.0
8.26725,0.0,18.1,1,0.668,0.9594244034686588,89.6,1.1296,24,666,20.2,347.88,552.8792987074295,50.0
11.1081,0.0,18.1,0,0.668,0.5647049782913643,100.0,1.1742,24,666,20.2,396.9,2179.08905437854,13.8
18.4982,0.0,18.1,0,0.668,0.682041711388059,100.0,1.137,24,666,20.2,396.9,2384.4425201140493,13.8
19.6091,0.0,18.1,0,0.671,0.802461705556639,97.9,1.3163,24,666,20.2,396.9,834.1497078813308,15.0
15.288,0.0,18.1,0,0.671,0.9627319358602832,93.3,1.3449,24,666,20.2,363.02,1439.6967749329183,13.9
9.82349,0.0,18.1,0,0.671,1.1413563820877721,98.8,1.358,24,666,20.2,396.9,1311.5371338201164,13.3
23.6482,0.0,18.1,0,0.671,0.968917919955938,96.2,1.3861,24,666,20.2,396.9,1479.4434855486536,13.1
17.8667,0.0,18.1,0,0.671,0.8761246707428306,100.0,1.3861,24,666,20.2,393.74,1342.8134071686554,10.2
88.9762,0.0,18.1,0,0.671,0.8171284663536498,91.9,1.4165,24,666,20.2,396.9,1082.3924544943695,10.4
15.8744,0.0,18.1,0,0.671,0.767373267270909,99.1,1.5192,24,666,20.2,396.9,1320.724425036231,10.9
9.18702,0.0,18.1,0,0.7,0.636823443209731,100.0,1.5804,24,666,20.2,396.9,1492.2630296922466,11.3
7.99248,0.0,18.1,0,0.7,0.5072970793721316,100.0,1.5331,24,666,20.2,396.9,1536.773774660233,12.3
20.0849,0.0,18.1,0,0.7,0.5585593168135816,91.2,1.4395,24,666,20.2,285.83,1906.4825946196947,8.8
16.8118,0.0,18.1,0,0.7,0.6899217881152364,98.1,1.4261,24,666,20.2,396.9,1927.368261475147,7.2
24.3938,0.0,18.1,0,0.7,0.7260548134784276,100.0,1.4672,24,666,20.2,396.9,1761.4673425383774,10.5
22.5971,0.0,18.1,0,0.7,0.8510348042971017,89.5,1.5184,24,666,20.2,396.9,1994.8338195119886,7.4
14.3337,0.0,18.1,0,0.7,0.9499158247996884,100.0,1.5895,24,666,20.2,372.92,1907.270600162749,10.2
8.15174,0.0,18.1,0,0.7,0.8182025946797175,98.9,1.7281,24,666,20.2,396.9,1311.2779260925292,11.5
6.96215,0.0,18.1,0,0.7,0.8082822054559908,97.0,1.9265,24,666,20.2,394.43,1057.8248620138793,15.1
5.29305,0.0,18.1,0,0.7,0.8310755097793331,82.5,2.1678,24,666,20.2,378.38,1182.0168164402671,23.2
11.5779,0.0,18.1,0,0.7,0.9817695526723551,97.0,1.77,24,666,20.2,396.9,1602.1193688976236,9.7
8.64476,0.0,18.1,0,0.693,0.8325365955934612,92.6,1.7912,24,666,20.2,396.9,944.3705937657586,13.8
13.3598,0.0,18.1,0,0.693,0.5879057852401104,94.7,1.7821,24,666,20.2,396.9,1027.3260114468674,12.7
8.71675,0.0,18.1,0,0.693,0.9843153747600537,98.8,1.7257,24,666,20.2,391.98,1066.3583573737137,13.1
5.87205,0.0,18.1,0,0.693,0.8349085463437342,96.0,1.6768,24,666,20.2,396.9,1205.8538077663718,12.5
7.67202,0.0,18.1,0,0.693,0.7349658773285299,98.9,1.6334,24,666,20.2,393.1,1240.5200374825317,8.5
38.3518,0.0,18.1,0,0.693,0.7925247665702139,100.0,1.4896,24,666,20.2,396.9,1907.4990488571677,5.0
9.91655,0.0,18.1,0,0.693,0.7064186085831348,77.8,1.5004,24,666,20.2,338.16,1876.6186365714204,6.3
25.0461,0.0,18.1,0,0.693,0.7356914438155939,100.0,1.5888,24,666,20.2,396.9,1674.1219243652688,5.6
14.2362,0.0,18.1,0,0.693,1.062182121533537,100.0,1.5741,24,666,20.2,396.9,1278.6585294088518,7.2
9.59571,0.0,18.1,0,0.693,0.7176542048500327,100.0,1.639,24,666,20.2,376.11,1272.63372877063,12.1
24.8017,0.0,18.1,0,0.693,0.5659060030912957,96.0,1.7028,24,666,20.2,396.9,1231.2535810144234,8.3
41.5292,0.0,18.1,0,0.693,0.6670417571577487,85.4,1.6074,24,666,20.2,329.46,1714.9836127331564,8.5
67.9208,0.0,18.1,0,0.693,0.6596737102461988,100.0,1.4254,24,666,20.2,384.97,1434.3392564452804,5.0
20.7162,0.0,18.1,0,0.659,0.7357499205186305,100.0,1.1781,24,666,20.2,370.22,1475.9178592962955,11.9
11.9511,0.0,18.1,0,0.659,0.8737875356520446,100.0,1.2852,24,666,20.2,332.09,757.1648673072534,27.9
7.40389,0.0,18.1,0,0.597,0.9279863132509172,97.9,1.4547,24,666,20.2,314.64,1651.2738134326294,17.2
14.4383,0.0,18.1,0,0.597,0.8767784507599872,100.0,1.4655,24,666,20.2,179.36,1246.5641949785079,27.5
51.1358,0.0,18.1,0,0.597,0.6261342104858773,100.0,1.413,24,666,20.2,2.6,631.7611414266931,15.0
14.0507,0.0,18.1,0,0.597,1.0713042176828707,100.0,1.5275,24,666,20.2,35.05,1324.225696362038,17.2
18.811,0.0,18.1,0,0.597,0.7921589588066485,100.0,1.5539,24,666,20.2,28.79,2147.3712489207837,17.9
28.6558,0.0,18.1,0,0.597,0.7516608085132146,100.0,1.5894,24,666,20.2,210.97,1257.375264008835,16.3
45.7461,0.0,18.1,0,0.693,0.6551334807887431,100.0,1.6582,24,666,20.2,88.27,2319.1785488159367,7.0
18.0846,0.0,18.1,0,0.679,0.4876051786345595,100.0,1.8347,24,666,20.2,27.25,1823.488744157281,7.2
10.8342,0.0,18.1,0,0.679,0.8093988695568466,90.8,1.8195,24,666,20.2,21.57,1612.429814044011,7.5
25.9406,0.0,18.1,0,0.679,0.7397898882085491,89.1,1.6475,24,666,20.2,127.36,1665.9231246678494,10.4
73.5341,0.0,18.1,0,0.679,0.7641786850269701,100.0,1.8026,24,666,20.2,16.45,1279.6572941326328,8.8
11.8123,0.0,18.1,0,0.718,0.9796340433914089,76.5,1.794,24,666,20.2,48.45,1420.132793818663,8.4
11.0874,0.0,18.1,0,0.718,0.6676108498791012,100.0,1.8589,24,666,20.2,318.75,939.4254515910715,16.7
7.02259,0.0,18.1,0,0.718,1.013917909623245,95.3,1.8746,24,666,20.2,319.98,986.5972132613161,14.2
12.0482,0.0,18.1,0,0.614,0.7909796847744222,87.6,1.9512,24,666,20.2,291.55,887.2576223283702,20.8
7.05042,0.0,18.1,0,0.614,0.8560418092725535,85.1,2.0218,24,666,20.2,2.52,1455.5197529924528,13.4
8.79212,0.0,18.1,0,0.584,0.8558881215913983,70.6,2.0635,24,666,20.2,3.65,1088.471976013716,11.7
15.8603,0.0,18.1,0,0.679,0.8035848691534473,95.4,1.9096,24,666,20.2,7.68,1532.3067759793987,8.3
12.2472,0.0,18.1,0,0.584,0.7690256193712568,59.7,1.9976,24,666,20.2,24.65,974.1292824068232,10.2
37.6619,0.0,18.1,0,0.679,1.0084566608575456,78.7,1.8629,24,666,20.2,18.82,898.3482924422906,10.9
7.36711,0.0,18.1,0,0.679,0.9567537956542609,78.1,1.9356,24,666,20.2,96.73,1336.0030336275238,11.0
9.33889,0.0,18.1,0,0.679,0.7842324305697939,95.6,1.9682,24,666,20.2,60.72,1501.647453860568,9.5
8.49213,0.0,18.1,0,0.584,1.1168616635132322,86.1,2.0527,24,666,20.2,83.45,1110.0220697830666,14.5
10.0623,0.0,18.1,0,0.584,0.780487031038549,94.3,2.0882,24,666,20.2,81.33,1226.5693891319595,14.1
6.44405,0.0,18.1,0,0.584,0.8714325570996732,74.8,2.2004,24,666,20.2,97.95,754.751705206019,16.1
5.58107,0.0,18.1,0,0.713,0.8740541529495794,87.9,2.3158,24,666,20.2,100.19,995.0338815837372,14.3
13.9134,0.0,18.1,0,0.713,0.8370146424745797,95.0,2.2222,24,666,20.2,100.63,938.1930366859194,11.7
11.1604,0.0,18.1,0,0.74,0.9680970365072229,94.6,2.1247,24,666,20.2,109.85,1460.3238097354915,13.4
14.4208,0.0,18.1,0,0.74,0.7248277208226103,93.3,2.0026,24,666,20.2,27.49,1138.1313921770097,9.6
15.1772,0.0,18.1,0,0.74,1.017400218585061,100.0,1.9142,24,666,20.2,9.32,1645.5383021433481,8.7
13.6781,0.0,18.1,0,0.74,0.6613185911501225,87.9,1.8206,24,666,20.2,68.95,2124.239982144113,8.4
9.39063,0.0,18.1,0,0.74,0.7505997104507818,93.9,1.8172,24,666,20.2,396.9,1424.6625969870245,12.8
22.0511,0.0,18.1,0,0.74,0.7573626528265812,92.4,1.8662,24,666,20.2,391.45,1368.2216322801396,10.5
9.72418,0.0,18.1,0,0.74,0.751569023711409,97.2,2.0651,24,666,20.2,385.96,1222.1519083549797,17.1
5.66637,0.0,18.1,0,0.74,0.6921482239861128,100.0,2.0048,24,666,20.2,395.69,1032.9512731261366,18.4
9.96654,0.0,18.1,0,0.74,1.046165857089687,100.0,1.9784,24,666,20.2,386.73,1191.786637409295,15.4
12.8023,0.0,18.1,0,0.74,0.7694658125850216,96.6,1.8956,24,666,20.2,240.52,1486.840940579131,10.8
10.6718,0.0,18.1,0,0.74,0.6946715149265863,94.8,1.9879,24,666,20.2,43.06,1499.2556756211022,11.8
6.28807,0.0,18.1,0,0.74,1.0747124340969934,96.4,2.072,24,666,20.2,318.01,1100.5791042593883,14.9
9.92485,0.0,18.1,0,0.74,1.1235363581097086,96.6,2.198,24,666,20.2,388.52,1038.6225814790478,12.6
9.32909,0.0,18.1,0,0.713,0.695444761151758,98.7,2.2616,24,666,20.2,396.9,1130.0972798916926,14.1
7.52601,0.0,18.1,0,0.713,0.9758057195051223,98.3,2.185,24,666,20.2,304.21,1225.14547761963,13.0
6.71772,0.0,18.1,0,0.713,0.8933247398059448,92.6,2.3236,24,666,20.2,0.32,1085.456990413103,13.4
5.44114,0.0,18.1,0,0.713,0.9463115418532638,98.2,2.3552,24,666,20.2,355.29,1112.5482353829514,15.2
5.09017,0.0,18.1,0,0.713,0.697416201501147,91.8,2.3682,24,666,20.2,385.09,1086.3978099402748,16.1
8.24809,0.0,18.1,0,0.713,1.0851869570347876,99.3,2.4527,24,666,20.2,375.87,1033.5142675819675,17.8
9.51363,0.0,18.1,0,0.713,1.1281975612615218,94.1,2.4961,24,666,20.2,6.68,1166.3775365191452,14.9
4.75237,0.0,18.1,0,0.713,0.8947305631823056,86.5,2.4358,24,666,20.2,50.92,1124.82180521149,14.1
4.66883,0.0,18.1,0,0.713,0.8562634687158588,87.9,2.5806,24,666,20.2,10.48,1187.7523590515934,12.7
8.20058,0.0,18.1,0,0.713,0.7380918887913849,80.3,2.7792,24,666,20.2,3.5,1036.9962868729524,13.5
7.75223,0.0,18.1,0,0.713,0.7925761261792618,83.7,2.7831,24,666,20.2,272.21,1006.4108759972598,14.9
6.80117,0.0,18.1,0,0.713,0.9182589669663896,84.4,2.7175,24,666,20.2,396.9,915.0954698861925,20.0
4.81213,0.0,18.1,0,0.713,0.6735094906259531,90.0,2.5975,24,666,20.2,255.23,1021.6896571919832,16.4
3.69311,0.0,18.1,0,0.713,1.048731500494418,88.4,2.5671,24,666,20.2,391.43,918.9996402261494,17.7
6.65492,0.0,18.1,0,0.713,0.8382627733258391,83.0,2.7344,24,666,20.2,396.9,865.1700298837051,19.5
5.82115,0.0,18.1,0,0.713,0.9860135092895357,89.9,2.8016,24,666,20.2,393.82,641.485642159268,20.2
7.83932,0.0,18.1,0,0.655,0.7594059880837364,65.4,2.9634,24,666,20.2,396.9,818.0097463928629,21.4
3.1636,0.0,18.1,0,0.655,0.9020253598544049,48.2,3.0665,24,666,20.2,334.4,889.6002213306557,19.9
3.77498,0.0,18.1,0,0.655,0.6796895865743137,84.7,2.8715,24,666,20.2,22.01,1074.9309140581988,19.0
4.42228,0.0,18.1,0,0.584,0.9887420712149791,94.5,2.5403,24,666,20.2,331.29,1347.3124942591423,19.1
15.5757,0.0,18.1,0,0.58,0.8351090427258623,71.0,2.9084,24,666,20.2,368.74,1128.612180973712,19.1
13.0751,0.0,18.1,0,0.58,0.5731503273039757,56.7,2.8237,24,666,20.2,396.9,916.2335897471602,20.1
4.34879,0.0,18.1,0,0.58,0.988369377873197,84.0,3.0334,24,666,20.2,396.9,1018.8113461601777,19.9
4.03841,0.0,18.1,0,0.532,0.8639009306337735,90.7,3.0993,24,666,20.2,395.33,810.530946801681,19.6
3.56868,0.0,18.1,0,0.58,0.7756756458322988,75.0,2.8965,24,666,20.2,393.37,898.2719551116373,23.2
4.64689,0.0,18.1,0,0.614,0.9410872829533493,67.6,2.5329,24,666,20.2,374.68,733.0214105292202,29.8
8.05579,0.0,18.1,0,0.584,0.9637358857280337,95.4,2.4298,24,666,20.2,352.58,1126.1161242227656,13.8
6.39312,0.0,18.1,0,0.584,0.9676113399822821,97.4,2.206,24,666,20.2,302.76,1505.8599230680952,13.3
4.87141,0.0,18.1,0,0.614,1.1391315043495323,93.6,2.3053,24,666,20.2,396.21,1168.0977815692027,16.7
15.0234,0.0,18.1,0,0.614,0.6618794194910129,97.3,2.1007,24,666,20.2,349.48,1562.7342954987528,12.0
10.233,0.0,18.1,0,0.614,1.2154087014502954,96.7,2.1705,24,666,20.2,379.7,1097.340939507767,14.6
14.3337,0.0,18.1,0,0.614,0.7864447402467352,88.0,1.9512,24,666,20.2,383.32,823.475224424133,21.4
5.82401,0.0,18.1,0,0.532,0.6173659219058094,64.7,3.4242,24,666,20.2,396.9,672.8420803478037,23.0
5.70818,0.0,18.1,0,0.532,0.933732273905781,74.9,3.3317,24,666,20.2,393.07,474.66816878596796,23.7
5.73116,0.0,18.1,0,0.532,1.1734646673505897,77.0,3.4106,24,666,20.2,395.28,422.9682695003173,25.0
2.81838,0.0,18.1,0,0.532,1.1578576154867715,40.3,4.0983,24,666,20.2,392.92,649.0671775934927,21.8
2.37857,0.0,18.1,0,0.583,0.6887572333629097,41.9,3.724,24,666,20.2,370.73,832.0308054428926,20.6
3.67367,0.0,18.1,0,0.583,0.8887598159312706,51.9,3.9917,24,666,20.2,388.62,650.4097128922416,21.2
5.69175,0.0,18.1,0,0.583,0.876838766562988,79.8,3.5459,24,666,20.2,392.68,923.6887353187713,19.1
4.83567,0.0,18.1,0,0.583,0.9249582324862774,53.2,3.1523,24,666,20.2,388.22,719.3596494916811,20.6
0.15086,0.0,27.74,0,0.609,0.6900989710499466,92.7,1.8209,4,711,20.1,395.09,1133.6632606471542,15.2
0.18337,0.0,27.74,0,0.609,0.7041979636557724,98.3,1.7554,4,711,20.1,344.05,1488.5006244833837,7.0
0.20746,0.0,27.74,0,0.609,0.6736333857471035,98.0,1.8226,4,711,20.1,318.43,1859.2391005187455,8.1
0.10574,0.0,27.74,0,0.609,0.9384710795961422,98.8,1.8681,4,711,20.1,390.11,1126.9488957999197,13.6
0.11132,0.0,27.74,0,0.609,0.6303161565375973,83.5,2.1099,4,711,20.1,396.9,829.5866360615253,20.1
0.17331,0.0,9.69,0,0.585,0.790922221468817,54.0,2.3817,6,391,19.2,396.9,742.9455082496353,21.8
0.27957,0.0,9.69,0,0.585,0.8719980749679276,42.6,2.3817,6,391,19.2,396.9,830.8293918641363,24.5
0.17899,0.0,9.69,0,0.585,0.7588478849120034,28.8,2.7986,6,391,19.2,393.29,1093.6136832281024,23.1
0.2896,0.0,9.69,0,0.585,0.5662828871031189,72.9,2.7986,6,391,19.2,396.9,1312.9563669029246,19.7
0.26838,0.0,9.69,0,0.585,0.75851320044554,70.6,2.8927,6,391,19.2,396.9,880.6627556241082,18.3
0.23912,0.0,9.69,0,0.585,0.7028497431844464,65.3,2.4091,6,391,19.2,396.9,798.8322398267695,21.2
0.17783,0.0,9.69,0,0.585,0.5378964172724844,73.5,2.3999,6,391,19.2,395.77,923.8148885392784,17.5
0.22438,0.0,9.69,0,0.585,0.8501206572382671,79.7,2.4982,6,391,19.2,396.9,888.5807481494204,16.8
0.06263,0.0,11.93,0,0.573,0.8294686702648113,69.1,2.4786,1,273,21.0,391.99,600.8386840439479,22.4
0.04527,0.0,11.93,0,0.573,0.8395392423452298,76.7,2.2875,1,273,21.0,396.9,552.3194314282094,20.6
0.06076,0.0,11.93,0,0.573,1.2686985244044324,91.0,2.1675,1,273,21.0,396.9,346.2268729235423,23.9
0.10959,0.0,11.93,0,0.573,0.9272259057047836,89.3,2.3889,1,273,21.0,393.45,398.8431499113909,22.0
0.04741,0.0,11.93,0,0.573,0.9679717926922116,80.8,2.505,1,273,21.0,396.9,495.51531927241217,11.9
