CRIM,ZN,INDUS,CHAS,NOX,RM,AGE,DIS,RAD,TAX,PTRATIO,B,LSTAT,MEDV
0.00632,18.0,2.31,0,0.538,2.7650156646724176,65.2,4.09,1,296,15.3,396.9,19.36574361400562,24.0
0.02731,0.0,7.07,0,0.469,2.501766372121722,78.9,4.9671,2,242,17.8,396.9,36.75819010403215,21.6
0.02729,0.0,7.07,0,0.469,2.8090029015935123,61.1,4.9671,2,242,17.8,392.83,16.32309545243346,34.7
0.03237,0.0,2.18,0,0.458,2.771312896211792,45.8,6.0622,3,222,18.7,394.63,11.978079381310272,33.4
0.06905,0.0,2.18,0,0.458,2.8566751575647067,54.2,6.0622,3,222,18.7,396.9,21.575017547530983,36.2
0.02985,0.0,2.18,0,0.458,2.570824927150386,58.7,6.0622,3,222,18.7,394.12,20.852358205757866,28.7
0.08829,12.5,7.87,0,0.524,2.4089538890166953,66.6,5.5605,5,311,15.2,395.6,49.942708230419015,22.9
0.14455,12.5,7.87,0,0.524,2.5376455777308897,96.1,5.9505,5,311,15.2,396.9,77.1314714143978,27.1
0.21124,12.5,7.87,0,0.524,2.1953730039166888,100.0,6.0821,5,311,15.2,386.63,120.64495585319521,16.5
0.17004,12.5,7.87,0,0.524,2.365350645921992,85.9,6.5921,5,311,15.2,386.71,68.32430927545562,18.9
0.22489,12.5,7.87,0,0.524,2.7711472406156608,94.3,6.3467,5,311,15.2,392.52,81.39283512498267,15.0
0.11747,12.5,7.87,0,0.524,2.2505583380008676,82.9,6.2267,5,311,15.2,396.9,52.37554578126305,18.9
0.09378,12.5,7.87,0,0.524,2.2835348783328864,39.0,5.4509,5,311,15.2,390.5,62.97430897511419,21.7
0.62976,0.0,8.14,0,0.538,2.3082654211953044,61.8,4.7075,4,307,21.0,396.9,32.95845773260714,20.4
0.63796,0.0,8.14,0,0.538,2.448511554996761,84.5,4.4619,4,307,21.0,380.02,41.83948744480654,18.2
0.62739,0.0,8.14,0,0.538,2.4329479693765497,56.5,4.4986,4,307,21.0,395.62,33.23356117002158,19.9
1.05393,0.0,8.14,0,0.538,2.443679207106718,29.3,4.4986,4,307,21.0,386.85,26.062596637037302,23.1
0.7842,0.0,8.14,0,0.538,2.3087621326635044,81.7,4.2579,4,307,21.0,386.75,58.233305945264284,17.5
0.80271,0.0,8.14,0,0.538,2.1944284518027684,36.6,3.7965,4,307,21.0,288.99,46.85579531037467,20.2
0.7258,0.0,8.14,0,0.538,2.0808205360762058,69.5,3.7965,4,307,21.0,390.95,45.024390653826394,18.2
1.25179,0.0,8.14,0,0.538,2.2021144561428203,98.1,3.7979,4,307,21.0,376.57,83.65933088501286,13.6
0.85204,0.0,8.14,0,0.538,2.3092785929903177,89.2,4.0123,4,307,21.0,392.53,55.02597659364636,19.6
1.23247,0.0,8.14,0,0.538,2.5266340188235166,91.7,3.9769,4,307,21.0,396.9,75.37647958281308,15.2
0.98843,0.0,8.14,0,0.538,2.3097823985874752,100.0,4.0952,4,307,21.0,394.54,80.1484606345055,14.5
0.75026,0.0,8.14,0,0.538,2.305392929447342,94.1,4.3996,4,307,21.0,394.33,65.50221063969585,15.6
0.84054,0.0,8.14,0,0.538,2.2631114310472435,85.7,4.4546,4,307,21.0,303.42,66.37350940304697,13.9
0.67191,0.0,8.14,0,0.538,2.139658142250658,90.3,4.682,4,307,21.0,376.88,59.55326915658401,16.6
0.95577,0.0,8.14,0,0.538,2.5187301240817055,88.8,4.4534,4,307,21.0,306.38,68.83473697974863,14.8
0.77299,0.0,8.14,0,0.538,2.5195704059837865,94.4,4.4547,4,307,21.0,387.94,51.193850588984105,18.4
1.00245,0.0,8.14,0,0.538,2.655644420084331,87.3,4.239,4,307,21.0,380.23,47.43375158569389,21.0
1.13081,0.0,8.14,0,0.538,2.2993609715690293,94.1,4.233,4,307,21.0,360.17,90.73928715022534,12.7
1.35472,0.0,8.14,0,0.538,2.6026843794744186,100.0,4.175,4,307,21.0,376.73,51.88405119256318,14.5
1.38799,0.0,8.14,0,0.538,2.4703313061712717,82.0,3.99,4,307,21.0,232.6,110.57492672456334,13.2
1.15172,0.0,8.14,0,0.538,2.2867526410337593,95.0,3.7872,4,307,21.0,358.77,73.58265305892714,13.1
1.61282,0.0,8.14,0,0.538,2.3616046790146212,96.9,3.7598,4,307,21.0,248.31,81.54756843715796,13.5
0.06417,0.0,5.96,0,0.499,2.5232824013127706,68.2,3.3603,5,279,19.2,396.9,38.558376200462725,18.9
0.09744,0.0,5.96,0,0.499,2.5050982047801793,61.4,3.3779,5,279,19.2,377.56,45.106833880148116,20.0
0.08014,0.0,5.96,0,0.499,2.256355822161323,41.5,3.9342,5,279,19.2,396.9,34.712538077345314,21.0
0.17505,0.0,5.96,0,0.499,2.4344664775108624,30.2,3.8473,5,279,19.2,393.43,40.19885717664944,24.7
0.02763,75.0,2.95,0,0.428,2.5602452170805923,21.8,5.4011,3,252,18.3,395.63,17.36546265221849,30.8
0.03359,75.0,2.95,0,0.428,2.877168638658396,15.8,5.4011,3,252,18.3,395.62,8.229444698101856,34.9
0.12744,0.0,6.91,0,0.448,2.685812670992085,2.9,5.7209,3,233,17.9,385.41,19.215579527638855,26.6
0.1415,0.0,6.91,0,0.448,2.2980518747043295,6.6,5.7209,3,233,17.9,383.37,23.48368936474586,25.3
0.15936,0.0,6.91,0,0.448,2.6545064060721164,6.5,5.7209,3,233,17.9,394.46,28.727368140885254,24.7
0.12269,0.0,6.91,0,0.448,2.3127254347065294,40.0,5.7209,3,233,17.9,389.39,38.18171383033044,21.2
0.17142,0.0,6.91,0,0.448,2.2457315233486432,33.8,5.1004,3,233,17.9,396.9,40.72691994307709,19.3
0.18836,0.0,6.91,0,0.448,2.1947287778989213,33.3,5.1004,3,233,17.9,396.9,55.70501026143601,20.0
0.22927,0.0,6.91,0,0.448,2.345474565690209,85.5,5.6894,3,233,17.9,392.74,75.68040123442634,16.6
0.25387,0.0,6.91,0,0.448,2.2416195639801084,95.3,5.87,3,233,17.9,396.9,123.29207999736822,14.4
0.21977,0.0,6.91,0,0.448,2.2032600895989933,62.0,6.0877,3,233,17.9,396.9,65.64762125433793,19.4
0.08873,21.0,5.64,0,0.439,2.3666036819005574,45.7,6.8147,4,243,16.8,395.56,54.125363691901896,19.7
0.04337,21.0,5.64,0,0.439,2.4338548608232076,63.0,6.8147,4,243,16.8,393.97,37.60824725185361,20.5
0.0536,21.0,5.64,0,0.439,2.627453372712678,21.1,6.8147,4,243,16.8,396.9,19.94453963808113,25.0
0.04981,21.0,5.64,0,0.439,2.299866070055992,21.4,6.8147,4,243,16.8,396.9,33.16413388459893,23.4
0.0136,75.0,4.0,0,0.41,2.3071197713135625,47.6,7.3197,3,469,21.1,396.9,59.621746321631505,18.9
0.01311,90.0,1.22,0,0.403,2.7960296713598347,21.9,8.6966,5,226,17.9,395.93,20.10396607621305,35.4
0.02055,85.0,0.74,0,0.41,2.6282859756147188,35.7,9.1876,2,313,17.3,396.9,23.229295484533935,24.7
0.01432,100.0,1.32,0,0.411,2.701842272053752,40.5,8.3248,5,256,15.1,392.9,15.35304811489974,31.6
0.15445,25.0,5.13,0,0.453,2.5090730946191577,29.2,7.8148,8,284,19.7,390.68,27.779278072142215,23.3
0.10328,25.0,5.13,0,0.453,2.3540504295358224,47.2,6.932,8,284,19.7,396.9,36.71040287045492,19.6
0.14932,25.0,5.13,0,0.453,2.2270952023144313,66.2,7.2254,8,284,19.7,395.11,51.93636030258803,18.7
0.17171,25.0,5.13,0,0.453,2.3429271507825766,93.4,6.8185,8,284,19.7,378.08,58.13880834034493,16.0
0.11027,25.0,5.13,0,0.453,2.4692767645464366,67.8,7.2255,8,284,19.7,396.9,26.363750929623375,22.2
0.1265,25.0,5.13,0,0.453,2.757622914876553,43.4,7.9809,8,284,19.7,395.58,37.83765351934314,25.0
0.01951,17.5,1.38,0,0.4161,3.0504365302937355,59.5,9.2229,3,216,18.6,393.24,31.707895870091622,33.0
0.03584,80.0,3.37,0,0.398,2.3726890229883115,17.8,6.6115,4,337,16.1,396.9,19.115522935518808,23.5
0.04379,80.0,3.37,0,0.398,2.1892111284310922,31.1,6.6115,4,337,16.1,396.9,40.828384729161655,19.4
0.05789,12.5,6.07,0,0.409,2.4151828771878177,21.4,6.498,4,345,18.9,396.21,32.23220415090492,22.0
0.13554,12.5,6.07,0,0.409,2.1065631824345905,36.8,6.498,4,345,18.9,396.9,52.372499251520445,17.4
0.12816,12.5,6.07,0,0.409,2.434111690605685,33.0,6.498,4,345,18.9,396.9,35.639272906307234,20.9
0.08826,0.0,10.81,0,0.413,2.756649697913212,6.6,5.2873,4,305,19.2,383.73,26.54421824162043,24.2
0.15876,0.0,10.81,0,0.413,2.362623431531888,17.5,5.2873,4,305,19.2,376.94,39.98040487097078,21.7
0.09164,0.0,10.81,0,0.413,2.1493278313024873,7.8,5.2873,4,305,19.2,390.91,21.64900851913576,22.8
0.19539,0.0,10.81,0,0.413,2.5885381314281584,6.2,5.2873,4,305,19.2,377.17,30.68840959637744,23.4
0.07896,0.0,12.83,0,0.437,2.46172516281653,6.0,4.2515,5,398,18.7,394.92,26.62668034273774,24.1
0.09512,0.0,12.83,0,0.437,2.6032939424545263,45.0,4.5026,5,398,18.7,383.23,35.43203050679304,21.4
0.10153,0.0,12.83,0,0.437,2.67078082741192,74.5,4.0522,5,398,18.7,373.66,48.656263509246244,20.0
0.08707,0.0,12.83,0,0.437,2.5147688355782045,45.8,4.0905,5,398,18.7,386.96,41.54027299524421,20.8
0.05646,0.0,12.83,0,0.437,2.4729350507475987,53.7,5.0141,5,398,18.7,386.4,49.482493590348426,21.2
0.08387,0.0,12.83,0,0.437,2.400479524651875,36.6,4.5026,5,398,18.7,396.06,36.39588880824253,20.3
0.04113,25.0,4.86,0,0.426,2.779838705235182,33.5,5.4007,4,281,19.0,396.9,22.213858112290055,28.0
0.04462,25.0,4.86,0,0.426,2.6441093852754545,70.4,5.4007,4,281,19.0,395.63,28.855566124938274,23.9
0.03659,25.0,4.86,0,0.426,2.5628561324711927,32.2,5.4007,4,281,19.0,396.9,26.81555253144081,24.8
0.03551,25.0,4.86,0,0.426,2.5030603809303926,46.7,5.4007,4,281,19.0,390.64,29.544588920316052,22.9
0.05059,0.0,4.49,0,0.449,2.7349725600490276,48.0,4.7794,3,247,18.5,396.9,38.10628276012709,23.9
0.05735,0.0,4.49,0,0.449,2.7254353810848038,56.1,4.4377,3,247,18.5,392.3,25.84951591759313,26.6
0.05188,0.0,4.49,0,0.449,2.473904442844873,45.1,4.4272,3,247,18.5,395.99,50.92059862613028,22.5
0.07151,0.0,4.49,0,0.449,2.4367212464976835,56.8,3.7476,3,247,18.5,395.15,34.27076149500114,22.2
0.0566,0.0,3.41,0,0.489,2.7725348178502234,86.3,3.4217,2,270,17.8,396.9,22.236420745917098,23.6
0.05302,0.0,3.41,0,0.489,2.882868733516848,63.1,3.4145,2,270,17.8,396.06,22.68441088657129,28.7
0.04684,0.0,3.41,0,0.489,2.696747941483995,66.1,3.0923,2,270,17.8,392.18,35.04703524385943,22.6
0.03932,0.0,3.41,0,0.489,2.617585196685565,73.9,3.0921,2,270,17.8,393.55,33.57720093763941,22.0
0.04203,28.0,15.04,0,0.464,2.5799673661148987,53.6,3.6659,4,270,18.2,395.01,32.44666071374564,22.9
0.02875,28.0,15.04,0,0.464,2.5139990275609505,28.9,3.6659,4,270,18.2,396.33,25.603383070059863,25.0
0.04294,28.0,15.04,0,0.464,2.553370385789339,77.3,3.615,4,270,18.2,396.9,42.04259566974057,20.6
0.12204,0.0,2.89,0,0.445,2.668393088081328,57.8,3.4952,2,276,18.0,357.98,26.469993806735122,28.4
0.11504,0.0,2.89,0,0.445,2.517115913592512,69.6,3.4952,2,276,18.0,391.83,45.996264534096305,21.4
0.12083,0.0,2.89,0,0.445,3.0768104021505045,76.0,3.4952,2,276,18.0,396.9,16.788092107003084,38.7
0.08187,0.0,2.89,0,0.445,3.0914905834999176,36.9,3.4952,2,276,18.0,393.53,14.748262228686134,43.8
0.0686,0.0,2.89,0,0.445,3.1111852106529647,62.5,3.4952,2,276,18.0,396.9,24.607679064797633,33.2
0.14866,0.0,8.56,0,0.52,2.7258772512515357,79.9,2.7778,5,384,20.9,394.76,37.99278293467697,27.5
0.11432,0.0,8.56,0,0.52,2.6580768373208308,71.3,2.8561,5,384,20.9,395.58,31.15690640292209,26.5
0.22876,0.0,8.56,0,0.52,2.630121325367292,85.4,2.7147,5,384,20.9,70.8,43.612805587440796,18.6
0.21161,0.0,8.56,0,0.52,2.3445629624924655,87.4,2.7147,5,384,20.9,394.47,53.981582388937866,19.3
0.1396,0.0,8.56,0,0.52,2.5894574042524923,90.0,2.421,5,384,20.9,392.69,49.521335427955826,20.1
0.13262,0.0,8.56,0,0.52,2.2119382134214476,96.7,2.1069,5,384,20.9,394.05,66.0945523526797,19.5
0.1712,0.0,8.56,0,0.52,2.3869058914819052,91.9,2.211,5,384,20.9,395.67,74.73565367644414,19.5
0.13117,0.0,8.56,0,0.52,2.1426418880196656,85.2,2.1224,5,384,20.9,387.69,56.36981322239095,20.4
0.12802,0.0,8.56,0,0.52,2.7608202300507547,97.1,2.4329,5,384,20.9,395.24,49.31373759971469,19.8
0.26363,0.0,8.56,0,0.52,2.451506031093221,91.2,2.5451,5,384,20.9,391.23,62.63543055444065,19.4
0.10793,0.0,8.56,0,0.52,2.214139572355369,54.4,2.7778,5,384,20.9,393.49,51.2711490159365,21.7
0.10084,0.0,10.01,0,0.547,2.64010419317142,81.6,2.6775,6,432,17.8,395.59,41.24937104258685,22.8
0.12329,0.0,10.01,0,0.547,2.3423873649319726,92.9,2.3534,6,432,17.8,394.95,65.38617875084286,18.8
0.22212,0.0,10.01,0,0.547,2.2524557144071347,95.4,2.548,6,432,17.8,396.9,68.52401651849165,18.7
0.14231,0.0,10.01,0,0.547,2.5550839092795288,84.2,2.2565,6,432,17.8,388.74,41.39117189170581,18.5
0.17134,0.0,10.01,0,0.547,2.5013378982964336,88.2,2.4631,6,432,17.8,344.91,62.952066399915346,18.3
0.13158,0.0,10.01,0,0.547,2.2826677252046745,72.5,2.7301,6,432,17.8,393.3,47.93064160687979,21.2
0.15098,0.0,10.01,0,0.547,2.455059458796629,82.6,2.7474,6,432,17.8,394.51,41.61540140287744,19.2
0.13058,0.0,10.01,0,0.547,2.3760002684002446,73.1,2.4775,6,432,17.8,338.63,61.250762414895064,20.4
0.14476,0.0,10.01,0,0.547,2.2440941847214346,65.2,2.7592,6,432,17.8,391.5,53.643846107709614,19.3
0.06899,0.0,25.65,0,0.581,2.284971986364915,69.7,2.2577,2,188,19.1,389.15,56.71345948530888,22.0
0.07165,0.0,25.65,0,0.581,2.39310047178369,84.1,2.1974,2,188,19.1,377.67,56.63725004050743,20.3
0.09299,0.0,25.65,0,0.581,2.384484800309031,92.9,2.0869,2,188,19.1,378.09,72.09479389100218,20.5
0.15038,0.0,25.65,0,0.581,2.448429557647669,97.0,1.9444,2,188,19.1,370.31,102.48371968734703,17.3
0.09849,0.0,25.65,0,0.581,2.4265329698728233,95.8,2.0063,2,188,19.1,379.38,69.85273714667525,18.8
0.16902,0.0,25.65,0,0.581,2.3573464847959857,88.4,1.9929,2,188,19.1,385.02,59.18540224017688,21.4
0.38735,0.0,25.65,0,0.581,2.4773626953680314,95.6,1.7572,2,188,19.1,359.29,109.22233194368397,15.7
0.25915,0.0,21.89,0,0.624,2.3831261713801632,96.0,1.7883,4,437,21.2,392.11,67.95148522650913,16.2
0.32543,0.0,21.89,0,0.624,2.6005968404243434,98.8,1.8125,4,437,21.2,396.9,62.156690087027606,18.0
0.88125,0.0,21.89,0,0.624,2.1995529801969567,94.7,1.9799,4,437,21.2,396.9,73.49600913354196,14.3
0.34006,0.0,21.89,0,0.624,2.5641330360000096,98.9,2.1185,4,437,21.2,395.04,50.85897085480195,19.2
1.19294,0.0,21.89,0,0.624,2.5798651989418357,97.7,2.271,4,437,21.2,396.9,49.62250262978727,19.6
0.59005,0.0,21.89,0,0.624,2.4266436147287656,97.9,2.3274,4,437,21.2,385.76,43.773175200138056,23.0
0.32982,0.0,21.89,0,0.624,2.4298576938216687,95.4,2.4699,4,437,21.2,388.69,60.70077996920234,18.4
0.97617,0.0,21.89,0,0.624,2.0909998995470436,98.4,2.346,4,437,21.2,262.76,68.74222761338328,15.6
0.55778,0.0,21.89,0,0.624,2.5109464660457057,98.2,2.1107,4,437,21.2,394.67,67.956458343904,18.1
0.32264,0.0,21.89,0,0.624,2.3744988503858546,93.5,1.9669,4,437,21.2,378.25,67.18625297813641,17.4
0.35233,0.0,21.89,0,0.624,2.5777617542769544,98.4,1.8498,4,437,21.2,394.08,58.38009997175314,17.1
0.2498,0.0,21.89,0,0.624,2.357516470705296,98.2,1.6686,4,437,21.2,392.04,84.96824781993831,13.3
0.54452,0.0,21.89,0,0.624,2.551629177375076,97.9,1.6687,4,437,21.2,396.9,73.44248813873956,17.8
0.2909,0.0,21.89,0,0.624,2.3502081389791134,93.6,1.6119,4,437,21.2,388.08,96.54353525356619,14.0
1.62864,0.0,21.89,0,0.624,1.9840769824672482,100.0,1.4394,4,437,21.2,396.9,137.80797331171266,14.4
3.32105,0.0,19.58,1,0.871,2.3707795245293646,100.0,1.3216,5,403,14.7,396.9,107.35358684797197,13.4
4.0974,0.0,19.58,0,0.871,2.4224207758832614,100.0,1.4118,5,403,14.7,396.9,106.17566352736895,15.6
2.77974,0.0,19.58,0,0.871,1.9404863086648705,97.8,1.3459,5,403,14.7,396.9,116.38190486177547,11.8
2.37934,0.0,19.58,0,0.871,2.5665426569545335,100.0,1.4191,5,403,14.7,172.91,110.61104397769743,13.8
2.15505,0.0,19.58,0,0.871,2.339114778978843,100.0,1.5166,5,403,14.7,169.27,66.91784236069181,15.6
2.36862,0.0,19.58,0,0.871,1.95204912838452,95.7,1.4608,5,403,14.7,391.71,117.8290511015313,14.6
2.33099,0.0,19.58,0,0.871,2.167231177852776,93.8,1.5296,5,403,14.7,356.99,113.87114930230723,17.8
2.73397,0.0,19.58,0,0.871,2.1228420151712735,94.9,1.5257,5,403,14.7,351.85,85.81802104765687,15.4
1.6566,0.0,19.58,0,0.871,2.601027573149324,97.3,1.618,5,403,14.7,372.8,55.48593446744234,21.5
1.49632,0.0,19.58,0,0.871,2.285227201191854,100.0,1.5916,5,403,14.7,341.6,53.660794988589416,19.6
1.12658,0.0,19.58,1,0.871,1.9872304306856943,88.0,1.6102,5,403,14.7,343.28,48.23731136305205,15.3
2.14918,0.0,19.58,0,0.871,2.3503975988381205,98.5,1.6232,5,403,14.7,261.95,63.31020524126801,19.4
1.41385,0.0,19.58,1,0.871,2.523793817442478,96.0,1.7494,5,403,14.7,321.02,60.33205710537632,17.0
3.53501,0.0,19.58,1,0.871,2.4721537562820477,82.6,1.7455,5,403,14.7,88.01,59.835969121340256,15.6
2.44668,0.0,19.58,0,0.871,1.9515977950123427,94.0,1.7364,5,403,14.7,88.63,64.13954500126317,13.1
1.22358,0.0,19.58,0,0.605,2.89063875565786,97.4,1.8773,5,403,14.7,363.43,18.963426630469208,41.3
1.34284,0.0,19.58,0,0.605,2.418724850012438,100.0,1.7573,5,403,14.7,353.89,25.924123413699565,24.3
1.42502,0.0,19.58,0,0.871,2.4411243398527174,100.0,1.7659,5,403,14.7,364.31,30.09633819886531,23.3
1.27346,0.0,19.58,1,0.605,2.6223744070443358,92.6,1.7984,5,403,14.7,338.92,21.924103948796187,27.0
1.46336,0.0,19.58,0,0.605,3.1202582049435215,90.8,1.9709,5,403,14.7,374.43,6.730466405268602,50.0
1.83377,0.0,19.58,1,0.605,3.135606976621716,98.2,2.0407,5,403,14.7,389.61,7.548790872508312,50.0
1.51902,0.0,19.58,1,0.605,3.2825758498008097,93.9,2.162,5,403,14.7,388.45,13.801037303477004,50.0
2.24236,0.0,19.58,0,0.605,2.404580342117152,91.8,2.422,5,403,14.7,395.11,47.143665352991526,22.7
2.924,0.0,19.58,0,0.605,2.3531477882734113,93.0,2.2834,5,403,14.7,240.16,39.40081426515096,25.0
2.01019,0.0,19.58,0,0.605,3.2662090912852446,96.2,2.0459,5,403,14.7,369.3,15.58076885099956,50.0
1.80028,0.0,19.58,0,0.605,2.2988383889778605,79.2,2.4259,5,403,14.7,227.61,47.98709845115606,23.8
2.3004,0.0,19.58,0,0.605,2.3792568796848257,96.1,2.1,5,403,14.7,297.09,44.34426986007968,23.8
2.44953,0.0,19.58,0,0.605,2.4553035988678777,95.2,2.2625,5,403,14.7,330.04,44.223849107171766,22.3
1.20742,0.0,19.58,0,0.605,2.3503955857240655,94.6,2.4259,5,403,14.7,292.29,57.84727253237626,17.4
2.3139,0.0,19.58,0,0.605,2.460511029687459,97.3,2.3887,5,403,14.7,348.13,48.31299925064015,19.1
0.13914,0.0,4.05,0,0.51,2.407773682438777,88.5,2.5961,5,296,16.6,396.9,58.690448952976325,23.1
0.09178,0.0,4.05,0,0.51,2.51206736936506,84.1,2.6463,5,296,16.6,395.5,35.43274927140976,23.6
0.08447,0.0,4.05,0,0.51,2.3499895409457485,68.7,2.7019,5,296,16.6,393.23,38.7344458074913,22.6
0.06664,0.0,4.05,0,0.51,2.5075232460152996,33.1,3.1323,5,296,16.6,390.96,21.591715481306338,29.4
0.07022,0.0,4.05,0,0.51,2.2508004054265918,47.2,3.5549,5,296,16.6,393.23,40.42080887636728,23.2
0.05425,0.0,4.05,0,0.51,2.3136740665362754,73.4,3.3175,5,296,16.6,395.6,24.46373671153943,24.6
0.06642,0.0,4.05,0,0.51,2.8414480909247932,74.4,2.9153,5,296,16.6,391.27,27.056265261603112,29.9
0.0578,0.0,2.46,0,0.488,2.9026664604304853,58.4,2.829,3,193,17.8,396.9,19.6498926393184,37.2
0.06588,0.0,2.46,0,0.488,3.3021341525137906,83.3,2.741,3,193,17.8,395.56,30.20784003025156,39.8
0.06888,0.0,2.46,0,0.488,2.4730837297520947,62.2,2.5979,3,193,17.8,396.9,38.44584683736763,36.2
0.09103,0.0,2.46,0,0.488,2.9234013167463795,92.2,2.7006,3,193,17.8,394.12,19.44823634511155,37.9
0.10008,0.0,2.46,0,0.488,2.4533817828620457,95.6,2.847,3,193,17.8,396.9,22.817480824057,32.5
0.08308,0.0,2.46,0,0.488,2.184457592111676,89.8,2.9879,3,193,17.8,391.0,55.45815095177441,26.4
0.06047,0.0,2.46,0,0.488,2.3656235784248945,68.8,3.2797,3,193,17.8,387.11,53.25600722249922,29.6
0.05602,0.0,2.46,0,0.488,3.028485867725004,53.6,3.1992,3,193,17.8,392.63,18.44072494055046,50.0
0.07875,45.0,3.44,0,0.437,2.8284340389638367,41.1,3.7886,5,398,15.2,393.87,26.669906298297036,32.0
0.12579,45.0,3.44,0,0.437,2.4450939835636474,29.1,4.5667,5,398,15.2,382.84,18.046352556838478,29.8
0.0837,45.0,3.44,0,0.437,2.907669204365271,38.9,4.5667,5,398,15.2,396.9,21.101729513070808,34.9
0.09068,45.0,3.44,0,0.437,2.773124288202706,21.5,6.4798,5,398,15.2,377.68,20.91208455377719,37.0
0.06911,45.0,3.44,0,0.437,2.842374542898297,30.8,6.4798,5,398,15.2,389.71,18.29032949274613,30.5
0.08664,45.0,3.44,0,0.437,3.0034007846444553,26.3,6.4798,5,398,15.2,390.49,11.66664082170567,36.4
0.02187,60.0,2.93,0,0.401,2.843126699573862,9.9,6.2196,1,265,15.6,393.37,20.630329438921986,31.1
0.01439,60.0,2.93,0,0.401,2.7100853062986205,18.8,6.2196,1,265,15.6,376.7,17.195212786556908,29.1
0.01381,80.0,0.46,0,0.422,3.0819244278056477,32.0,5.6484,4,255,14.4,394.23,12.257282860901672,50.0
0.04011,80.0,1.52,0,0.404,2.8412511599321135,34.1,7.309,2,329,12.6,396.9,16.712380504997405,33.3
0.04666,80.0,1.52,0,0.404,2.8401883636510292,36.6,7.309,2,329,12.6,354.31,34.32167207090346,30.3
0.03768,80.0,1.52,0,0.404,2.9287382463867337,38.3,7.309,2,329,12.6,392.2,26.399021999075316,34.6
0.0315,95.0,1.47,0,0.403,2.742703040425357,15.3,7.6534,3,402,17.0,396.9,18.429666145184562,34.9
0.01778,95.0,1.47,0,0.403,2.8551134318841136,13.9,7.6534,3,402,17.0,384.3,17.52077423204351,32.9
0.03445,82.5,2.03,0,0.415,2.5411787476372574,38.4,6.27,2,348,14.7,393.77,29.119605923213932,24.1
0.02177,82.5,2.03,0,0.415,2.9473694128997794,15.7,6.27,2,348,14.7,395.38,12.249569773991746,42.3
0.0351,95.0,2.68,0,0.4161,3.1192110249907254,33.2,5.118,4,224,14.7,392.78,15.82790517841997,48.5
0.02009,95.0,2.68,0,0.4161,3.299553334100838,31.9,5.118,4,224,14.7,390.55,11.843102365924796,50.0
0.13642,0.0,10.59,0,0.489,2.3435780894281586,22.3,3.9454,4,277,18.6,396.9,43.72301048203993,22.6
0.22969,0.0,10.59,0,0.489,2.628565699198766,52.5,4.3549,4,277,18.6,394.87,43.156384633017176,24.4
0.25199,0.0,10.59,0,0.489,2.4697966269234284,72.7,4.3549,4,277,18.6,389.43,72.32090705999532,22.5
0.13587,0.0,10.59,1,0.489,2.3560302850968102,59.1,4.2392,4,277,18.6,381.32,57.09064035934743,24.4
0.43571,0.0,10.59,1,0.489,2.1677843503097263,100.0,3.875,4,277,18.6,396.9,92.26975151887831,20.0
0.17446,0.0,10.59,1,0.489,2.3978059464182198,92.1,3.8771,4,277,18.6,393.25,69.17811350318485,21.7
0.37578,0.0,10.59,1,0.489,2.0478085882549473,88.6,3.665,4,277,18.6,395.24,95.8005012618981,19.3
0.21719,0.0,10.59,1,0.489,2.418360645690754,53.8,3.6526,4,277,18.6,390.94,63.597127652908824,22.4
0.14052,0.0,10.59,0,0.489,2.567420286750918,32.3,3.9454,4,277,18.6,385.81,37.22872874958037,28.1
0.28955,0.0,10.59,0,0.489,2.443543043960336,9.8,3.5875,4,277,18.6,348.93,117.57972149395361,23.7
0.19802,0.0,10.59,0,0.489,2.3687028025535612,42.4,3.9454,4,277,18.6,393.63,38.28529824946736,25.0
0.0456,0.0,13.89,1,0.55,2.4300600012468303,56.0,3.1121,5,276,16.4,392.8,54.41822770243097,23.3
0.07013,0.0,13.89,0,0.55,2.7212956577862206,85.1,3.4211,5,276,16.4,392.78,38.41186130716134,28.7
0.11069,0.0,13.89,1,0.55,2.2064392229076937,93.8,2.8893,5,276,16.4,396.9,71.94480351631329,21.5
0.11425,0.0,13.89,1,0.55,2.4948383983531985,92.4,3.3633,5,276,16.4,393.74,41.38503922189459,23.0
0.35809,0.0,6.2,1,0.507,2.9380121428162216,88.5,2.8617,8,307,17.4,391.7,38.41367830688293,26.7
0.40771,0.0,6.2,1,0.507,2.4759302239158614,91.3,3.048,8,307,17.4,395.24,86.15557914886415,21.7
0.62356,0.0,6.2,1,0.507,2.5105231431016484,77.7,3.2721,8,307,17.4,390.39,39.99147756881109,27.5
0.6147,0.0,6.2,0,0.507,2.5349842795793878,80.8,3.2721,8,307,17.4,396.9,30.74756803176615,30.1
0.31533,0.0,6.2,0,0.504,3.323937187962651,78.3,2.8944,8,307,17.4,385.05,17.575914907569874,44.8
0.52693,0.0,6.2,0,0.504,3.472329398506531,83.0,2.8944,8,307,17.4,382.0,17.96901078577728,50.0
0.38214,0.0,6.2,0,0.504,3.034343040015006,86.5,3.2157,8,307,17.4,387.38,12.262330342427989,37.6
0.41238,0.0,6.2,0,0.504,2.970500254704585,79.9,3.2157,8,307,17.4,372.08,25.040180807645896,31.6
0.29819,0.0,6.2,0,0.504,2.9510465290343317,17.0,3.3751,8,307,17.4,377.51,15.642179849682652,46.7
0.44178,0.0,6.2,0,0.504,2.541763782445939,21.4,3.3751,8,307,17.4,380.34,15.154604592233515,31.5
0.537,0.0,6.2,0,0.504,2.3751734935543194,68.1,3.6715,8,307,17.4,378.35,47.16116751417951,24.3
0.46296,0.0,6.2,0,0.504,2.7776939128351756,76.9,3.6715,8,307,17.4,376.14,20.38944531980849,31.7
0.57529,0.0,6.2,0,0.507,3.5123557579856337,73.3,3.8384,8,307,17.4,385.91,9.350470846353439,41.7
0.33147,0.0,6.2,0,0.507,3.17495331664853,70.4,3.6519,8,307,17.4,378.95,16.367828233357184,48.3
0.44791,0.0,6.2,1,0.507,2.740809239713666,66.5,3.6519,8,307,17.4,360.2,31.744755210932755,29.0
0.33045,0.0,6.2,0,0.507,2.292387479618479,61.5,3.6519,8,307,17.4,376.75,43.69898662204415,24.0
0.52058,0.0,6.2,1,0.507,2.732861370603603,76.5,4.148,8,307,17.4,388.45,39.08968950068983,25.1
0.51183,0.0,6.2,0,0.507,3.01195031414513,71.6,4.148,8,307,17.4,390.07,18.936452757909972,31.5
0.08244,30.0,4.93,0,0.428,2.8385836938524953,18.5,6.1899,6,300,16.6,379.41,25.414396230849828,23.7
0.09252,30.0,4.93,0,0.428,2.6218011569601622,42.2,6.1899,6,300,16.6,383.78,30.002300868787742,23.3
0.11329,30.0,4.93,0,0.428,2.8778885313401394,54.3,6.3361,6,300,16.6,391.25,45.23898584034831,22.0
0.10612,30.0,4.93,0,0.428,2.3102987689457994,65.1,6.3361,6,300,16.6,394.62,49.6633424842083,20.1
0.1029,30.0,4.93,0,0.428,2.6300002022909528,52.9,7.0355,6,300,16.6,372.75,44.36060404919287,22.2
0.12757,30.0,4.93,0,0.428,2.794619213829735,7.8,7.0355,6,300,16.6,374.71,21.126169355017126,23.7
0.20608,22.0,5.86,0,0.431,2.3590337379233204,76.5,7.9549,7,330,19.1,372.49,49.62815459446871,17.6
0.19133,22.0,5.86,0,0.431,2.2190760394813775,70.2,7.9549,7,330,19.1,389.13,73.75985303785656,18.5
0.33983,22.0,5.86,0,0.431,2.2702562351025217,34.9,8.0555,7,330,19.1,390.18,36.90576532202663,24.3
0.19657,22.0,5.86,0,0.431,2.4580045844833673,79.2,8.0555,7,330,19.1,376.14,40.15498825832751,20.5
0.16439,22.0,5.86,0,0.431,2.519451251673368,49.1,7.8265,7,330,19.1,374.71,38.07038542512289,24.5
0.19073,22.0,5.86,0,0.431,2.663334000637684,17.5,7.8265,7,330,19.1,393.74,27.809269921893826,26.2
0.1403,22.0,5.86,0,0.431,2.4800593862346823,13.0,7.3967,7,330,19.1,396.28,23.720819382520133,24.4
0.21409,22.0,5.86,0,0.431,2.488458474931451,8.9,7.3967,7,330,19.1,377.07,14.00224127465237,24.8
0.08221,22.0,5.86,0,0.431,2.878000300645254,6.8,8.9067,7,330,19.1,386.09,14.588683039378683,29.6
0.36894,22.0,5.86,0,0.431,3.242941770465327,8.4,8.9067,7,330,19.1,396.9,14.913666790143765,42.8
0.04819,80.0,3.64,0,0.392,2.3718566503834997,32.0,9.2203,1,315,16.4,392.89,25.631933432656915,21.9
0.03548,80.0,3.64,0,0.392,2.2834047200025003,19.1,9.2203,1,315,16.4,395.18,36.95845783272456,20.9
0.01538,90.0,3.75,0,0.394,2.755470530907139,34.2,6.3361,3,244,15.9,386.34,12.11027396440148,44.0
0.61154,20.0,3.97,0,0.647,3.5918962329319246,86.9,1.801,5,264,13.0,389.7,20.672860027465223,50.0
0.66351,20.0,3.97,0,0.647,2.9207672971829455,100.0,1.8946,5,264,13.0,383.29,30.588571814921607,36.0
0.65665,20.0,3.97,0,0.647,2.605593354172083,100.0,2.0107,5,264,13.0,391.93,28.006201641105143,30.1
0.54011,20.0,3.97,0,0.647,2.817329657049349,81.8,2.1121,5,264,13.0,392.8,38.21437633600195,33.8
0.53412,20.0,3.97,0,0.647,3.073002610342241,89.4,2.1398,5,264,13.0,388.37,28.83426875069536,43.1
0.52014,20.0,3.97,0,0.647,3.41510537887664,91.5,2.2885,5,264,13.0,386.86,23.558044389096604,48.8
0.82526,20.0,3.97,0,0.647,2.9169786948945666,94.5,2.0788,5,264,13.0,393.42,44.23788270823173,31.0
0.55007,20.0,3.97,0,0.647,2.747331232495122,91.6,1.9301,5,264,13.0,387.89,31.591974713239832,36.5
0.76162,20.0,3.97,0,0.647,2.2393656963789415,62.8,1.9865,5,264,13.0,392.4,41.38772540963905,22.8
0.7857,20.0,3.97,0,0.647,2.7564257199916686,84.6,2.1329,5,264,13.0,384.07,59.33783902678237,30.7
0.57834,20.0,3.97,0,0.575,3.623383917505456,67.0,2.4216,5,264,13.0,384.54,29.178308618155747,50.0
0.5405,20.0,3.97,0,0.575,2.992920899508084,52.6,2.872,5,264,13.0,390.3,12.561256809494902,43.5
0.09065,20.0,6.96,1,0.464,2.271589402460525,61.5,3.9175,3,223,18.6,391.34,55.113559971104884,20.7
0.29916,20.0,6.96,0,0.464,2.2542875127499986,42.1,4.429,3,223,18.6,388.65,52.06698452258311,21.1
0.16211,20.0,6.96,0,0.464,2.5903705082193644,16.3,4.429,3,223,18.6,396.9,26.834021020572884,25.2
0.1146,20.0,6.96,0,0.464,2.5016294219109545,58.7,3.9175,3,223,18.6,394.96,30.672201708272357,24.4
0.22188,20.0,6.96,1,0.464,3.1406064411534964,51.8,4.3665,3,223,18.6,390.77,25.707422890231538,35.2
0.05644,40.0,6.41,1,0.447,2.61184345148265,32.9,4.0776,4,254,17.6,396.9,13.201816198545929,32.4
0.09604,40.0,6.41,0,0.447,2.657459514465808,42.8,4.2673,4,254,17.6,396.9,12.142726543471452,32.0
0.10469,40.0,6.41,1,0.447,2.8320111517199416,49.0,4.7872,4,254,17.6,389.25,23.554924211095248,33.2
0.06127,40.0,6.41,1,0.447,2.7902903537956045,27.6,4.8628,4,254,17.6,393.45,16.740659525394282,33.1
0.07978,40.0,6.41,0,0.447,2.7559473175166223,32.1,4.1403,4,254,17.6,396.9,29.187732395988682,29.1
0.21038,20.0,3.33,0,0.4429,2.9644075377194996,32.2,4.1007,5,216,14.9,396.9,18.92425330729014,35.1
0.03578,20.0,3.33,0,0.4429,3.1279051656731713,64.5,4.6947,5,216,14.9,387.31,14.567865833212434,45.4
0.03705,20.0,3.33,0,0.4429,2.650614694194734,37.2,5.2447,5,216,14.9,392.23,17.873331033707377,35.4
0.06129,20.0,3.33,1,0.4429,3.0001837023965003,49.7,5.2119,5,216,14.9,377.07,11.678074139005258,46.0
0.01501,90.0,1.21,1,0.401,3.1560567853173915,24.8,5.885,1,198,13.6,395.52,13.403903390013069,50.0
0.00906,90.0,2.97,0,0.4,2.8412212375123076,20.8,7.3073,1,285,15.3,394.72,31.701769140068116,32.2
0.01096,55.0,2.25,0,0.389,2.703686463009283,31.9,7.3073,1,300,15.3,394.72,33.41358549997078,22.0
0.01965,80.0,1.76,0,0.385,2.4198184199985406,31.5,9.0892,1,241,18.2,341.6,52.52484831952695,20.1
0.03871,52.5,5.32,0,0.405,2.674685124472279,31.3,7.3172,6,293,16.6,396.9,27.73305756617174,23.2
0.0459,52.5,5.32,0,0.405,2.7196111197550796,45.6,7.3172,6,293,16.6,396.9,30.236563573703386,22.3
0.04297,52.5,5.32,0,0.405,2.8508359609600684,22.9,7.3172,6,293,16.6,371.72,38.51366766705695,24.8
0.03502,80.0,4.95,0,0.411,2.7394889455043256,27.9,5.1167,4,245,19.2,396.9,13.498292168469227,28.5
0.07886,80.0,4.95,0,0.411,2.8392472280956156,27.7,5.1167,4,245,19.2,396.9,15.346018025534095,37.3
0.03615,80.0,4.95,0,0.411,2.626624377331645,23.4,5.1167,4,245,19.2,396.9,18.078525664236412,27.9
0.08265,0.0,13.92,0,0.437,2.4502269826918495,18.4,5.5027,4,289,16.0,396.9,33.83474169781303,23.9
0.08199,0.0,13.92,0,0.437,2.3415648194111855,42.3,5.5027,4,289,16.0,396.9,40.90691760230442,21.7
0.12932,0.0,13.92,0,0.437,2.6536306779410745,31.1,5.9604,4,289,16.0,396.9,25.270440793228953,28.6
0.05372,0.0,13.92,0,0.437,2.7828944332029515,51.0,5.9604,4,289,16.0,392.85,30.082396188422347,27.1
0.14103,0.0,13.92,0,0.437,2.429531206497547,58.0,6.32,4,289,16.0,396.9,63.72710411168265,20.3
0.06466,70.0,2.24,0,0.4,2.5457672684219985,20.1,7.8278,5,358,14.8,368.24,19.91047919431587,22.5
0.05561,70.0,2.24,0,0.4,2.743667985238245,10.0,7.8278,5,358,14.8,371.58,19.360659514505507,29.0
0.04417,70.0,2.24,0,0.4,2.7775954351518424,47.4,7.8278,5,358,14.8,390.86,23.3082249995199,24.8
0.03537,34.0,6.09,0,0.433,2.55972561082575,40.4,5.4917,7,329,16.1,395.75,38.09140693704245,22.0
0.09266,34.0,6.09,0,0.433,2.5501710077256643,18.4,5.4917,7,329,16.1,383.61,34.3217616930114,26.4
0.1,34.0,6.09,0,0.433,2.7863343309229944,17.7,5.4917,7,329,16.1,390.43,19.01746996695824,33.1
0.05515,33.0,2.18,0,0.472,3.107272549590827,41.1,4.022,7,222,18.4,393.68,27.669456506511636,36.1
0.05479,33.0,2.18,0,0.472,2.824479082643095,58.1,3.37,7,222,18.4,393.36,36.38966598068143,28.4
0.07503,33.0,2.18,0,0.472,2.9460908361684415,71.9,3.0992,7,222,18.4,396.9,25.582854280645634,33.4
0.04932,33.0,2.18,0,0.472,2.6933590260121107,70.3,3.1827,7,222,18.4,396.9,31.052147938053906,28.2
0.49298,0.0,9.9,0,0.544,2.598119909834356,82.5,3.3175,4,304,18.4,396.9,17.985483392162017,22.8
0.3494,0.0,9.9,0,0.544,2.5324095243540024,76.7,3.1025,4,304,18.4,396.24,40.26132424704958,20.3
2.63548,0.0,9.9,0,0.544,1.9642576971853984,37.8,2.5194,4,304,18.4,350.45,50.291673072215616,16.1
0.79041,0.0,9.9,0,0.544,2.520675899706362,52.8,2.6403,4,304,18.4,396.9,23.156474571993716,22.1
0.26169,0.0,9.9,0,0.544,2.2730028166114793,90.4,2.834,4,304,18.4,396.3,47.3524508829928,19.4
0.26938,0.0,9.9,0,0.544,2.5495736525031143,82.8,3.2628,4,304,18.4,393.39,30.806460641821197,21.6
0.3692,0.0,9.9,0,0.544,2.6317711782067894,87.3,3.6023,4,304,18.4,395.69,37.35640947661924,23.8
0.25356,0.0,9.9,0,0.544,2.354062188228194,77.7,3.945,4,304,18.4,396.42,45.92797318152301,16.2
0.31827,0.0,9.9,0,0.544,2.39502416615616,83.2,3.9986,4,304,18.4,390.7,73.51430260096424,17.8
0.24522,0.0,9.9,0,0.544,2.214914179458245,71.7,4.0317,4,304,18.4,396.9,63.292150771547284,19.8
0.40202,0.0,9.9,0,0.544,2.4352780410136567,67.2,3.5325,4,304,18.4,395.21,41.10223686722784,23.1
0.47547,0.0,9.9,0,0.544,2.6283506346622056,58.8,4.0019,4,304,18.4,396.23,51.24638395081852,21.0
0.1676,0.0,7.38,0,0.493,2.64661567594567,52.3,4.5404,5,287,19.6,396.9,28.094482201500856,23.8
0.18159,0.0,7.38,0,0.493,2.4798909727195384,54.3,4.5404,5,287,19.6,396.9,27.612963436746295,23.1
0.35114,0.0,7.38,0,0.493,2.4154423514060066,49.9,4.7211,5,287,19.6,396.9,30.13529248326024,20.4
0.28392,0.0,7.38,0,0.493,2.323083700314457,74.3,4.7211,5,287,19.6,391.13,46.26002631548859,18.5
0.34109,0.0,7.38,0,0.493,2.4966629780411895,40.1,4.7211,5,287,19.6,396.9,25.255367735853277,25.0
0.19186,0.0,7.38,0,0.493,2.436493987982991,14.7,5.4159,5,287,19.6,393.68,20.935215455978927,24.6
0.30347,0.0,7.38,0,0.493,2.3921420303064185,28.9,5.4159,5,287,19.6,396.9,24.377846749685855,23.0
0.24103,0.0,7.38,0,0.493,2.441664302580584,43.7,5.4159,5,287,19.6,396.9,51.2798118843068,22.2
0.06617,0.0,3.24,0,0.46,2.173091967162426,25.8,5.2146,4,430,16.9,382.44,40.582200782747755,19.3
0.06724,0.0,3.24,0,0.46,2.3952019489528804,17.2,5.2146,4,430,16.9,375.21,29.28233927923318,22.6
0.04544,0.0,3.24,0,0.46,2.3764760352674816,32.2,5.8736,4,430,16.9,368.57,36.16320651448618,19.8
0.05023,35.0,6.06,0,0.4379,2.0048755789435617,28.4,6.6407,1,304,16.9,394.02,49.24890640540143,17.1
0.03466,35.0,6.06,0,0.4379,2.332102237244019,23.3,6.6407,1,304,16.9,362.25,31.20609880005005,19.4
0.05083,0.0,5.19,0,0.515,2.4997877557132417,38.1,6.4584,5,224,20.2,389.71,23.01136799617502,22.2
0.03738,0.0,5.19,0,0.515,2.6777974170180374,38.5,6.4584,5,224,20.2,389.4,26.346652136861454,20.7
0.03961,0.0,5.19,0,0.515,2.5279464261954687,34.5,5.9853,5,224,20.2,396.9,32.5317601182311,21.1
0.03427,0.0,5.19,0,0.515,2.1839966135665785,46.3,5.2311,5,224,20.2,396.9,39.91389454861378,19.5
0.03041,0.0,5.19,0,0.515,2.41903471884313,59.6,5.615,5,224,20.2,394.81,41.85784509604971,18.5
0.03306,0.0,5.19,0,0.515,2.4420074727713446,37.3,4.8122,5,224,20.2,396.14,34.345443190679084,20.6
0.05497,0.0,5.19,0,0.515,2.379704376724356,45.4,4.8122,5,224,20.2,396.9,39.1346537648043,19.0
0.06151,0.0,5.19,0,0.515,2.381661884785401,58.5,4.8122,5,224,20.2,396.9,37.91855115587414,18.7
0.01301,35.0,1.52,0,0.442,2.6468564643185806,49.3,7.0379,1,284,15.5,394.74,22.89281201698372,32.7
0.02498,0.0,1.89,0,0.518,2.6483063891962626,59.7,6.2669,1,422,15.9,389.96,34.9124702966482,16.5
0.02543,55.0,3.78,0,0.484,2.6397919822054794,56.4,5.7321,5,370,17.6,396.9,29.01186519852294,23.9
0.03049,55.0,3.78,0,0.484,2.6938464414096246,28.1,6.4654,5,370,17.6,387.97,18.456480313923898,31.2
0.03113,0.0,4.39,0,0.442,2.3519302458112277,48.5,8.0136,3,352,18.8,385.64,41.82503944114927,17.5
0.06162,0.0,4.39,0,0.442,2.191912566298989,52.3,8.0136,3,352,18.8,364.61,50.79617508356617,17.2
0.0187,85.0,4.15,0,0.429,2.6774147610709202,27.7,8.5353,4,351,17.9,392.43,25.287361703448095,23.1
0.01501,80.0,2.01,0,0.435,2.78780346965597,29.7,8.344,4,280,17.0,390.94,24.270391793508782,24.5
0.02899,40.0,1.25,0,0.429,2.8851773814925674,34.5,8.7921,1,335,19.7,389.85,23.67444779904812,26.6
0.06211,40.0,1.25,0,0.429,2.6350051130433862,44.4,8.7921,1,335,19.7,396.9,24.50925612105369,22.9
0.0795,60.0,1.69,0,0.411,2.7509733343280223,35.9,10.7103,4,411,18.3,370.78,21.191703771184486,24.1
0.07244,60.0,1.69,0,0.411,2.5165173240044423,18.5,10.7103,4,411,18.3,392.33,30.05423174828648,18.6
0.01709,90.0,2.02,0,0.41,2.6433171781815976,36.1,12.1265,5,187,17.0,384.46,17.85722654916378,30.1
0.04301,80.0,1.91,0,0.413,2.2867520306602755,21.9,10.5857,4,334,22.0,382.8,32.62604881576644,18.2
0.10659,80.0,1.91,0,0.413,2.538512966271811,19.5,10.5857,4,334,22.0,376.04,22.859406767046437,20.6
8.98296,0.0,18.1,1,0.77,2.335060979770174,97.4,2.1222,24,666,20.2,377.73,70.32229617887383,17.8
3.8497,0.0,18.1,1,0.77,2.6506118092692263,91.0,2.5052,24,666,20.2,391.34,53.23596642664797,21.7
5.20177,0.0,18.1,1,0.77,2.3726260717175514,83.4,2.7227,24,666,20.2,395.43,45.91490467309602,22.7
4.26131,0.0,18.1,0,0.77,2.457355902505136,81.3,2.5091,24,666,20.2,390.74,50.40299961833326,22.6
4.54192,0.0,18.1,0,0.77,2.634789610280808,88.0,2.5182,24,666,20.2,374.56,31.20904518067286,25.0
3.83684,0.0,18.1,0,0.77,2.582125326986009,91.1,2.2955,24,666,20.2,350.65,56.381981486932105,19.9
3.67822,0.0,18.1,0,0.77,2.2205445463327123,96.2,2.1036,24,666,20.2,380.79,41.6288634194435,20.8
4.22239,0.0,18.1,1,0.77,2.47679226470918,89.0,1.9047,24,666,20.2,353.04,58.29373714009997,16.8
3.47428,0.0,18.1,1,0.718,3.5461930971915705,82.9,1.9047,24,666,20.2,354.55,21.30594285179976,21.9
4.55587,0.0,18.1,0,0.718,1.417261224903948,87.9,1.6132,24,666,20.2,354.7,27.70044992745511,27.5
3.69695,0.0,18.1,0,0.718,1.9631953355998795,91.4,1.7523,24,666,20.2,316.03,56.57037435856873,21.9
13.5222,0.0,18.1,0,0.631,1.5051299236690205,100.0,1.5106,24,666,20.2,131.42,52.41953757035666,23.1
4.89822,0.0,18.1,0,0.631,2.1771070601308526,100.0,1.3325,24,666,20.2,375.52,11.970384446533153,50.0
5.66998,0.0,18.1,1,0.631,2.7545632149201293,96.8,1.3567,24,666,20.2,375.33,15.319088650634292,50.0
6.53876,0.0,18.1,1,0.631,2.936496865938267,97.5,1.2024,24,666,20.2,392.05,11.228555821209001,50.0
9.2323,0.0,18.1,0,0.631,2.4732628104326264,100.0,1.1691,24,666,20.2,366.15,38.86175745956924,50.0
8.26725,0.0,18.1,1,0.668,2.5541826092142483,89.6,1.1296,24,666,20.2,347.88,35.843199191104105,50.0
11.1081,0.0,18.1,0,0.668,1.89078649540992,100.0,1.1742,24,666,20.2,396.9,139.22502944992516,13.8
18.4982,0.0,18.1,0,0.668,1.566383996756286,100.0,1.137,24,666,20.2,396.9,152.43564552305904,13.8
19.6091,0.0,18.1,0,0.671,2.940483280181019,97.9,1.3163,24,666,20.2,396.9,53.80188199900486,15.0
15.288,0.0,18.1,0,0.671,2.47052533597149,93.3,1.3449,24,666,20.2,363.02,92.81042906767647,13.9
9.82349,0.0,18.1,0,0.671,2.733791636412031,98.8,1.358,24,666,20.2,396.9,85.18930363941301,13.3
23.6482,0.0,18.1,0,0.671,2.2738591288896286,96.2,1.3861,24,666,20.2,396.9,94.65680544776167,13.1
17.8667,0.0,18.1,0,0.671,2.467925490438541,100.0,1.3861,24,666,20.2,393.74,88.06234103979816,10.2
88.9762,0.0,18.1,0,0.671,2.8524203401059065,91.9,1.4165,24,666,20.2,396.9,69.60126654866556,10.4
15.8744,0.0,18.1,0,0.671,2.461512167326142,99.1,1.5192,24,666,20.2,396.9,84.16364249883397,10.9
9.18702,0.0,18.1,0,0.7,2.2638748902191788,100.0,1.5804,24,666,20.2,396.9,94.38993112186645,11.3
7.99248,0.0,18.1,0,0.7,2.2481473246367383,100.0,1.5331,24,666,20.2,396.9,98.16069543522256,12.3
20.0849,0.0,18.1,0,0.7,1.6264941219393472,91.2,1.4395,24,666,20.2,285.83,122.78569905331973,8.8
16.8118,0.0,18.1,0,0.7,2.254531273856662,98.1,1.4261,24,666,20.2,396.9,124.06603802269028,7.2
24.3938,0.0,18.1,0,0.7,1.766794735595882,100.0,1.4672,24,666,20.2,396.9,113.84032427431768,10.5
22.5971,0.0,18.1,0,0.7,2.1212140756325497,89.5,1.5184,24,666,20.2,396.9,128.09550543442649,7.4
14.3337,0.0,18.1,0,0.7,1.9173142672612926,100.0,1.5895,24,666,20.2,372.92,122.23250080237135,10.2
8.15174,0.0,18.1,0,0.7,2.2109942540976664,98.9,1.7281,24,666,20.2,396.9,82.27462788337462,11.5
6.96215,0.0,18.1,0,0.7,2.328505185068503,97.0,1.9265,24,666,20.2,394.43,68.70233485926195,15.1
5.29305,0.0,18.1,0,0.7,2.4627942121049755,82.5,2.1678,24,666,20.2,378.38,75.37367002865996,23.2
11.5779,0.0,18.1,0,0.7,2.0731231219729236,97.0,1.77,24,666,20.2,396.9,101.74275056975583,9.7
8.64476,0.0,18.1,0,0.693,2.4920113179113663,92.6,1.7912,24,666,20.2,396.9,61.61352576394965,13.8
13.3598,0.0,18.1,0,0.693,2.558937744128154,94.7,1.7821,24,666,20.2,396.9,65.76189669084812,12.7
8.71675,0.0,18.1,0,0.693,2.5413782275758092,98.8,1.7257,24,666,20.2,391.98,68.36265946071215,13.1
5.87205,0.0,18.1,0,0.693,2.5429780457078017,96.0,1.6768,24,666,20.2,396.9,77.59228969380165,12.5
7.67202,0.0,18.1,0,0.693,2.179512614050471,98.9,1.6334,24,666,20.2,393.1,78.92652670509015,8.5
38.3518,0.0,18.1,0,0.693,2.3206128418864993,100.0,1.4896,24,666,20.2,396.9,121.84153903369865,5.0
9.91655,0.0,18.1,0,0.693,2.204247740740181,77.8,1.5004,24,666,20.2,338.16,120.49203727937537,6.3
25.0461,0.0,18.1,0,0.693,2.4327203266639916,100.0,1.5888,24,666,20.2,396.9,107.03382324060237,5.6
14.2362,0.0,18.1,0,0.693,2.5191814657781797,100.0,1.5741,24,666,20.2,396.9,81.3839761598604,7.2
9.59571,0.0,18.1,0,0.693,2.6615972281728575,100.0,1.639,24,666,20.2,376.11,81.805396579135,12.1
24.8017,0.0,18.1,0,0.693,2.024005061759396,96.0,1.7028,24,666,20.2,396.9,78.91323718791185,8.3
41.5292,0.0,18.1,0,0.693,2.1635465506530993,85.4,1.6074,24,666,20.2,329.46,109.11318287257171,8.5
67.9208,0.0,18.1,0,0.693,2.322394786078853,100.0,1.4254,24,666,20.2,384.97,91.25932290552696,5.0
20.7162,0.0,18.1,0,0.659,1.5946655408104518,100.0,1.1781,24,666,20.2,370.22,93.4377494301955,11.9
11.9511,0.0,18.1,0,0.659,2.297242296305261,100.0,1.2852,24,666,20.2,332.09,48.70690603163359,27.9
7.40389,0.0,18.1,0,0.597,2.2133392485280354,97.9,1.4547,24,666,20.2,314.64,106.3116140134176,17.2
14.4383,0.0,18.1,0,0.597,2.8837730620895003,100.0,1.4655,24,666,20.2,179.36,79.80205630281377,27.5
51.1358,0.0,18.1,0,0.597,2.4243427034639553,100.0,1.413,24,666,20.2,2.6,39.69882705536109,15.0
14.0507,0.0,18.1,0,0.597,2.6026277397683937,100.0,1.5275,24,666,20.2,35.05,85.06557763094776,17.2
18.811,0.0,18.1,0,0.597,1.7332836598119157,100.0,1.5539,24,666,20.2,28.79,137.27809758211586,17.9
28.6558,0.0,18.1,0,0.597,2.1539722168399735,100.0,1.5894,24,666,20.2,210.97,79.94710226631092,16.3
45.7461,0.0,18.1,0,0.693,1.710340221350331,100.0,1.6582,24,666,20.2,88.27,147.08003280669845,7.0
18.0846,0.0,18.1,0,0.679,2.5480528575557897,100.0,1.8347,24,666,20.2,27.25,116.79807884209649,7.2
10.8342,0.0,18.1,0,0.679,2.7898757600727224,90.8,1.8195,24,666,20.2,21.57,102.35331066359741,7.5
25.9406,0.0,18.1,0,0.679,1.9537021875340645,89.1,1.6475,24,666,20.2,127.36,107.75682655419445,10.4
73.5341,0.0,18.1,0,0.679,2.501150203491469,100.0,1.8026,24,666,20.2,16.45,82.4719981636262,8.8
11.8123,0.0,18.1,0,0.718,2.9284238116464603,76.5,1.794,24,666,20.2,48.45,91.92676418852514,8.4
11.0874,0.0,18.1,0,0.718,2.572938887081605,100.0,1.8589,24,666,20.2,318.75,60.26682690975253,16.7
7.02259,0.0,18.1,0,0.718,2.2894537087745297,95.3,1.8746,24,666,20.2,319.98,61.87076803977087,14.2
12.0482,0.0,18.1,0,0.614,2.34083507317824,87.6,1.9512,24,666,20.2,291.55,56.63037727917912,20.8
7.05042,0.0,18.1,0,0.614,2.4208250787891523,85.1,2.0218,24,666,20.2,2.52,92.84405007309508,13.4
8.79212,0.0,18.1,0,0.584,2.2993088654417124,70.6,2.0635,24,666,20.2,3.65,68.95802236126275,11.7
15.8603,0.0,18.1,0,0.679,2.2932179433113657,95.4,1.9096,24,666,20.2,7.68,96.97559543248155,8.3
12.2472,0.0,18.1,0,0.584,2.3018625948768356,59.7,1.9976,24,666,20.2,24.65,62.178216263099614,10.2
37.6619,0.0,18.1,0,0.679,2.4910059911767974,78.7,1.8629,24,666,20.2,18.82,56.82298688204602,10.9
7.36711,0.0,18.1,0,0.679,2.407440301436604,78.1,1.9356,24,666,20.2,96.73,86.14463329985071,11.0
9.33889,0.0,18.1,0,0.679,2.465321921286787,95.6,1.9682,24,666,20.2,60.72,95.92440244187159,9.5
8.49213,0.0,18.1,0,0.584,2.472387242366244,86.1,2.0527,24,666,20.2,83.45,70.60862303758891,14.5
10.0623,0.0,18.1,0,0.584,2.8816446548730084,94.3,2.0882,24,666,20.2,81.33,78.53719220412286,14.1
6.44405,0.0,18.1,0,0.584,2.5754545606567354,74.8,2.2004,24,666,20.2,97.95,48.612849850162625,16.1
5.58107,0.0,18.1,0,0.713,2.4669126777113237,87.9,2.3158,24,666,20.2,100.19,63.713650911034684,14.3
13.9134,0.0,18.1,0,0.713,2.6980100299527945,95.0,2.2222,24,666,20.2,100.63,60.39272986705257,11.7
11.1604,0.0,18.1,0,0.74,2.7158919493905134,94.6,2.1247,24,666,20.2,109.85,93.67949117271158,13.4
14.4208,0.0,18.1,0,0.74,2.7067919075197744,93.3,2.0026,24,666,20.2,27.49,72.59839922246844,9.6
15.1772,0.0,18.1,0,0.74,2.3617017660678177,100.0,1.9142,24,666,20.2,9.32,105.91629027193285,8.7
13.6781,0.0,18.1,0,0.74,2.401734214353737,87.9,1.8206,24,666,20.2,68.95,136.77229913772666,8.4
9.39063,0.0,18.1,0,0.74,2.220222652423037,93.9,1.8172,24,666,20.2,396.9,91.37294113034784,12.8
22.0511,0.0,18.1,0,0.74,2.38067603621584,92.4,1.8662,24,666,20.2,391.45,89.23299587978154,10.5
9.72418,0.0,18.1,0,0.74,2.5968341741463843,97.2,2.0651,24,666,20.2,385.96,78.74688699656375,17.1
5.66637,0.0,18.1,0,0.74,2.565141572346209,100.0,2.0048,24,666,20.2,395.69,67.21794736842337,18.4
9.96654,0.0,18.1,0,0.74,2.529278791292245,100.0,1.9784,24,666,20.2,386.73,75.44287367644041,15.4
12.8023,0.0,18.1,0,0.74,2.408030348038135,96.6,1.8956,24,666,20.2,240.52,95.12982362129597,10.8
10.6718,0.0,18.1,0,0.74,2.5488094596864297,94.8,1.9879,24,666,20.2,43.06,95.30250806179787,11.8
6.28807,0.0,18.1,0,0.74,2.333405517436632,96.4,2.072,24,666,20.2,318.01,70.85454638591548,14.9
9.92485,0.0,18.1,0,0.74,2.313071311824907,96.6,2.198,24,666,20.2,388.52,66.26707309818343,12.6
9.32909,0.0,18.1,0,0.713,2.412796825221193,98.7,2.2616,24,666,20.2,396.9,73.40496849513542,14.1
7.52601,0.0,18.1,0,0.713,2.6552695333286755,98.3,2.185,24,666,20.2,304.21,77.97803522314439,13.0
6.71772,0.0,18.1,0,0.713,2.85223171385565,92.6,2.3236,24,666,20.2,0.32,69.67371091601571,13.4
5.44114,0.0,18.1,0,0.713,2.7004727261581376,98.2,2.3552,24,666,20.2,355.29,70.78029159294032,15.2
5.09017,0.0,18.1,0,0.713,2.506384379867168,91.8,2.3682,24,666,20.2,385.09,69.4032787716166,16.1
8.24809,0.0,18.1,0,0.713,3.088574680311334,99.3,2.4527,24,666,20.2,375.87,66.32230599126297,17.8
9.51363,0.0,18.1,0,0.713,2.6957489564715353,94.1,2.4961,24,666,20.2,6.68,74.70065941326159,14.9
4.75237,0.0,18.1,0,0.713,2.5077492954514993,86.5,2.4358,24,666,20.2,50.92,73.08070951088945,14.1
4.66883,0.0,18.1,0,0.713,2.362564705673599,87.9,2.5806,24,666,20.2,10.48,75.04539000077996,12.7
8.20058,0.0,18.1,0,0.713,2.146117859215597,80.3,2.7792,24,666,20.2,3.5,67.82964935103978,13.5
7.75223,0.0,18.1,0,0.713,2.539889680904636,83.7,2.7831,24,666,20.2,272.21,65.40194269370005,14.9
6.80117,0.0,18.1,0,0.713,2.488552005633822,84.4,2.7175,24,666,20.2,396.9,58.76099712561531,20.0
4.81213,0.0,18.1,0,0.713,2.7161914911259517,90.0,2.5975,24,666,20.2,255.23,65.69849762501619,16.4
3.69311,0.0,18.1,0,0.713,2.6002549682518032,88.4,2.5671,24,666,20.2,391.43,59.06645738299006,17.7
6.65492,0.0,18.1,0,0.713,2.46634050560558,83.0,2.7344,24,666,20.2,396.9,55.36057740383752,19.5
5.82115,0.0,18.1,0,0.713,2.467287429269705,89.9,2.8016,24,666,20.2,393.82,41.141633802979115,20.2
7.83932,0.0,18.1,0,0.655,2.5936274361742164,65.4,2.9634,24,666,20.2,396.9,52.70536308908377,21.4
3.1636,0.0,18.1,0,0.655,2.279247494489993,48.2,3.0665,24,666,20.2,334.4,57.07045501374801,19.9
3.77498,0.0,18.1,0,0.655,2.3661446126743693,84.7,2.8715,24,666,20.2,22.01,68.37620484679346,19.0
4.42228,0.0,18.1,0,0.584,2.42502232665689,94.5,2.5403,24,666,20.2,331.29,84.42388819201894,19.1
15.5757,0.0,18.1,0,0.58,2.2399961295540893,71.0,2.9084,24,666,20.2,368.74,72.73938503884449,19.1
13.0751,0.0,18.1,0,0.58,2.342452255799042,56.7,2.8237,24,666,20.2,396.9,58.395100742845514,20.1
4.34879,0.0,18.1,0,0.58,2.3259053812129205,84.0,3.0334,24,666,20.2,396.9,64.63696001537102,19.9
4.03841,0.0,18.1,0,0.532,2.5238983891610864,90.7,3.0993,24,666,20.2,395.33,51.69670876013105,19.6
3.56868,0.0,18.1,0,0.58,2.4488933934046266,75.0,2.8965,24,666,20.2,393.37,57.94271619790237,23.2
4.64689,0.0,18.1,0,0.614,2.9212308999364356,67.6,2.5329,24,666,20.2,374.68,46.55222915322555,29.8
8.05579,0.0,18.1,0,0.584,2.1520028639265614,95.4,2.4298,24,666,20.2,352.58,73.2002163332349,13.8
6.39312,0.0,18.1,0,0.584,2.473423664524999,97.4,2.206,24,666,20.2,302.76,96.31267627713977,13.3
4.87141,0.0,18.1,0,0.614,2.7816735305934355,93.6,2.3053,24,666,20.2,396.21,75.10360974454001,16.7
15.0234,0.0,18.1,0,0.614,2.1507799320029433,97.3,2.1007,24,666,20.2,349.48,99.26542472970195,12.0
10.233,0.0,18.1,0,0.614,2.48458152796185,96.7,2.1705,24,666,20.2,379.7,72.33390125173295,14.6
14.3337,0.0,18.1,0,0.614,2.310749433630549,88.0,1.9512,24,666,20.2,383.32,52.3415808281989,21.4
5.82401,0.0,18.1,0,0.532,2.477198520214197,64.7,3.4242,24,666,20.2,396.9,43.309213286761135,23.0
5.70818,0.0,18.1,0,0.532,2.8082789599863913,74.9,3.3317,24,666,20.2,393.07,30.425513420700117,23.7
5.73116,0.0,18.1,0,0.532,2.820981289242363,77.0,3.4106,24,666,20.2,395.28,28.111597855037328,25.0
2.81838,0.0,18.1,0,0.532,2.2629323947939506,40.3,4.0983,24,666,20.2,392.92,40.8591325419299,21.8
2.37857,0.0,18.1,0,0.583,2.4279889050319774,41.9,3.724,24,666,20.2,370.73,53.22556712820921,20.6
3.67367,0.0,18.1,0,0.583,2.559826538777951,51.9,3.9917,24,666,20.2,388.62,42.76688534008369,21.2
5.69175,0.0,18.1,0,0.583,2.4148474381856353,79.8,3.5459,24,666,20.2,392.68,59.767729115910385,19.1
4.83567,0.0,18.1,0,0.583,2.433940254991654,53.2,3.1523,24,666,20.2,388.22,45.62569720483006,20.6
0.15086,0.0,27.74,0,0.609,2.149647114316462,92.7,1.8209,4,711,20.1,395.09,71.91694842863984,15.2
0.18337,0.0,27.74,0,0.609,2.2038254939661743,98.3,1.7554,4,711,20.1,344.05,96.08160693499174,7.0
0.20746,0.0,27.74,0,0.609,1.98174565557404,98.0,1.8226,4,711,20.1,318.43,118.68167819701995,8.1
0.10574,0.0,27.74,0,0.609,2.430385406048599,98.8,1.8681,4,711,20.1,390.11,72.06679384417373,13.6
0.11132,0.0,27.74,0,0.609,2.3277923935017313,83.5,2.1099,4,711,20.1,396.9,54.25779732433206,20.1
0.17331,0.0,9.69,0,0.585,2.2686994938848257,54.0,2.3817,6,391,19.2,396.9,47.236938040739595,21.8
0.27957,0.0,9.69,0,0.585,2.315707704715054,42.6,2.3817,6,391,19.2,396.9,54.28787792011021,24.5
0.17899,0.0,9.69,0,0.585,2.476057813512164,28.8,2.7986,6,391,19.2,393.29,71.02414648218958,23.1
0.2896,0.0,9.69,0,0.585,1.8903434417889167,72.9,2.7986,6,391,19.2,396.9,85.19035319469978,19.7
0.26838,0.0,9.69,0,0.585,2.1772170722451962,70.6,2.8927,6,391,19.2,396.9,55.75130511275802,18.3
0.23912,0.0,9.69,0,0.585,2.4085556379496507,65.3,2.4091,6,391,19.2,396.9,51.566114300431146,21.2
0.17783,0.0,9.69,0,0.585,2.2995042583400265,73.5,2.3999,6,391,19.2,395.77,60.07964115536235,17.5
0.22438,0.0,9.69,0,0.585,2.4122384899029856,79.7,2.4982,6,391,19.2,396.9,58.05658852118507,16.8
0.06263,0.0,11.93,0,0.573,2.652362616805096,69.1,2.4786,1,273,21.0,391.99,39.35700957192011,22.4
0.04527,0.0,11.93,0,0.573,2.575614586439025,76.7,2.2875,1,273,21.0,396.9,36.143904700240796,20.6
0.06076,0.0,11.93,0,0.573,2.8296295311576,91.0,2.1675,1,273,21.0,396.9,22.690760192576303,23.9
0.10959,0.0,11.93,0,0.573,2.593654224341889,89.3,2.3889,1,273,21.0,393.45,26.890723099164934,22.0
0.04741,0.0,11.93,0,0.573,2.3466523942161253,80.8,2.505,1,273,21.0,396.9,31.59580936061044,11.9
