CRIM,ZN,INDUS,CHAS,NOX,RM,AGE,DIS,RAD,TAX,PTRATIO,B,LSTAT,MEDV
0.00632,18.0,2.31,0,0.538,0.1373327524684326,65.2,4.09,1,296,15.3,396.9,745727472.7772075,24.0
0.02731,0.0,7.07,0,0.469,0.2587314530958905,78.9,4.9671,2,242,17.8,396.9,1316804997.4977205,21.6
0.02729,0.0,7.07,0,0.469,0.07430397057026068,61.1,4.9671,2,242,17.8,392.83,588368816.9062734,34.7
0.03237,0.0,2.18,0,0.458,-0.14287000066471767,45.8,6.0622,3,222,18.7,394.63,410134958.13473934,33.4
0.06905,0.0,2.18,0,0.458,-0.13104645152312613,54.2,6.0622,3,222,18.7,396.9,792780685.0575982,36.2
0.02985,0.0,2.18,0,0.458,0.08689447098354769,58.7,6.0622,3,222,18.7,394.12,776674421.1691183,28.7
0.08829,12.5,7.87,0,0.524,0.07434375856612657,66.6,5.5605,5,311,15.2,395.6,1778911261.3526876,22.9
0.14455,12.5,7.87,0,0.524,-0.0761030578858806,96.1,5.9505,5,311,15.2,396.9,2800186593.6668034,27.1
0.21124,12.5,7.87,0,0.524,-0.020810119340347696,100.0,6.0821,5,311,15.2,386.63,4350147767.427227,16.5
0.17004,12.5,7.87,0,0.524,0.16502430847720384,85.9,6.5921,5,311,15.2,386.71,2504779843.8597198,18.9
0.22489,12.5,7.87,0,0.524,-0.004204607700634133,94.3,6.3467,5,311,15.2,392.52,2981068466.5596995,15.0
0.11747,12.5,7.87,0,0.524,0.015275187964920028,82.9,6.2267,5,311,15.2,396.9,1917632274.6209211,18.9
0.09378,12.5,7.87,0,0.524,-0.01793859926476891,39.0,5.4509,5,311,15.2,390.5,2305379960.7339377,21.7
0.62976,0.0,8.14,0,0.538,0.12020492805220377,61.8,4.7075,4,307,21.0,396.9,1189962478.269393,20.4
0.63796,0.0,8.14,0,0.538,0.24671414641804867,84.5,4.4619,4,307,21.0,380.02,1517269159.012178,18.2
0.62739,0.0,8.14,0,0.538,0.16964780732658807,56.5,4.4986,4,307,21.0,395.62,1234099096.6775618,19.9
1.05393,0.0,8.14,0,0.538,0.07924438363939175,29.3,4.4986,4,307,21.0,386.85,918976224.8504087,23.1
0.7842,0.0,8.14,0,0.538,-0.14714321184684082,81.7,4.2579,4,307,21.0,386.75,2134498265.7915597,17.5
0.80271,0.0,8.14,0,0.538,0.0742775395516442,36.6,3.7965,4,307,21.0,288.99,1682112284.2213805,20.2
0.7258,0.0,8.14,0,0.538,-0.20022550770786107,69.5,3.7965,4,307,21.0,390.95,1639478696.2137291,18.2
1.25179,0.0,8.14,0,0.538,0.1366725974627678,98.1,3.7979,4,307,21.0,376.57,3052587571.807366,13.6
0.85204,0.0,8.14,0,0.538,-0.06881092634091192,89.2,4.0123,4,307,21.0,392.53,1990005821.171252,19.6
1.23247,0.0,8.14,0,0.538,0.08509841111374473,91.7,3.9769,4,307,21.0,396.9,2764555485.499509,15.2
0.98843,0.0,8.14,0,0.538,-0.013521818904120797,100.0,4.0952,4,307,21.0,394.54,2857768458.2545557,14.5
0.75026,0.0,8.14,0,0.538,-0.06563308070852533,94.1,4.3996,4,307,21.0,394.33,2354244780.606795,15.6
0.84054,0.0,8.14,0,0.538,-0.15546511867218837,85.7,4.4546,4,307,21.0,303.42,2416848551.700053,13.9
0.67191,0.0,8.14,0,0.538,-0.12822049651703338,90.3,4.682,4,307,21.0,376.88,2186478088.031724,16.6
0.95577,0.0,8.14,0,0.538,-0.04385341213431442,88.8,4.4534,4,307,21.0,306.38,2523775857.928075,14.8
0.77299,0.0,8.14,0,0.538,0.05220269763020734,94.4,4.4547,4,307,21.0,387.94,1849602034.9453094,18.4
1.00245,0.0,8.14,0,0.538,0.22656688448288503,87.3,4.239,4,307,21.0,380.23,1747102892.7453256,21.0
1.13081,0.0,8.14,0,0.538,0.18140841777621358,94.1,4.233,4,307,21.0,360.17,3286399508.920854,12.7
1.35472,0.0,8.14,0,0.538,0.027799938684050132,100.0,4.175,4,307,21.0,376.73,1907845869.5492892,14.5
1.38799,0.0,8.14,0,0.538,-0.046179370731317934,82.0,3.99,4,307,21.0,232.6,4043242078.110346,13.2
1.15172,0.0,8.14,0,0.538,-0.027449615326026248,95.0,3.7872,4,307,21.0,358.77,2689509780.134255,13.1
1.61282,0.0,8.14,0,0.538,0.146476050446356,96.9,3.7598,4,307,21.0,248.31,2971805636.6438785,13.5
0.06417,0.0,5.96,0,0.499,-0.004236263047502079,68.2,3.3603,5,279,19.2,396.9,1397545248.1944482,18.9
0.09744,0.0,5.96,0,0.499,0.20298956704921425,61.4,3.3779,5,279,19.2,377.56,1651365900.6486933,20.0
0.08014,0.0,5.96,0,0.499,-0.20520086583430164,41.5,3.9342,5,279,19.2,396.9,1293839769.2168636,21.0
0.17505,0.0,5.96,0,0.499,-0.24055291930599887,30.2,3.8473,5,279,19.2,393.43,1466590331.7186937,24.7
0.02763,75.0,2.95,0,0.428,0.02328274525186881,21.8,5.4011,3,252,18.3,395.63,642339362.0168884,30.8
0.03359,75.0,2.95,0,0.428,0.033463280502396844,15.8,5.4011,3,252,18.3,395.62,261635804.09591696,34.9
0.12744,0.0,6.91,0,0.448,-0.2466383386300445,2.9,5.7209,3,233,17.9,385.41,732244304.75849,26.6
0.1415,0.0,6.91,0,0.448,0.17447823045525523,6.6,5.7209,3,233,17.9,383.37,851832846.3985213,25.3
0.15936,0.0,6.91,0,0.448,-0.17387787811934569,6.5,5.7209,3,233,17.9,394.46,1085820520.8886046,24.7
0.12269,0.0,6.91,0,0.448,-0.05554475166083867,40.0,5.7209,3,233,17.9,389.39,1393842226.9800782,21.2
0.17142,0.0,6.91,0,0.448,0.17674201074772378,33.8,5.1004,3,233,17.9,396.9,1481994100.0662405,19.3
0.18836,0.0,6.91,0,0.448,-0.016877639074196243,33.3,5.1004,3,233,17.9,396.9,2024947157.4811864,20.0
0.22927,0.0,6.91,0,0.448,0.1406621497930881,85.5,5.6894,3,233,17.9,392.74,2777973313.8160596,16.6
0.25387,0.0,6.91,0,0.448,0.08848342629701045,95.3,5.87,3,233,17.9,396.9,4507872471.283037,14.4
0.21977,0.0,6.91,0,0.448,-0.14009695509925996,62.0,6.0877,3,233,17.9,396.9,2374555320.118483,19.4
0.08873,21.0,5.64,0,0.439,-0.09415319042673115,45.7,6.8147,4,243,16.8,395.56,1954946478.1863322,19.7
0.04337,21.0,5.64,0,0.439,0.0003119251603401589,63.0,6.8147,4,243,16.8,393.97,1355577406.5695279,20.5
0.0536,21.0,5.64,0,0.439,0.09234448653636047,21.1,6.8147,4,243,16.8,396.9,787934374.5666618,25.0
0.04981,21.0,5.64,0,0.439,-0.016338933587604312,21.4,6.8147,4,243,16.8,396.9,1247072163.9991195,23.4
0.0136,75.0,4.0,0,0.41,-0.1323394159144616,47.6,7.3197,3,469,21.1,396.9,2177102153.8253603,18.9
0.01311,90.0,1.22,0,0.403,-0.14393030956264583,21.9,8.6966,5,226,17.9,395.93,710677996.0010662,35.4
0.02055,85.0,0.74,0,0.41,-0.11550578038044111,35.7,9.1876,2,313,17.3,396.9,859516917.5741673,24.7
0.01432,100.0,1.32,0,0.411,-0.07299315622534899,40.5,8.3248,5,256,15.1,392.9,557218567.2130013,31.6
0.15445,25.0,5.13,0,0.453,-0.0982417365089881,29.2,7.8148,8,284,19.7,390.68,1016080770.0851653,23.3
0.10328,25.0,5.13,0,0.453,0.009265825723313172,47.2,6.932,8,284,19.7,396.9,1329778036.5678308,19.6
0.14932,25.0,5.13,0,0.453,0.2079783870944699,66.2,7.2254,8,284,19.7,395.11,1926141954.9123507,18.7
0.17171,25.0,5.13,0,0.453,0.11808037460982924,93.4,6.8185,8,284,19.7,378.08,2106003210.4851608,16.0
0.11027,25.0,5.13,0,0.453,0.1253945666362956,67.8,7.2255,8,284,19.7,396.9,977716925.549598,22.2
0.1265,25.0,5.13,0,0.453,0.06927823065322045,43.4,7.9809,8,284,19.7,395.58,1415109676.986853,25.0
0.01951,17.5,1.38,0,0.4161,0.02261554540641357,59.5,9.2229,3,216,18.6,393.24,1169994180.4257743,33.0
0.03584,80.0,3.37,0,0.398,-0.1537870837566179,17.8,6.6115,4,337,16.1,396.9,658378295.2515854,23.5
0.04379,80.0,3.37,0,0.398,-0.029813293796356923,31.1,6.6115,4,337,16.1,396.9,1478624862.21745,19.4
0.05789,12.5,6.07,0,0.409,0.2091657083387699,21.4,6.498,4,345,18.9,396.21,1153080173.2875872,22.0
0.13554,12.5,6.07,0,0.409,-0.2331834525853183,36.8,6.498,4,345,18.9,396.9,1916522350.209129,17.4
0.12816,12.5,6.07,0,0.409,0.19135004988916937,33.0,6.498,4,345,18.9,396.9,1272620604.7929113,20.9
0.08826,0.0,10.81,0,0.413,0.04796462028632138,6.6,5.2873,4,305,19.2,383.73,960814407.8788698,24.2
0.15876,0.0,10.81,0,0.413,-0.1453207032962111,17.5,5.2873,4,305,19.2,376.94,1457444256.4199674,21.7
0.09164,0.0,10.81,0,0.413,-0.028998117216030954,7.8,5.2873,4,305,19.2,390.91,826608568.6351702,22.8
0.19539,0.0,10.81,0,0.413,-0.006852364220961547,6.2,5.2873,4,305,19.2,377.17,1081585099.3319957,23.4
0.07896,0.0,12.83,0,0.437,-0.12738674155442112,6.0,4.2515,5,398,18.7,394.92,993101713.7251709,24.1
0.09512,0.0,12.83,0,0.437,-0.12124831430239309,45.0,4.5026,5,398,18.7,383.23,1296193761.7179897,21.4
0.10153,0.0,12.83,0,0.437,-0.24087855519220977,74.5,4.0522,5,398,18.7,373.66,1742686563.7457895,20.0
0.08707,0.0,12.83,0,0.437,-0.3119122960706834,45.8,4.0905,5,398,18.7,386.96,1498475004.2451322,20.8
0.05646,0.0,12.83,0,0.437,-0.1643672635703951,53.7,5.0141,5,398,18.7,386.4,1839676884.1197932,21.2
0.08387,0.0,12.83,0,0.437,0.04779847818688136,36.6,4.5026,5,398,18.7,396.06,1321861064.8773808,20.3
0.04113,25.0,4.86,0,0.426,-0.2237205431045235,33.5,5.4007,4,281,19.0,396.9,762739321.8599254,28.0
0.04462,25.0,4.86,0,0.426,-0.01305070011631862,70.4,5.4007,4,281,19.0,395.63,1070562754.1289786,23.9
0.03659,25.0,4.86,0,0.426,0.05030609118977755,32.2,5.4007,4,281,19.0,396.9,973953169.2427496,24.8
0.03551,25.0,4.86,0,0.426,0.032050317423213064,46.7,5.4007,4,281,19.0,390.64,1144962035.5780587,22.9
0.05059,0.0,4.49,0,0.449,-0.2703328702858133,48.0,4.7794,3,247,18.5,396.9,1405886978.0149632,23.9
0.05735,0.0,4.49,0,0.449,-0.06317219823566644,56.1,4.4377,3,247,18.5,392.3,948272749.5336518,26.6
0.05188,0.0,4.49,0,0.449,-0.11342790321974895,45.1,4.4272,3,247,18.5,395.99,1854700356.810667,22.5
0.07151,0.0,4.49,0,0.449,0.033793723589818955,56.8,3.7476,3,247,18.5,395.15,1226279254.1278899,22.2
0.0566,0.0,3.41,0,0.489,0.3776527608027942,86.3,3.4217,2,270,17.8,396.9,816028446.1222125,23.6
0.05302,0.0,3.41,0,0.489,-0.18934933040906293,63.1,3.4145,2,270,17.8,396.06,828762395.6696001,28.7
0.04684,0.0,3.41,0,0.489,-0.0889631505932734,66.1,3.0923,2,270,17.8,392.18,1259116309.01393,22.6
0.03932,0.0,3.41,0,0.489,0.07826897295405402,73.9,3.0921,2,270,17.8,393.55,1162156929.544549,22.0
0.04203,28.0,15.04,0,0.464,0.03451121593922646,53.6,3.6659,4,270,18.2,395.01,1202541141.3269372,22.9
0.02875,28.0,15.04,0,0.464,-0.05517476361180658,28.9,3.6659,4,270,18.2,396.33,888795852.746937,25.0
0.04294,28.0,15.04,0,0.464,0.017388410136993153,77.3,3.615,4,270,18.2,396.9,1536612468.7287946,20.6
0.12204,0.0,2.89,0,0.445,0.16627799480604571,57.8,3.4952,2,276,18.0,357.98,966308219.6586457,28.4
0.11504,0.0,2.89,0,0.445,-0.12003231350020055,69.6,3.4952,2,276,18.0,391.83,1619639832.4488597,21.4
0.12083,0.0,2.89,0,0.445,-0.10348895100344657,76.0,3.4952,2,276,18.0,396.9,623632902.86839,38.7
0.08187,0.0,2.89,0,0.445,-0.05519015885580825,36.9,3.4952,2,276,18.0,393.53,484574416.61904985,43.8
0.0686,0.0,2.89,0,0.445,0.1347618243103294,62.5,3.4952,2,276,18.0,396.9,918339449.2789534,33.2
0.14866,0.0,8.56,0,0.52,0.1160544968820218,79.9,2.7778,5,384,20.9,394.76,1346178470.097733,27.5
0.11432,0.0,8.56,0,0.52,0.23224546725028722,71.3,2.8561,5,384,20.9,395.58,1121972624.589882,26.5
0.22876,0.0,8.56,0,0.52,0.025683603868127795,85.4,2.7147,5,384,20.9,70.8,1540444184.5075269,18.6
0.21161,0.0,8.56,0,0.52,0.24236337491560062,87.4,2.7147,5,384,20.9,394.47,1931721291.1972365,19.3
0.1396,0.0,8.56,0,0.52,-0.08058758319507803,90.0,2.421,5,384,20.9,392.69,1796291851.4711537,20.1
0.13262,0.0,8.56,0,0.52,-0.0554486893558197,96.7,2.1069,5,384,20.9,394.05,2406831827.4912,19.5
0.1712,0.0,8.56,0,0.52,0.2351066091411818,91.9,2.211,5,384,20.9,395.67,2722897648.0531178,19.5
0.13117,0.0,8.56,0,0.52,0.1087261800224446,85.2,2.1224,5,384,20.9,387.69,2025921782.1850536,20.4
0.12802,0.0,8.56,0,0.52,0.2135694246739169,97.1,2.4329,5,384,20.9,395.24,1759117671.185606,19.8
0.26363,0.0,8.56,0,0.52,-0.0956318242221153,91.2,2.5451,5,384,20.9,391.23,2252780185.9092155,19.4
0.10793,0.0,8.56,0,0.52,-0.01282792050308322,54.4,2.7778,5,384,20.9,393.49,1931218006.8776703,21.7
0.10084,0.0,10.01,0,0.547,-0.05698349082002681,81.6,2.6775,6,432,17.8,395.59,1500571268.0681562,22.8
0.12329,0.0,10.01,0,0.547,0.09793826691287935,92.9,2.3534,6,432,17.8,394.95,2369690492.2687407,18.8
0.22212,0.0,10.01,0,0.547,-0.08273866329070334,95.4,2.548,6,432,17.8,396.9,2476280176.251567,18.7
0.14231,0.0,10.01,0,0.547,-0.1349975462755788,84.2,2.2565,6,432,17.8,388.74,1508041931.8525126,18.5
0.17134,0.0,10.01,0,0.547,-0.11008746745281456,88.2,2.4631,6,432,17.8,344.91,2262444247.4149947,18.3
0.13158,0.0,10.01,0,0.547,0.053000683405569016,72.5,2.7301,6,432,17.8,393.3,1734644171.9600027,21.2
0.15098,0.0,10.01,0,0.547,-0.05212891129681617,82.6,2.7474,6,432,17.8,394.51,1503277660.8176935,19.2
0.13058,0.0,10.01,0,0.547,0.00011096963913390101,73.1,2.4775,6,432,17.8,338.63,2260970192.826072,20.4
0.14476,0.0,10.01,0,0.547,0.0949231323096257,65.2,2.7592,6,432,17.8,391.5,1999428046.6051283,19.3
0.06899,0.0,25.65,0,0.581,0.22590821802656236,69.7,2.2577,2,188,19.1,389.15,2084420588.7073455,22.0
0.07165,0.0,25.65,0,0.581,0.08439814941575485,84.1,2.1974,2,188,19.1,377.67,2076674637.0853813,20.3
0.09299,0.0,25.65,0,0.581,-0.04309705067593922,92.9,2.0869,2,188,19.1,378.09,2589365214.167948,20.5
0.15038,0.0,25.65,0,0.581,0.04628658911463018,97.0,1.9444,2,188,19.1,370.31,3701145155.6619587,17.3
0.09849,0.0,25.65,0,0.581,0.1268285594963753,95.8,2.0063,2,188,19.1,379.38,2544618562.646561,18.8
0.16902,0.0,25.65,0,0.581,0.18311674075919906,88.4,1.9929,2,188,19.1,385.02,2178290505.5508175,21.4
0.38735,0.0,25.65,0,0.581,-0.07734857169851297,95.6,1.7572,2,188,19.1,359.29,4006845236.4897194,15.7
0.25915,0.0,21.89,0,0.624,-0.018711693034944687,96.0,1.7883,4,437,21.2,392.11,2514918728.3625345,16.2
0.32543,0.0,21.89,0,0.624,0.0666712779917138,98.8,1.8125,4,437,21.2,396.9,2231271630.6946797,18.0
0.88125,0.0,21.89,0,0.624,0.028827245041055057,94.7,1.9799,4,437,21.2,396.9,2660721463.3162766,14.3
0.34006,0.0,21.89,0,0.624,0.011723591204972815,98.9,2.1185,4,437,21.2,395.04,1813711542.5528505,19.2
1.19294,0.0,21.89,0,0.624,0.2939230900704533,97.7,2.271,4,437,21.2,396.9,1807039730.97289,19.6
0.59005,0.0,21.89,0,0.624,0.06302874481378562,97.9,2.3274,4,437,21.2,385.76,1641661984.9804707,23.0
0.32982,0.0,21.89,0,0.624,-0.0543923784204604,95.4,2.4699,4,437,21.2,388.69,2197977171.4431095,18.4
0.97617,0.0,21.89,0,0.624,-0.012666413641734847,98.4,2.346,4,437,21.2,262.76,2513306880.2506824,15.6
0.55778,0.0,21.89,0,0.624,0.20399004776561097,98.2,2.1107,4,437,21.2,394.67,2514092583.472263,18.1
0.32264,0.0,21.89,0,0.624,-0.14340617146942355,93.5,1.9669,4,437,21.2,378.25,2476440377.0437727,17.4
0.35233,0.0,21.89,0,0.624,-0.15764494511248067,98.4,1.8498,4,437,21.2,394.08,2139396611.399642,17.1
0.2498,0.0,21.89,0,0.624,0.12235352222977389,98.2,1.6686,4,437,21.2,392.04,3131376862.954162,13.3
0.54452,0.0,21.89,0,0.624,0.10186715969270875,97.9,1.6687,4,437,21.2,396.9,2682140602.6785464,17.8
0.2909,0.0,21.89,0,0.624,0.07509134041866182,93.6,1.6119,4,437,21.2,388.08,3535569300.9465184,14.0
1.62864,0.0,21.89,0,0.624,-0.016914576413242774,100.0,1.4394,4,437,21.2,396.9,5014289441.27685,14.4
3.32105,0.0,19.58,1,0.871,-0.22847669378587782,100.0,1.3216,5,403,14.7,396.9,3906102530.33473,13.4
4.0974,0.0,19.58,0,0.871,0.13212480933471565,100.0,1.4118,5,403,14.7,396.9,3856460689.998198,15.6
2.77974,0.0,19.58,0,0.871,-0.1610913701896438,97.8,1.3459,5,403,14.7,396.9,4205459268.8814487,11.8
2.37934,0.0,19.58,0,0.871,0.014390191179006417,100.0,1.4191,5,403,14.7,172.91,4025766067.1619835,13.8
2.15505,0.0,19.58,0,0.871,-0.08890477490714291,100.0,1.5166,5,403,14.7,169.27,2413788699.3672433,15.6
2.36862,0.0,19.58,0,0.871,0.019167490820355956,95.7,1.4608,5,403,14.7,391.71,4284941874.565522,14.6
2.33099,0.0,19.58,0,0.871,0.07928421572598017,93.8,1.5296,5,403,14.7,356.99,4128872794.6428275,17.8
2.73397,0.0,19.58,0,0.871,0.007953958174453393,94.9,1.5257,5,403,14.7,351.85,3128731934.319097,15.4
1.6566,0.0,19.58,0,0.871,0.33014250968065795,97.3,1.618,5,403,14.7,372.8,2060115924.9547055,21.5
1.49632,0.0,19.58,0,0.871,-0.3387136654227083,100.0,1.5916,5,403,14.7,341.6,1937723905.530981,19.6
1.12658,0.0,19.58,1,0.871,-0.04480503611922735,88.0,1.6102,5,403,14.7,343.28,1807122353.373812,15.3
2.14918,0.0,19.58,0,0.871,0.22073507812804483,98.5,1.6232,5,403,14.7,261.95,2319606050.1757464,19.4
1.41385,0.0,19.58,1,0.871,-0.12629503655744956,96.0,1.7494,5,403,14.7,321.02,2231060933.1157856,17.0
3.53501,0.0,19.58,1,0.871,0.04263333454558117,82.6,1.7455,5,403,14.7,88.01,2185214170.6905017,15.6
2.44668,0.0,19.58,0,0.871,0.2600927261867233,94.0,1.7364,5,403,14.7,88.63,2364839017.4116316,13.1
1.22358,0.0,19.58,0,0.605,-0.11118780186509042,97.4,1.8773,5,403,14.7,363.43,617528454.251561,41.3
1.34284,0.0,19.58,0,0.605,0.20161712884277355,100.0,1.7573,5,403,14.7,353.89,925039557.7151837,24.3
1.42502,0.0,19.58,0,0.871,0.053149568824265796,100.0,1.7659,5,403,14.7,364.31,1108530333.3271394,23.3
1.27346,0.0,19.58,1,0.605,0.14733359582523994,92.6,1.7984,5,403,14.7,338.92,777420896.3870604,27.0
1.46336,0.0,19.58,0,0.605,-0.3926155906326298,90.8,1.9709,5,403,14.7,374.43,298496968.71691644,50.0
1.83377,0.0,19.58,1,0.605,-0.12316911571401987,98.2,2.0407,5,403,14.7,389.61,279350330.0025831,50.0
1.51902,0.0,19.58,1,0.605,-0.13241366837991156,93.9,2.162,5,403,14.7,388.45,471648927.6057089,50.0
2.24236,0.0,19.58,0,0.605,0.05592802828492563,91.8,2.422,5,403,14.7,395.11,1663309127.8194232,22.7
2.924,0.0,19.58,0,0.605,-0.16227437925930643,93.0,2.2834,5,403,14.7,240.16,1483992179.5258763,25.0
2.01019,0.0,19.58,0,0.605,0.049119491026814684,96.2,2.0459,5,403,14.7,369.3,512033528.78574723,50.0
1.80028,0.0,19.58,0,0.605,0.09154854446989023,79.2,2.4259,5,403,14.7,227.61,1747618867.5903287,23.8
2.3004,0.0,19.58,0,0.605,-0.1865425675950222,96.1,2.1,5,403,14.7,297.09,1596419348.6173632,23.8
2.44953,0.0,19.58,0,0.605,-0.07020186260300071,95.2,2.2625,5,403,14.7,330.04,1665756498.5511777,22.3
1.20742,0.0,19.58,0,0.605,-0.10747939737617862,94.6,2.4259,5,403,14.7,292.29,2106230635.8853729,17.4
2.3139,0.0,19.58,0,0.605,-0.014472207838036377,97.3,2.3887,5,403,14.7,348.13,1736814170.40574,19.1
0.13914,0.0,4.05,0,0.51,-0.0795355712864827,88.5,2.5961,5,296,16.6,396.9,2139513979.144781,23.1
0.09178,0.0,4.05,0,0.51,-0.1290270894132812,84.1,2.6463,5,296,16.6,395.5,1336933222.4639962,23.6
0.08447,0.0,4.05,0,0.51,0.12369626379753668,68.7,2.7019,5,296,16.6,393.23,1408404700.488978,22.6
0.06664,0.0,4.05,0,0.51,-0.19399169854174092,33.1,3.1323,5,296,16.6,390.96,788364754.110589,29.4
0.07022,0.0,4.05,0,0.51,0.0051579048724337655,47.2,3.5549,5,296,16.6,393.23,1477270275.3573797,23.2
0.05425,0.0,4.05,0,0.51,-0.10158712197471177,73.4,3.3175,5,296,16.6,395.6,937698516.1064986,24.6
0.06642,0.0,4.05,0,0.51,0.10838488162782839,74.4,2.9153,5,296,16.6,391.27,1024413946.700815,29.9
0.0578,0.0,2.46,0,0.488,0.0822594054296757,58.4,2.829,3,193,17.8,396.9,751572213.6330447,37.2
0.06588,0.0,2.46,0,0.488,-0.03284853728698237,83.3,2.741,3,193,17.8,395.56,1106915827.9958014,39.8
0.06888,0.0,2.46,0,0.488,0.11807529549778092,62.2,2.5979,3,193,17.8,396.9,1377660894.1147585,36.2
0.09103,0.0,2.46,0,0.488,0.07570405931432096,92.2,2.7006,3,193,17.8,394.12,726386450.930934,37.9
0.10008,0.0,2.46,0,0.488,-0.0735532493592689,95.6,2.847,3,193,17.8,396.9,822945926.5631211,32.5
0.08308,0.0,2.46,0,0.488,0.14464098089449812,89.8,2.9879,3,193,17.8,391.0,2012110636.6170812,26.4
0.06047,0.0,2.46,0,0.488,0.10394396554489704,68.8,3.2797,3,193,17.8,387.11,1931907302.1052406,29.6
0.05602,0.0,2.46,0,0.488,-0.2496301212255095,53.6,3.1992,3,193,17.8,392.63,667900805.1704433,50.0
0.07875,45.0,3.44,0,0.437,-0.024276789767352237,41.1,3.7886,5,398,15.2,393.87,1005208189.2682047,32.0
0.12579,45.0,3.44,0,0.437,0.12191933687357481,29.1,4.5667,5,398,15.2,382.84,674617747.9156218,29.8
0.0837,45.0,3.44,0,0.437,-0.01617016250768573,38.9,4.5667,5,398,15.2,396.9,745258627.351618,34.9
0.09068,45.0,3.44,0,0.437,0.08899739619233805,21.5,6.4798,5,398,15.2,377.68,748849464.378753,37.0
0.06911,45.0,3.44,0,0.437,0.11198692643418648,30.8,6.4798,5,398,15.2,389.71,683945616.5875204,30.5
0.08664,45.0,3.44,0,0.437,-0.14250547302192684,26.3,6.4798,5,398,15.2,390.49,428338200.26003367,36.4
0.02187,60.0,2.93,0,0.401,-0.0753530940202699,9.9,6.2196,1,265,15.6,393.37,721097323.729417,31.1
0.01439,60.0,2.93,0,0.401,0.027028313346454072,18.8,6.2196,1,265,15.6,376.7,639992696.4968011,29.1
0.01381,80.0,0.46,0,0.422,0.022864273912925177,32.0,5.6484,4,255,14.4,394.23,406768374.0668205,50.0
0.04011,80.0,1.52,0,0.404,-0.07339051632985907,34.1,7.309,2,329,12.6,396.9,605651958.0744197,33.3
0.04666,80.0,1.52,0,0.404,0.047269645133157095,36.6,7.309,2,329,12.6,354.31,1276967206.5737762,30.3
0.03768,80.0,1.52,0,0.404,-0.10838720691171594,38.3,7.309,2,329,12.6,392.2,953436219.0592146,34.6
0.0315,95.0,1.47,0,0.403,-0.34906117198811665,15.3,7.6534,3,402,17.0,396.9,691790657.9480234,34.9
0.01778,95.0,1.47,0,0.403,0.010494221698500623,13.9,7.6534,3,402,17.0,384.3,648862843.9622831,32.9
0.03445,82.5,2.03,0,0.415,0.023417312419683804,38.4,6.27,2,348,14.7,393.77,1074395421.0314093,24.1
0.02177,82.5,2.03,0,0.415,0.11783951607873756,15.7,6.27,2,348,14.7,395.38,452304154.824836,42.3
0.0351,95.0,2.68,0,0.4161,0.22353954796366382,33.2,5.118,4,224,14.7,392.78,534579041.72924745,48.5
0.02009,95.0,2.68,0,0.4161,0.25618392599807005,31.9,5.118,4,224,14.7,390.55,429799766.05248755,50.0
0.13642,0.0,10.59,0,0.489,-0.08395868936078858,22.3,3.9454,4,277,18.6,396.9,1578413872.9787233,22.6
0.22969,0.0,10.59,0,0.489,0.14926982360069863,52.5,4.3549,4,277,18.6,394.87,1594691956.0487447,24.4
0.25199,0.0,10.59,0,0.489,0.13367471031461728,72.7,4.3549,4,277,18.6,389.43,2647669758.9822454,22.5
0.13587,0.0,10.59,1,0.489,0.08563013276303691,59.1,4.2392,4,277,18.6,381.32,2116396045.970344,24.4
0.43571,0.0,10.59,1,0.489,0.20529887120705784,100.0,3.875,4,277,18.6,396.9,3373230184.4372883,20.0
0.17446,0.0,10.59,1,0.489,0.17054863917247817,92.1,3.8771,4,277,18.6,393.25,2509855167.5928674,21.7
0.37578,0.0,10.59,1,0.489,0.025284994492099,88.6,3.665,4,277,18.6,395.24,3492860400.242837,19.3
0.21719,0.0,10.59,1,0.489,-0.13966178477395685,53.8,3.6526,4,277,18.6,390.94,2338683182.0798254,22.4
0.14052,0.0,10.59,0,0.489,-0.06435544593890108,32.3,3.9454,4,277,18.6,385.81,1397853978.7738652,28.1
0.28955,0.0,10.59,0,0.489,0.18290033359666819,9.8,3.5875,4,277,18.6,348.93,4292931539.1683154,23.7
0.19802,0.0,10.59,0,0.489,0.2015297989649537,42.4,3.9454,4,277,18.6,393.63,1347632183.9181986,25.0
0.0456,0.0,13.89,1,0.55,-0.1976050976938016,56.0,3.1121,5,276,16.4,392.8,1953829672.7207618,23.3
0.07013,0.0,13.89,0,0.55,0.13850445797253533,85.1,3.4211,5,276,16.4,392.78,1381901832.3100846,28.7
0.11069,0.0,13.89,1,0.55,-0.013641662222440504,93.8,2.8893,5,276,16.4,396.9,2619957701.950448,21.5
0.11425,0.0,13.89,1,0.55,-0.1470013521821996,92.4,3.3633,5,276,16.4,393.74,1489009679.1705036,23.0
0.35809,0.0,6.2,1,0.507,-0.02970133231910861,88.5,2.8617,8,307,17.4,391.7,1386590935.3472729,26.7
0.40771,0.0,6.2,1,0.507,0.10929595595984842,91.3,3.048,8,307,17.4,395.24,3130930776.7388387,21.7
0.62356,0.0,6.2,1,0.507,-0.018789646628577246,77.7,3.2721,8,307,17.4,390.39,1486186105.8294053,27.5
0.6147,0.0,6.2,0,0.507,-0.11522830733620189,80.8,3.2721,8,307,17.4,396.9,1096989119.150592,30.1
0.31533,0.0,6.2,0,0.504,-0.11412853889843952,78.3,2.8944,8,307,17.4,385.05,585374068.9773045,44.8
0.52693,0.0,6.2,0,0.504,0.2249028245412772,83.0,2.8944,8,307,17.4,382.0,654049617.0085149,50.0
0.38214,0.0,6.2,0,0.504,-0.04286550782058169,86.5,3.2157,8,307,17.4,387.38,491141016.753347,37.6
0.41238,0.0,6.2,0,0.504,-0.10892550570157705,79.9,3.2157,8,307,17.4,372.08,892683537.075909,31.6
0.29819,0.0,6.2,0,0.504,0.09019517823563603,17.0,3.3751,8,307,17.4,377.51,590668374.4725602,46.7
0.44178,0.0,6.2,0,0.504,0.009066870752622764,21.4,3.3751,8,307,17.4,380.34,518911369.2711605,31.5
0.537,0.0,6.2,0,0.504,0.03611476168956565,68.1,3.6715,8,307,17.4,378.35,1707438061.0467198,24.3
0.46296,0.0,6.2,0,0.504,-0.25713168335827113,76.9,3.6715,8,307,17.4,376.14,753992121.2982734,31.7
0.57529,0.0,6.2,0,0.507,0.15455857494810815,73.3,3.8384,8,307,17.4,385.91,386472586.09038264,41.7
0.33147,0.0,6.2,0,0.507,-0.013886324839082784,70.4,3.6519,8,307,17.4,378.95,578516302.7523175,48.3
0.44791,0.0,6.2,1,0.507,-0.10406954062330827,66.5,3.6519,8,307,17.4,360.2,1194648157.0489461,29.0
0.33045,0.0,6.2,0,0.507,-0.13331495283134653,61.5,3.6519,8,307,17.4,376.75,1578405056.5030317,24.0
0.52058,0.0,6.2,1,0.507,0.13570623979703958,76.5,4.148,8,307,17.4,388.45,1375223948.2677104,25.1
0.51183,0.0,6.2,0,0.507,0.10410904996938401,71.6,4.148,8,307,17.4,390.07,700759302.314251,31.5
0.08244,30.0,4.93,0,0.428,-0.08171659249422235,18.5,6.1899,6,300,16.6,379.41,913410383.4662718,23.7
0.09252,30.0,4.93,0,0.428,-0.19664336281646283,42.2,6.1899,6,300,16.6,383.78,1065178775.9113921,23.3
0.11329,30.0,4.93,0,0.428,-0.04382300078707967,54.3,6.3361,6,300,16.6,391.25,1661812840.4904468,22.0
0.10612,30.0,4.93,0,0.428,0.06215212749024382,65.1,6.3361,6,300,16.6,394.62,1782027967.3308136,20.1
0.1029,30.0,4.93,0,0.428,0.023278359841465347,52.9,7.0355,6,300,16.6,372.75,1630745142.8780768,22.2
0.12757,30.0,4.93,0,0.428,0.10619659159606488,7.8,7.0355,6,300,16.6,374.71,780318986.5685726,23.7
0.20608,22.0,5.86,0,0.431,0.2173548061937271,76.5,7.9549,7,330,19.1,372.49,1782572817.6878486,17.6
0.19133,22.0,5.86,0,0.431,0.06345376106592629,70.2,7.9549,7,330,19.1,389.13,2687840701.2450533,18.5
0.33983,22.0,5.86,0,0.431,0.05114165505278058,34.9,8.0555,7,330,19.1,390.18,1294970750.125995,24.3
0.19657,22.0,5.86,0,0.431,-0.1870308113319497,79.2,8.0555,7,330,19.1,376.14,1472777213.835649,20.5
0.16439,22.0,5.86,0,0.431,-0.0014054614164000293,49.1,7.8265,7,330,19.1,374.71,1361505792.871141,24.5
0.19073,22.0,5.86,0,0.431,-0.1395073314189753,17.5,7.8265,7,330,19.1,393.74,975888116.4557486,26.2
0.1403,22.0,5.86,0,0.431,0.0001692277095871747,13.0,7.3967,7,330,19.1,396.28,872875084.1996266,24.4
0.21409,22.0,5.86,0,0.431,0.4013255867058673,8.9,7.3967,7,330,19.1,377.07,542837159.7621423,24.8
0.08221,22.0,5.86,0,0.431,0.06563678637276696,6.8,8.9067,7,330,19.1,386.09,507092434.1955548,29.6
0.36894,22.0,5.86,0,0.431,-0.09982215837885693,8.4,8.9067,7,330,19.1,396.9,525978947.4054501,42.8
0.04819,80.0,3.64,0,0.392,0.08399002561617765,32.0,9.2203,1,315,16.4,392.89,952604677.8183396,21.9
0.03548,80.0,3.64,0,0.392,-0.02964167359376295,19.1,9.2203,1,315,16.4,395.18,1304737410.1815755,20.9
0.01538,90.0,3.75,0,0.394,-0.04355031147437252,34.2,6.3361,3,244,15.9,386.34,436535720.3757428,44.0
0.61154,20.0,3.97,0,0.647,-0.12841144274611105,86.9,1.801,5,264,13.0,389.7,733392053.1724688,50.0
0.66351,20.0,3.97,0,0.647,0.2142598746447295,100.0,1.8946,5,264,13.0,383.29,1124149742.9996412,36.0
0.65665,20.0,3.97,0,0.647,0.21861071608736166,100.0,2.0107,5,264,13.0,391.93,997658729.9402807,30.1
0.54011,20.0,3.97,0,0.647,-0.2292460765835253,81.8,2.1121,5,264,13.0,392.8,1393889994.778497,33.8
0.53412,20.0,3.97,0,0.647,-0.10267838460609158,89.4,2.1398,5,264,13.0,388.37,1054120502.7291895,43.1
0.52014,20.0,3.97,0,0.647,-0.15941467028303594,91.5,2.2885,5,264,13.0,386.86,879060878.9898596,48.8
0.82526,20.0,3.97,0,0.647,-0.2166565411598517,94.5,2.0788,5,264,13.0,393.42,1635147686.2122192,31.0
0.55007,20.0,3.97,0,0.647,0.18016263677667965,91.6,1.9301,5,264,13.0,387.89,1177216580.6155374,36.5
0.76162,20.0,3.97,0,0.647,0.3624807131213484,62.8,1.9865,5,264,13.0,392.4,1510222692.3532383,22.8
0.7857,20.0,3.97,0,0.647,0.2859155321275365,84.6,2.1329,5,264,13.0,384.07,2138968031.713557,30.7
0.57834,20.0,3.97,0,0.575,0.24857014849067324,67.0,2.4216,5,264,13.0,384.54,1091800445.4525187,50.0
0.5405,20.0,3.97,0,0.575,0.03176334316358044,52.6,2.872,5,264,13.0,390.3,452603161.2225728,43.5
0.09065,20.0,6.96,1,0.464,0.0714169463927293,61.5,3.9175,3,223,18.6,391.34,1976466949.3290696,20.7
0.29916,20.0,6.96,0,0.464,0.08765791407931804,42.1,4.429,3,223,18.6,388.65,1867471205.5291073,21.1
0.16211,20.0,6.96,0,0.464,0.03557069915083362,16.3,4.429,3,223,18.6,396.9,977784716.1466265,25.2
0.1146,20.0,6.96,0,0.464,0.09729147465681026,58.7,3.9175,3,223,18.6,394.96,1137939191.1920788,24.4
0.22188,20.0,6.96,1,0.464,0.03670069389976025,51.8,4.3665,3,223,18.6,390.77,945272376.6856185,35.2
0.05644,40.0,6.41,1,0.447,-0.06251999280549507,32.9,4.0776,4,254,17.6,396.9,494705634.98131335,32.4
0.09604,40.0,6.41,0,0.447,0.08510446349843048,42.8,4.2673,4,254,17.6,396.9,458914929.46008444,32.0
0.10469,40.0,6.41,1,0.447,0.05563045361603893,49.0,4.7872,4,254,17.6,389.25,906476211.7137318,33.2
0.06127,40.0,6.41,1,0.447,0.10479255594111872,27.6,4.8628,4,254,17.6,393.45,609190052.1915026,33.1
0.07978,40.0,6.41,0,0.447,0.09445158968391992,32.1,4.1403,4,254,17.6,396.9,1033928000.7811171,29.1
0.21038,20.0,3.33,0,0.4429,-0.00684572091313157,32.2,4.1007,5,216,14.9,396.9,677351093.9243255,35.1
0.03578,20.0,3.33,0,0.4429,0.019739065394924052,64.5,4.6947,5,216,14.9,387.31,583168215.8575636,45.4
0.03705,20.0,3.33,0,0.4429,-0.10193448443799046,37.2,5.2447,5,216,14.9,392.23,623709210.0931885,35.4
0.06129,20.0,3.33,1,0.4429,0.32244236337990895,49.7,5.2119,5,216,14.9,377.07,467071326.3326836,46.0
0.01501,90.0,1.21,1,0.401,-0.1535904696321695,24.8,5.885,1,198,13.6,395.52,472104447.55402166,50.0
0.00906,90.0,2.97,0,0.4,0.06620276250140139,20.8,7.3073,1,285,15.3,394.72,1146329461.0355942,32.2
0.01096,55.0,2.25,0,0.389,0.3210121964871469,31.9,7.3073,1,300,15.3,394.72,1186251332.4252734,22.0
0.01965,80.0,1.76,0,0.385,-0.061354043867614616,31.5,9.0892,1,241,18.2,341.6,1886979830.987926,20.1
0.03871,52.5,5.32,0,0.405,0.13996250691675655,31.3,7.3172,6,293,16.6,396.9,1036758065.5185151,23.2
0.0459,52.5,5.32,0,0.405,0.07513903183314335,45.6,7.3172,6,293,16.6,396.9,1137950047.9220526,22.3
0.04297,52.5,5.32,0,0.405,0.0022633161486527026,22.9,7.3172,6,293,16.6,371.72,1356593304.0218487,24.8
0.03502,80.0,4.95,0,0.411,-0.003955311237713935,27.9,5.1167,4,245,19.2,396.9,470481831.08164173,28.5
0.07886,80.0,4.95,0,0.411,0.11706493094072043,27.7,5.1167,4,245,19.2,396.9,525430533.96332747,37.3
0.03615,80.0,4.95,0,0.411,0.0792093943919019,23.4,5.1167,4,245,19.2,396.9,719568748.2276741,27.9
0.08265,0.0,13.92,0,0.437,0.01020051014251584,18.4,5.5027,4,289,16.0,396.9,1226495304.638786,23.9
0.08199,0.0,13.92,0,0.437,-0.06609104335701818,42.3,5.5027,4,289,16.0,396.9,1483545726.9412735,21.7
0.12932,0.0,13.92,0,0.437,-0.22177521542116235,31.1,5.9604,4,289,16.0,396.9,924575528.8944355,28.6
0.05372,0.0,13.92,0,0.437,-0.1799897058720807,51.0,5.9604,4,289,16.0,392.85,1071497205.2101015,27.1
0.14103,0.0,13.92,0,0.437,0.12259117564569043,58.0,6.32,4,289,16.0,396.9,2319185087.137619,20.3
0.06466,70.0,2.24,0,0.4,0.08957898593589553,20.1,7.8278,5,358,14.8,368.24,743603036.4358054,22.5
0.05561,70.0,2.24,0,0.4,-0.023890608394198265,10.0,7.8278,5,358,14.8,371.58,662331407.1965083,29.0
0.04417,70.0,2.24,0,0.4,-0.007078848262672285,47.4,7.8278,5,358,14.8,390.86,872597405.4818208,24.8
0.03537,34.0,6.09,0,0.433,0.048298962819251695,40.4,5.4917,7,329,16.1,395.75,1343697904.6790967,22.0
0.09266,34.0,6.09,0,0.433,-0.0694867344625543,18.4,5.4917,7,329,16.1,383.61,1255454640.6726217,26.4
0.1,34.0,6.09,0,0.433,0.18122423295142343,17.7,5.4917,7,329,16.1,390.43,701301806.2759162,33.1
0.05515,33.0,2.18,0,0.472,-0.22339988382255066,41.1,4.022,7,222,18.4,393.68,1007862300.6947827,36.1
0.05479,33.0,2.18,0,0.472,-0.08131495027218048,58.1,3.37,7,222,18.4,393.36,1330603882.8454905,28.4
0.07503,33.0,2.18,0,0.472,0.25781732760378673,71.9,3.0992,7,222,18.4,396.9,949499523.0915822,33.4
0.04932,33.0,2.18,0,0.472,0.009872168799445705,70.3,3.1827,7,222,18.4,396.9,1126624491.0636685,28.2
0.49298,0.0,9.9,0,0.544,0.07819418514681128,82.5,3.3175,4,304,18.4,396.9,630139598.149303,22.8
0.3494,0.0,9.9,0,0.544,0.18213122147606048,76.7,3.1025,4,304,18.4,396.24,1477613380.2829711,20.3
2.63548,0.0,9.9,0,0.544,-0.35775179054476847,37.8,2.5194,4,304,18.4,350.45,1824652138.6325815,16.1
0.79041,0.0,9.9,0,0.544,0.26106782402188705,52.8,2.6403,4,304,18.4,396.9,853096397.4576801,22.1
0.26169,0.0,9.9,0,0.544,-0.019556561551991432,90.4,2.834,4,304,18.4,396.3,1701557278.9237034,19.4
0.26938,0.0,9.9,0,0.544,-0.025178138022550277,82.8,3.2628,4,304,18.4,393.39,1185866326.9643188,21.6
0.3692,0.0,9.9,0,0.544,-0.03830294327128164,87.3,3.6023,4,304,18.4,395.69,1371422171.6286926,23.8
0.25356,0.0,9.9,0,0.544,-0.34976915659885893,77.7,3.945,4,304,18.4,396.42,1700486690.9445987,16.2
0.31827,0.0,9.9,0,0.544,-0.012030531122893456,83.2,3.9986,4,304,18.4,390.7,2658187489.2396917,17.8
0.24522,0.0,9.9,0,0.544,-0.2062387145752003,71.7,4.0317,4,304,18.4,396.9,2319474845.1135454,19.8
0.40202,0.0,9.9,0,0.544,0.07132255366503948,67.2,3.5325,4,304,18.4,395.21,1475524024.6676428,23.1
0.47547,0.0,9.9,0,0.544,0.19806394737017702,58.8,4.0019,4,304,18.4,396.23,1861492794.2926252,21.0
0.1676,0.0,7.38,0,0.493,0.25078214240514124,52.3,4.5404,5,287,19.6,396.9,1046845944.3718258,23.8
0.18159,0.0,7.38,0,0.493,0.2704662957018378,54.3,4.5404,5,287,19.6,396.9,985238962.387779,23.1
0.35114,0.0,7.38,0,0.493,0.061815034005535535,49.9,4.7211,5,287,19.6,396.9,1138148784.9141552,20.4
0.28392,0.0,7.38,0,0.493,-0.16290344281253855,74.3,4.7211,5,287,19.6,391.13,1695291393.733678,18.5
0.34109,0.0,7.38,0,0.493,0.13296332325567933,40.1,4.7211,5,287,19.6,396.9,882771470.5880935,25.0
0.19186,0.0,7.38,0,0.493,0.16536565798390734,14.7,5.4159,5,287,19.6,393.68,775935532.4415045,24.6
0.30347,0.0,7.38,0,0.493,0.3537540487066677,28.9,5.4159,5,287,19.6,396.9,905229444.7338428,23.0
0.24103,0.0,7.38,0,0.493,0.16966344780623294,43.7,5.4159,5,287,19.6,396.9,1876704906.4846087,22.2
0.06617,0.0,3.24,0,0.46,0.09430856945783503,25.8,5.2146,4,430,16.9,382.44,1488207443.7486415,19.3
0.06724,0.0,3.24,0,0.46,-0.04256297938695411,17.2,5.2146,4,430,16.9,375.21,1056811910.4520743,22.6
0.04544,0.0,3.24,0,0.46,-0.09391614482421139,32.2,5.8736,4,430,16.9,368.57,1354094830.7429357,19.8
0.05023,35.0,6.06,0,0.4379,-0.015371195345824248,28.4,6.6407,1,304,16.9,394.02,1798968604.3357902,17.1
0.03466,35.0,6.06,0,0.4379,-0.027558257677374395,23.3,6.6407,1,304,16.9,362.25,1129515296.440699,19.4
0.05083,0.0,5.19,0,0.515,0.05286279315962303,38.1,6.4584,5,224,20.2,389.71,867272622.2696327,22.2
0.03738,0.0,5.19,0,0.515,0.1527385731481013,38.5,6.4584,5,224,20.2,389.4,966597206.2034425,20.7
0.03961,0.0,5.19,0,0.515,0.0013516939218127244,34.5,5.9853,5,224,20.2,396.9,1186597025.0099945,21.1
0.03427,0.0,5.19,0,0.515,-0.017686677887693535,46.3,5.2311,5,224,20.2,396.9,1428915431.605518,19.5
0.03041,0.0,5.19,0,0.515,0.038452750582985515,59.6,5.615,5,224,20.2,394.81,1497573497.9645069,18.5
0.03306,0.0,5.19,0,0.515,0.008421613073073451,37.3,4.8122,5,224,20.2,396.14,1240468539.7461812,20.6
0.05497,0.0,5.19,0,0.515,-0.17247776578246637,45.4,4.8122,5,224,20.2,396.9,1422285109.8459737,19.0
0.06151,0.0,5.19,0,0.515,0.11190299016384345,58.5,4.8122,5,224,20.2,396.9,1328322595.304866,18.7
0.01301,35.0,1.52,0,0.442,-0.13736786605608206,49.3,7.0379,1,284,15.5,394.74,832590177.8450309,32.7
0.02498,0.0,1.89,0,0.518,-0.08702553036043752,59.7,6.2669,1,422,15.9,389.96,1216445044.5394404,16.5
0.02543,55.0,3.78,0,0.484,-0.046539157464987206,56.4,5.7321,5,370,17.6,396.9,1052339971.2048895,23.9
0.03049,55.0,3.78,0,0.484,0.11300987803162221,28.1,6.4654,5,370,17.6,387.97,697604180.0086327,31.2
0.03113,0.0,4.39,0,0.442,0.041137444137172754,48.5,8.0136,3,352,18.8,385.64,1531262206.7435527,17.5
0.06162,0.0,4.39,0,0.442,-0.16526103417133184,52.3,8.0136,3,352,18.8,364.61,1839129624.5812747,17.2
0.0187,85.0,4.15,0,0.429,-0.035615763164668204,27.7,8.5353,4,351,17.9,392.43,906102024.368883,23.1
0.01501,80.0,2.01,0,0.435,0.16006899229527563,29.7,8.344,4,280,17.0,390.94,873114096.9642308,24.5
0.02899,40.0,1.25,0,0.429,-0.023492427880051996,34.5,8.7921,1,335,19.7,389.85,898188488.2978922,26.6
0.06211,40.0,1.25,0,0.429,-0.016404319603219614,44.4,8.7921,1,335,19.7,396.9,825800370.0606183,22.9
0.0795,60.0,1.69,0,0.411,-0.24007862346483946,35.9,10.7103,4,411,18.3,370.78,799202641.8594662,24.1
0.07244,60.0,1.69,0,0.411,0.19485611921150475,18.5,10.7103,4,411,18.3,392.33,1130057994.2739732,18.6
0.01709,90.0,2.02,0,0.41,-0.10770135381326612,36.1,12.1265,5,187,17.0,384.46,668106903.4923935,30.1
0.04301,80.0,1.91,0,0.413,0.17777150476505327,21.9,10.5857,4,334,22.0,382.8,1173384548.2461948,18.2
0.10659,80.0,1.91,0,0.413,0.4318402211244762,19.5,10.5857,4,334,22.0,376.04,789471761.9237856,20.6
8.98296,0.0,18.1,1,0.77,0.16188215907506037,97.4,2.1222,24,666,20.2,377.73,2581765166.8440957,17.8
3.8497,0.0,18.1,1,0.77,0.19022155053421338,91.0,2.5052,24,666,20.2,391.34,1977935671.3254004,21.7
5.20177,0.0,18.1,1,0.77,0.1198380060657965,83.4,2.7227,24,666,20.2,395.43,1658962795.6604192,22.7
4.26131,0.0,18.1,0,0.77,-0.011251559134215577,81.3,2.5091,24,666,20.2,390.74,1846543693.5794816,22.6
4.54192,0.0,18.1,0,0.77,0.3772713540411707,88.0,2.5182,24,666,20.2,374.56,1094880245.7648954,25.0
3.83684,0.0,18.1,0,0.77,0.16942123764936917,91.1,2.2955,24,666,20.2,350.65,2080270409.3412724,19.9
3.67822,0.0,18.1,0,0.77,-0.00517295419814969,96.2,2.1036,24,666,20.2,380.79,1484185240.4803011,20.8
4.22239,0.0,18.1,1,0.77,0.01335936016395825,89.0,1.9047,24,666,20.2,353.04,2097487081.3426213,16.8
3.47428,0.0,18.1,1,0.718,0.0226534457731336,82.9,1.9047,24,666,20.2,354.55,777433909.3118112,21.9
4.55587,0.0,18.1,0,0.718,0.07379719707136166,87.9,1.6132,24,666,20.2,354.7,1021280086.0677325,27.5
3.69695,0.0,18.1,0,0.718,-0.003761913968639688,91.4,1.7523,24,666,20.2,316.03,2059443307.7436385,21.9
13.5222,0.0,18.1,0,0.631,-0.13610618706178257,100.0,1.5106,24,666,20.2,131.42,1964940847.7001786,23.1
4.89822,0.0,18.1,0,0.631,0.3642721697029574,100.0,1.3325,24,666,20.2,375.52,462230676.5047868,50.0
5.66998,0.0,18.1,1,0.631,0.1756514728312655,96.8,1.3567,24,666,20.2,375.33,546740557.2317936,50.0
6.53876,0.0,18.1,1,0.631,0.25462178018486636,97.5,1.2024,24,666,20.2,392.05,439293267.52080125,50.0
9.2323,0.0,18.1,0,0.631,0.04916828798490079,100.0,1.1691,24,666,20.2,366.15,1336415575.57708,50.0
8.26725,0.0,18.1,1,0.668,-0.07112423859273165,89.6,1.1296,24,666,20.2,347.88,1287050819.6475616,50.0
11.1081,0.0,18.1,0,0.668,0.21580245359490838,100.0,1.1742,24,666,20.2,396.9,5072886492.804575,13.8
18.4982,0.0,18.1,0,0.668,0.0048620216599881,100.0,1.137,24,666,20.2,396.9,5551453370.472318,13.8
19.6091,0.0,18.1,0,0.671,0.016330801506661417,97.9,1.3163,24,666,20.2,396.9,1942244346.9782898,15.0
15.288,0.0,18.1,0,0.671,0.06618751292002156,93.3,1.3449,24,666,20.2,363.02,3352339941.318272,13.9
9.82349,0.0,18.1,0,0.671,0.13055222785676174,98.8,1.358,24,666,20.2,396.9,3053680266.892071,13.3
23.6482,0.0,18.1,0,0.671,-0.1779435133944192,96.2,1.3861,24,666,20.2,396.9,3444229376.639747,13.1
17.8667,0.0,18.1,0,0.671,0.05165280771849115,100.0,1.3861,24,666,20.2,393.74,3126844920.375356,10.2
88.9762,0.0,18.1,0,0.671,0.021364602998700993,91.9,1.4165,24,666,20.2,396.9,2520025041.76398,10.4
15.8744,0.0,18.1,0,0.671,0.010385281369200111,99.1,1.5192,24,666,20.2,396.9,3074894182.6018505,10.9
9.18702,0.0,18.1,0,0.7,-0.05549511338704366,100.0,1.5804,24,666,20.2,396.9,3474632245.73151,11.3
7.99248,0.0,18.1,0,0.7,-0.084201441144618,100.0,1.5331,24,666,20.2,396.9,3577964892.7598934,12.3
20.0849,0.0,18.1,0,0.7,-0.01758601841439469,91.2,1.4395,24,666,20.2,285.83,4439816791.630871,8.8
16.8118,0.0,18.1,0,0.7,-0.20272540018957344,98.1,1.4261,24,666,20.2,396.9,4488420878.209443,7.2
24.3938,0.0,18.1,0,0.7,-0.35286516066845713,100.0,1.4672,24,666,20.2,396.9,4100506300.957166,10.5
22.5971,0.0,18.1,0,0.7,0.07339690201345411,89.5,1.5184,24,666,20.2,396.9,4644251639.552122,7.4
14.3337,0.0,18.1,0,0.7,-0.18231351605055404,100.0,1.5895,24,666,20.2,372.92,4441121689.69526,10.2
8.15174,0.0,18.1,0,0.7,-0.1448546071445358,98.9,1.7281,24,666,20.2,396.9,3052469968.267324,11.5
6.96215,0.0,18.1,0,0.7,-0.017198329708150766,97.0,1.9265,24,666,20.2,394.43,2462606659.302844,15.1
5.29305,0.0,18.1,0,0.7,-0.0925764592861387,82.5,2.1678,24,666,20.2,378.38,2751551331.6633415,23.2
11.5779,0.0,18.1,0,0.7,-0.005355270024222286,97.0,1.77,24,666,20.2,396.9,3730892224.7672396,9.7
8.64476,0.0,18.1,0,0.693,-0.03416676395994621,92.6,1.7912,24,666,20.2,396.9,2198239230.3045006,13.8
13.3598,0.0,18.1,0,0.693,0.05981604268624929,94.7,1.7821,24,666,20.2,396.9,2391924612.809876,12.7
8.71675,0.0,18.1,0,0.693,0.07241838307596515,98.8,1.7257,24,666,20.2,391.98,2483292141.0754256,13.1
5.87205,0.0,18.1,0,0.693,-0.06678595785643412,96.0,1.6768,24,666,20.2,396.9,2807317532.224454,12.5
7.67202,0.0,18.1,0,0.693,0.10900508138788217,98.9,1.6334,24,666,20.2,393.1,2887670591.663668,8.5
38.3518,0.0,18.1,0,0.693,0.06478810842791442,100.0,1.4896,24,666,20.2,396.9,4440881115.617646,5.0
9.91655,0.0,18.1,0,0.693,-0.08133156081740954,77.8,1.5004,24,666,20.2,338.16,4369666571.995174,6.3
25.0461,0.0,18.1,0,0.693,-0.01499276660725853,100.0,1.5888,24,666,20.2,396.9,3898303539.620605,5.6
14.2362,0.0,18.1,0,0.693,-0.06260862262723517,100.0,1.5741,24,666,20.2,396.9,2977187373.706783,7.2
9.59571,0.0,18.1,0,0.693,0.21881958366435805,100.0,1.639,24,666,20.2,376.11,2963621686.6091514,12.1
24.8017,0.0,18.1,0,0.693,-0.1558402770859339,96.0,1.7028,24,666,20.2,396.9,2866602061.3439097,8.3
41.5292,0.0,18.1,0,0.693,0.04946749744809052,85.4,1.6074,24,666,20.2,329.46,3992878509.9256315,8.5
67.9208,0.0,18.1,0,0.693,-0.0013550680454092138,100.0,1.4254,24,666,20.2,384.97,3338898660.6653786,5.0
20.7162,0.0,18.1,0,0.659,-0.11252280444286479,100.0,1.1781,24,666,20.2,370.22,3436549592.859789,11.9
11.9511,0.0,18.1,0,0.659,-0.08590518641677748,100.0,1.2852,24,666,20.2,332.09,1763197043.3241322,27.9
7.40389,0.0,18.1,0,0.597,-0.21349017212746355,97.9,1.4547,24,666,20.2,314.64,3843566452.9592276,17.2
14.4383,0.0,18.1,0,0.597,0.013302121491716069,100.0,1.4655,24,666,20.2,179.36,2903050818.169189,27.5
51.1358,0.0,18.1,0,0.597,0.04159064171139682,100.0,1.413,24,666,20.2,2.6,1470443272.1555924,15.0
14.0507,0.0,18.1,0,0.597,0.0011851210048176991,100.0,1.5275,24,666,20.2,35.05,3083986390.195221,17.2
18.811,0.0,18.1,0,0.597,-0.021632911847832337,100.0,1.5539,24,666,20.2,28.79,4998911410.6632395,17.9
28.6558,0.0,18.1,0,0.597,-0.07256342029835826,100.0,1.5894,24,666,20.2,210.97,2927887649.2426047,16.3
45.7461,0.0,18.1,0,0.693,0.028713457833377268,100.0,1.6582,24,666,20.2,88.27,5399680892.582687,7.0
18.0846,0.0,18.1,0,0.679,-0.10470911112029033,100.0,1.8347,24,666,20.2,27.25,4245713099.3823028,7.2
10.8342,0.0,18.1,0,0.679,-0.0009469406291210541,90.8,1.8195,24,666,20.2,21.57,3754132537.5706134,7.5
25.9406,0.0,18.1,0,0.679,-0.14399689789043918,89.1,1.6475,24,666,20.2,127.36,3878675834.9896264,10.4
73.5341,0.0,18.1,0,0.679,0.2075484511026216,100.0,1.8026,24,666,20.2,16.45,2979305938.507199,8.8
11.8123,0.0,18.1,0,0.718,-0.1100026845977864,76.5,1.794,24,666,20.2,48.45,3306681346.4374743,8.4
11.0874,0.0,18.1,0,0.718,0.06166996970258608,100.0,1.8589,24,666,20.2,318.75,2187065513.818306,16.7
7.02259,0.0,18.1,0,0.718,-0.04244238194266757,95.3,1.8746,24,666,20.2,319.98,2297971174.618616,14.2
12.0482,0.0,18.1,0,0.614,-0.18238823851125197,87.6,1.9512,24,666,20.2,291.55,2066349111.581458,20.8
7.05042,0.0,18.1,0,0.614,0.028958955956153876,85.1,2.0218,24,666,20.2,2.52,3388957822.4260225,13.4
8.79212,0.0,18.1,0,0.584,-0.0685693477136335,70.6,2.0635,24,666,20.2,3.65,2533825872.3378925,11.7
15.8603,0.0,18.1,0,0.679,0.0888322647400152,95.4,1.9096,24,666,20.2,7.68,3567825053.888267,8.3
12.2472,0.0,18.1,0,0.584,0.18653685855018853,59.7,1.9976,24,666,20.2,24.65,2268839304.967605,10.2
37.6619,0.0,18.1,0,0.679,-0.04609608157990838,78.7,1.8629,24,666,20.2,18.82,2091899203.3261414,10.9
7.36711,0.0,18.1,0,0.679,-0.14934960086324095,78.1,1.9356,24,666,20.2,96.73,3110475360.871922,11.0
9.33889,0.0,18.1,0,0.679,0.15197834687709677,95.6,1.9682,24,666,20.2,60.72,3496603056.1112213,9.5
8.49213,0.0,18.1,0,0.584,-0.1924990751690785,86.1,2.0527,24,666,20.2,83.45,2583645618.5775228,14.5
10.0623,0.0,18.1,0,0.584,0.0798529022902826,94.3,2.0882,24,666,20.2,81.33,2854774973.194842,14.1
6.44405,0.0,18.1,0,0.584,0.08612561441970103,74.8,2.2004,24,666,20.2,97.95,1757483350.2482667,16.1
5.58107,0.0,18.1,0,0.713,0.154102883156192,87.9,2.3158,24,666,20.2,100.19,2315901778.0819244,14.3
13.9134,0.0,18.1,0,0.713,0.40465127221949293,95.0,2.2222,24,666,20.2,100.63,2184335617.4019265,11.7
11.1604,0.0,18.1,0,0.74,0.09384981941863393,94.6,2.1247,24,666,20.2,109.85,3399632298.4600224,13.4
14.4208,0.0,18.1,0,0.74,-0.06224653280265504,93.3,2.0026,24,666,20.2,27.49,2650093923.9840994,9.6
15.1772,0.0,18.1,0,0.74,0.016680893023175783,100.0,1.9142,24,666,20.2,9.32,3830586260.7387447,8.7
13.6781,0.0,18.1,0,0.74,-0.010758990978245979,87.9,1.8206,24,666,20.2,68.95,4945701227.981422,8.4
9.39063,0.0,18.1,0,0.74,-0.11048031413170292,93.9,1.8172,24,666,20.2,396.9,3316449569.1838,12.8
22.0511,0.0,18.1,0,0.74,0.016827940392635396,92.4,1.8662,24,666,20.2,391.45,3185309268.6360135,10.5
9.72418,0.0,18.1,0,0.74,0.05720487028024408,97.2,2.0651,24,666,20.2,385.96,2845743923.426003,17.1
5.66637,0.0,18.1,0,0.74,0.1855101129747449,100.0,2.0048,24,666,20.2,395.69,2404939757.7113194,18.4
9.96654,0.0,18.1,0,0.74,0.057652763742113214,100.0,1.9784,24,666,20.2,386.73,2774794251.333853,15.4
12.8023,0.0,18.1,0,0.74,0.029484332970306767,96.6,1.8956,24,666,20.2,240.52,3461681769.634294,10.8
10.6718,0.0,18.1,0,0.74,0.282331463877787,94.8,1.9879,24,666,20.2,43.06,3491303867.9619856,11.8
6.28807,0.0,18.1,0,0.74,-0.11312453393690075,96.4,2.072,24,666,20.2,318.01,2562912456.605308,14.9
9.92485,0.0,18.1,0,0.74,0.12578348322051305,96.6,2.198,24,666,20.2,388.52,2418700018.9649296,12.6
9.32909,0.0,18.1,0,0.713,-0.04920803201940478,98.7,2.2616,24,666,20.2,396.9,2630274122.491684,14.1
7.52601,0.0,18.1,0,0.713,-0.23133593892288268,98.3,2.185,24,666,20.2,304.21,2853125412.657033,13.0
6.71772,0.0,18.1,0,0.713,-0.05091791740918751,92.6,2.3236,24,666,20.2,0.32,2528282781.4511065,13.4
5.44114,0.0,18.1,0,0.713,-0.08467964760552514,98.2,2.3552,24,666,20.2,355.29,2590460299.055755,15.2
5.09017,0.0,18.1,0,0.713,0.28087250390130175,91.8,2.3682,24,666,20.2,385.09,2530030236.854292,16.1
8.24809,0.0,18.1,0,0.713,0.18994911594367084,99.3,2.4527,24,666,20.2,375.87,2405649791.365571,17.8
9.51363,0.0,18.1,0,0.713,-0.11790913645393745,94.1,2.4961,24,666,20.2,6.68,2715628464.949729,14.9
4.75237,0.0,18.1,0,0.713,-0.15862485080456007,86.5,2.4358,24,666,20.2,50.92,2618254841.185616,14.1
4.66883,0.0,18.1,0,0.713,0.16861107498283945,87.9,2.5806,24,666,20.2,10.48,2765780216.7028074,12.7
8.20058,0.0,18.1,0,0.713,-0.2296026960995005,80.3,2.7792,24,666,20.2,3.5,2414841398.258508,13.5
7.75223,0.0,18.1,0,0.713,0.03252509133328112,83.7,2.7831,24,666,20.2,272.21,2343253104.5913982,14.9
6.80117,0.0,18.1,0,0.713,0.1905610545766709,84.4,2.7175,24,666,20.2,396.9,2131544638.7722797,20.0
4.81213,0.0,18.1,0,0.713,0.09358156958335384,90.0,2.5975,24,666,20.2,255.23,2379622383.4958544,16.4
3.69311,0.0,18.1,0,0.713,0.28639310624287134,88.4,2.5671,24,666,20.2,391.43,2139247910.5770555,17.7
6.65492,0.0,18.1,0,0.713,0.04828040513941177,83.0,2.7344,24,666,20.2,396.9,2014757042.7696269,19.5
5.82115,0.0,18.1,0,0.713,-0.07984288609075112,89.9,2.8016,24,666,20.2,393.82,1494016881.6405313,20.2
7.83932,0.0,18.1,0,0.655,0.21062909321207582,65.4,2.9634,24,666,20.2,396.9,1904837277.212894,21.4
3.1636,0.0,18.1,0,0.655,-0.09391796471261038,48.2,3.0665,24,666,20.2,334.4,2071222055.9090853,19.9
3.77498,0.0,18.1,0,0.655,0.06073028444642518,84.7,2.8715,24,666,20.2,22.01,2503143736.6584706,19.0
4.42228,0.0,18.1,0,0.584,0.14137625840461654,94.5,2.5403,24,666,20.2,331.29,3137641657.541221,19.1
15.5757,0.0,18.1,0,0.58,0.030283943310035213,71.0,2.9084,24,666,20.2,368.74,2627883593.6156015,19.1
13.0751,0.0,18.1,0,0.58,0.04108595307081584,56.7,2.8237,24,666,20.2,396.9,2133504741.8222306,20.1
4.34879,0.0,18.1,0,0.58,0.0730331876522704,84.0,3.0334,24,666,20.2,396.9,2371749803.672413,19.9
4.03841,0.0,18.1,0,0.532,0.054217939341280545,90.7,3.0993,24,666,20.2,395.33,1886445313.4991295,19.6
3.56868,0.0,18.1,0,0.58,-0.04095085229250078,75.0,2.8965,24,666,20.2,393.37,2091081598.8403134,23.2
4.64689,0.0,18.1,0,0.614,-0.06240653264130149,67.6,2.5329,24,666,20.2,374.68,1706603715.0756252,29.8
8.05579,0.0,18.1,0,0.584,-0.11879466868737318,95.4,2.4298,24,666,20.2,352.58,2621906290.3276024,13.8
6.39312,0.0,18.1,0,0.584,0.13961021183288197,97.4,2.206,24,666,20.2,302.76,3506368956.4466524,13.3
4.87141,0.0,18.1,0,0.614,0.11492166283060773,93.6,2.3053,24,666,20.2,396.21,2719494837.2482643,16.7
15.0234,0.0,18.1,0,0.614,-0.07242139792249327,97.3,2.1007,24,666,20.2,349.48,3638790779.974638,12.0
10.233,0.0,18.1,0,0.614,0.02458896376692514,96.7,2.1705,24,666,20.2,379.7,2554586503.0946655,14.6
14.3337,0.0,18.1,0,0.614,-0.03554101034908517,88.0,1.9512,24,666,20.2,383.32,1916933189.4621823,21.4
5.82401,0.0,18.1,0,0.532,-0.045097685749401324,64.7,3.4242,24,666,20.2,396.9,1566609673.5353339,23.0
5.70818,0.0,18.1,0,0.532,-0.04541387346327948,74.9,3.3317,24,666,20.2,393.07,1105374702.858777,23.7
5.73116,0.0,18.1,0,0.532,-0.15211636541583318,77.0,3.4106,24,666,20.2,395.28,984559043.7538823,25.0
2.81838,0.0,18.1,0,0.532,0.026981875222788512,40.3,4.0983,24,666,20.2,392.92,1511550141.8847241,21.8
2.37857,0.0,18.1,0,0.583,0.020063437824780532,41.9,3.724,24,666,20.2,370.73,1936991709.7552047,20.6
3.67367,0.0,18.1,0,0.583,0.1219570075343688,51.9,3.9917,24,666,20.2,388.62,1515020077.4967394,21.2
5.69175,0.0,18.1,0,0.583,-0.11120456754662521,79.8,3.5459,24,666,20.2,392.68,2150112060.9669023,19.1
4.83567,0.0,18.1,0,0.583,-0.03890892606669104,53.2,3.1523,24,666,20.2,388.22,1675384018.9923556,20.6
0.15086,0.0,27.74,0,0.609,0.11738143238116695,92.7,1.8209,4,711,20.1,395.09,2639500987.6220016,15.2
0.18337,0.0,27.74,0,0.609,0.16995638140872027,98.3,1.7554,4,711,20.1,344.05,3466587881.1644254,7.0
0.20746,0.0,27.74,0,0.609,0.11829984253631098,98.0,1.8226,4,711,20.1,318.43,4329013799.246166,8.1
0.10574,0.0,27.74,0,0.609,0.22290995309124084,98.8,1.8681,4,711,20.1,390.11,2623261667.861556,13.6
0.11132,0.0,27.74,0,0.609,-0.21931975444035914,83.5,2.1099,4,711,20.1,396.9,1931814182.2038157,20.1
0.17331,0.0,9.69,0,0.585,-0.06963036626096078,54.0,2.3817,6,391,19.2,396.9,1729644310.7642255,21.8
0.27957,0.0,9.69,0,0.585,-0.06610479129504722,42.6,2.3817,6,391,19.2,396.9,1934531523.5666158,24.5
0.17899,0.0,9.69,0,0.585,-0.19334933121229508,28.8,2.7986,6,391,19.2,393.29,2546867605.1543937,23.1
0.2896,0.0,9.69,0,0.585,0.05476525793827929,72.9,2.7986,6,391,19.2,396.9,3056350200.3645787,19.7
0.26838,0.0,9.69,0,0.585,-0.01693722984018936,70.6,2.8927,6,391,19.2,396.9,2051278137.7753658,18.3
0.23912,0.0,9.69,0,0.585,0.2602146273557478,65.3,2.4091,6,391,19.2,396.9,1859520342.0250037,21.2
0.17783,0.0,9.69,0,0.585,0.3754870890996344,73.5,2.3999,6,391,19.2,395.77,2150371305.878898,17.5
0.22438,0.0,9.69,0,0.585,-0.13225333576702777,79.7,2.4982,6,391,19.2,396.9,2069664391.06916,16.8
0.06263,0.0,11.93,0,0.573,0.08429240280741883,69.1,2.4786,1,273,21.0,391.99,1399333496.6014657,22.4
0.04527,0.0,11.93,0,0.573,-0.0659324396513408,76.7,2.2875,1,273,21.0,396.9,1286386997.801379,20.6
0.06076,0.0,11.93,0,0.573,-0.12255421492140361,91.0,2.1675,1,273,21.0,396.9,806420671.8487847,23.9
0.10959,0.0,11.93,0,0.573,-0.1718199959225694,89.3,2.3889,1,273,21.0,393.45,928750850.4744791,22.0
0.04741,0.0,11.93,0,0.573,0.07862641145169545,80.8,2.505,1,273,21.0,396.9,1154351292.7458389,11.9
