CRIM,ZN,INDUS,CHAS,NOX,RM,AGE,DIS,RAD,TAX,PTRATIO,B,LSTAT,MEDV
0.00632,18.0,2.31,0,0.538,1.1044084633994908,65.2,4.09,1,296,15.3,396.9,127.92768138827286,24.0
0.02731,0.0,7.07,0,0.469,1.1850075670546958,78.9,4.9671,2,242,17.8,396.9,226.08153015341446,21.6
0.02729,0.0,7.07,0,0.469,1.0946478902082286,61.1,4.9671,2,242,17.8,392.83,100.94639118265448,34.7
0.03237,0.0,2.18,0,0.458,1.38578417173426,45.8,6.0622,3,222,18.7,394.63,70.59450580133931,33.4
0.06905,0.0,2.18,0,0.458,1.4043406682692317,54.2,6.0622,3,222,18.7,396.9,136.4477743783851,36.2
0.02985,0.0,2.18,0,0.458,1.2450461103363013,58.7,6.0622,3,222,18.7,394.12,133.48675504093853,28.7
0.08829,12.5,7.87,0,0.524,1.1689053622264047,66.6,5.5605,5,311,15.2,395.6,305.90779663959336,22.9
0.14455,12.5,7.87,0,0.524,1.1787810521032884,96.1,5.9505,5,311,15.2,396.9,481.18521322452574,27.1
0.21124,12.5,7.87,0,0.524,0.9281168577327851,100.0,6.0821,5,311,15.2,386.63,747.3324541171158,16.5
0.17004,12.5,7.87,0,0.524,1.3674776054720237,85.9,6.5921,5,311,15.2,386.71,430.31151700569814,18.9
0.22489,12.5,7.87,0,0.524,1.0298139947093055,94.3,6.3467,5,311,15.2,392.52,512.136475666613,15.0
0.11747,12.5,7.87,0,0.524,1.1473544310925308,82.9,6.2267,5,311,15.2,396.9,329.73406169840314,18.9
0.09378,12.5,7.87,0,0.524,1.0739387627576604,39.0,5.4509,5,311,15.2,390.5,395.65781995608114,21.7
0.62976,0.0,8.14,0,0.538,1.3464964976050315,61.8,4.7075,4,307,21.0,396.9,204.7867896079871,20.4
0.63796,0.0,8.14,0,0.538,1.2987291969956853,84.5,4.4619,4,307,21.0,380.02,260.3619868878701,18.2
0.62739,0.0,8.14,0,0.538,0.9300453125178866,56.5,4.4986,4,307,21.0,395.62,212.23747687743383,19.9
1.05393,0.0,8.14,0,0.538,1.1503588754993928,29.3,4.4986,4,307,21.0,386.85,157.73434632173226,23.1
0.7842,0.0,8.14,0,0.538,1.2425303307459254,81.7,4.2579,4,307,21.0,386.75,366.743230729463,17.5
0.80271,0.0,8.14,0,0.538,1.243942850342322,36.6,3.7965,4,307,21.0,288.99,289.2604059589362,20.2
0.7258,0.0,8.14,0,0.538,1.0925819553495562,69.5,3.7965,4,307,21.0,390.95,281.758714179605,18.2
1.25179,0.0,8.14,0,0.538,1.1897567542185619,98.1,3.7979,4,307,21.0,376.57,524.7605344625342,13.6
0.85204,0.0,8.14,0,0.538,1.1422040676524912,89.2,4.0123,4,307,21.0,392.53,342.08146252288924,19.6
1.23247,0.0,8.14,0,0.538,0.9510000697199567,91.7,3.9769,4,307,21.0,396.9,474.96574849841994,15.2
0.98843,0.0,8.14,0,0.538,0.9980443924888345,100.0,4.0952,4,307,21.0,394.54,490.95272628107494,14.5
0.75026,0.0,8.14,0,0.538,1.249921646750501,94.1,4.3996,4,307,21.0,394.33,404.23217261389743,15.6
0.84054,0.0,8.14,0,0.538,1.0424844024282642,85.7,4.4546,4,307,21.0,303.42,414.8084244520668,13.9
0.67191,0.0,8.14,0,0.538,1.143582223797936,90.3,4.682,4,307,21.0,376.88,375.99221543966866,16.6
0.95577,0.0,8.14,0,0.538,1.3562790136436886,88.8,4.4534,4,307,21.0,306.38,433.5987316114332,14.8
0.77299,0.0,8.14,0,0.538,1.528933820288698,94.4,4.4547,4,307,21.0,387.94,317.81351697882377,18.4
1.00245,0.0,8.14,0,0.538,1.1869700428569099,87.3,4.239,4,307,21.0,380.23,299.8893670222911,21.0
1.13081,0.0,8.14,0,0.538,1.2512383048120967,94.1,4.233,4,307,21.0,360.17,564.6291158346414,12.7
1.35472,0.0,8.14,0,0.538,1.191805102992547,100.0,4.175,4,307,21.0,376.73,327.6840026760724,14.5
1.38799,0.0,8.14,0,0.538,0.9486905484614492,82.0,3.99,4,307,21.0,232.6,694.4725413579214,13.2
1.15172,0.0,8.14,0,0.538,1.063818480288337,95.0,3.7872,4,307,21.0,358.77,462.0302534203332,13.1
1.61282,0.0,8.14,0,0.538,1.3549139386456117,96.9,3.7598,4,307,21.0,248.31,510.7513572396678,13.5
0.06417,0.0,5.96,0,0.499,1.2676171251128356,68.2,3.3603,5,279,19.2,396.9,240.1731598828039,18.9
0.09744,0.0,5.96,0,0.499,1.1484009335494507,61.4,3.3779,5,279,19.2,377.56,283.5718109289355,20.0
0.08014,0.0,5.96,0,0.499,1.1083601311607416,41.5,3.9342,5,279,19.2,396.9,222.35062522182832,21.0
0.17505,0.0,5.96,0,0.499,1.2359153506761347,30.2,3.8473,5,279,19.2,393.43,252.14697287823694,24.7
0.02763,75.0,2.95,0,0.428,0.9867978687748444,21.8,5.4011,3,252,18.3,395.63,110.0611816460479,30.8
0.03359,75.0,2.95,0,0.428,1.3904106736094772,15.8,5.4011,3,252,18.3,395.62,45.14230249059691,34.9
0.12744,0.0,6.91,0,0.448,1.1066775219382345,2.9,5.7209,3,233,17.9,385.41,125.68115545663879,26.6
0.1415,0.0,6.91,0,0.448,1.2587299714330404,6.6,5.7209,3,233,17.9,383.37,146.59286121779775,25.3
0.15936,0.0,6.91,0,0.448,1.2908093180344555,6.5,5.7209,3,233,17.9,394.46,185.96810100026477,24.7
0.12269,0.0,6.91,0,0.448,1.1678846909133807,40.0,5.7209,3,233,17.9,389.39,239.22829621124663,21.2
0.17142,0.0,6.91,0,0.448,1.24684531153106,33.8,5.1004,3,233,17.9,396.9,254.69365503097188,19.3
0.18836,0.0,6.91,0,0.448,1.085918172472458,33.3,5.1004,3,233,17.9,396.9,347.7018438514756,20.0
0.22927,0.0,6.91,0,0.448,0.9116686300006731,85.5,5.6894,3,233,17.9,392.74,477.24531682018835,16.6
0.25387,0.0,6.91,0,0.448,0.9312249051432329,95.3,5.87,3,233,17.9,396.9,774.6370330318005,14.4
0.21977,0.0,6.91,0,0.448,1.034771343987668,62.0,6.0877,3,233,17.9,396.9,408.02038060300714,19.4
0.08873,21.0,5.64,0,0.439,1.389344766783988,45.7,6.8147,4,243,16.8,395.56,335.9646822010119,19.7
0.04337,21.0,5.64,0,0.439,1.2567906463490013,63.0,6.8147,4,243,16.8,393.97,233.24225518330374,20.5
0.0536,21.0,5.64,0,0.439,1.2339329973992583,21.1,6.8147,4,243,16.8,396.9,135.03813904796434,25.0
0.04981,21.0,5.64,0,0.439,1.252933624266628,21.4,6.8147,4,243,16.8,396.9,214.1411506323107,23.4
0.0136,75.0,4.0,0,0.41,1.0894236632874186,47.6,7.3197,3,469,21.1,396.9,373.9237523105139,18.9
0.01311,90.0,1.22,0,0.403,1.5022425300975009,21.9,8.6966,5,226,17.9,395.93,121.98173257001083,35.4
0.02055,85.0,0.74,0,0.41,0.9937235174982162,35.7,9.1876,2,313,17.3,396.9,147.79843063191484,24.7
0.01432,100.0,1.32,0,0.411,1.176004809753958,40.5,8.3248,5,256,15.1,392.9,95.88394537172987,31.6
0.15445,25.0,5.13,0,0.453,1.2321242712602187,29.2,7.8148,8,284,19.7,390.68,174.41046214622367,23.3
0.10328,25.0,5.13,0,0.453,0.9899628534258123,47.2,6.932,8,284,19.7,396.9,228.24666366799318,19.6
0.14932,25.0,5.13,0,0.453,0.9584653124568379,66.2,7.2254,8,284,19.7,395.11,330.8558802014665,18.7
0.17171,25.0,5.13,0,0.453,1.0578664635487738,93.4,6.8185,8,284,19.7,378.08,362.11219596087216,16.0
0.11027,25.0,5.13,0,0.453,1.179655876693143,67.8,7.2255,8,284,19.7,396.9,167.94228872718224,22.2
0.1265,25.0,5.13,0,0.453,1.1799439510367407,43.4,7.9809,8,284,19.7,395.58,243.03168123543955,25.0
0.01951,17.5,1.38,0,0.4161,1.1738486483151336,59.5,9.2229,3,216,18.6,393.24,201.5119206932021,33.0
0.03584,80.0,3.37,0,0.398,1.2780816006299733,17.8,6.6115,4,337,16.1,396.9,112.65916330396594,23.5
0.04379,80.0,3.37,0,0.398,1.234015357816005,31.1,6.6115,4,337,16.1,396.9,254.05033416126645,19.4
0.05789,12.5,6.07,0,0.409,1.1229170434159366,21.4,6.498,4,345,18.9,396.21,198.02696828816374,22.0
0.13554,12.5,6.07,0,0.409,0.8859941492006528,36.8,6.498,4,345,18.9,396.9,328.825413028733,17.4
0.12816,12.5,6.07,0,0.409,1.2567393151577093,33.0,6.498,4,345,18.9,396.9,218.59082540571046,20.9
0.08826,0.0,10.81,0,0.413,1.3211984103113976,6.6,5.2873,4,305,19.2,383.73,165.37602505898877,24.2
0.15876,0.0,10.81,0,0.413,1.284287875769571,17.5,5.2873,4,305,19.2,376.94,250.38943604915886,21.7
0.09164,0.0,10.81,0,0.413,1.1181416668533466,7.8,5.2873,4,305,19.2,390.91,142.06243464828339,22.8
0.19539,0.0,10.81,0,0.413,1.4065844756873256,6.2,5.2873,4,305,19.2,377.17,186.0271612293447,23.4
0.07896,0.0,12.83,0,0.437,1.4106356272096956,6.0,4.2515,5,398,18.7,394.92,170.2083223690139,24.1
0.09512,0.0,12.83,0,0.437,1.175809263167721,45.0,4.5026,5,398,18.7,383.23,222.56280581618742,21.4
0.10153,0.0,12.83,0,0.437,1.1964729517247799,74.5,4.0522,5,398,18.7,373.66,299.4423724655717,20.0
0.08707,0.0,12.83,0,0.437,1.3386767918926044,45.8,4.0905,5,398,18.7,386.96,257.30797264624124,20.8
0.05646,0.0,12.83,0,0.437,1.1776111222781152,53.7,5.0141,5,398,18.7,386.4,315.8774072374703,21.2
0.08387,0.0,12.83,0,0.437,0.9660127047037086,36.6,4.5026,5,398,18.7,396.06,227.19043351599655,20.3
0.04113,25.0,4.86,0,0.426,1.1983081660433765,33.5,5.4007,4,281,19.0,396.9,130.82041323364788,28.0
0.04462,25.0,4.86,0,0.426,1.502212520363794,70.4,5.4007,4,281,19.0,395.63,184.37687884078534,23.9
0.03659,25.0,4.86,0,0.426,1.1963015984172463,32.2,5.4007,4,281,19.0,396.9,167.4694134269475,24.8
0.03551,25.0,4.86,0,0.426,1.2614351493026945,46.7,5.4007,4,281,19.0,390.64,196.7424349076342,22.9
0.05059,0.0,4.49,0,0.449,1.1238232293045582,48.0,4.7794,3,247,18.5,396.9,241.85492279240987,23.9
0.05735,0.0,4.49,0,0.449,0.9533004585131405,56.1,4.4377,3,247,18.5,392.3,163.19221117091104,26.6
0.05188,0.0,4.49,0,0.449,1.284227460861997,45.1,4.4272,3,247,18.5,395.99,318.64049489948735,22.5
0.07151,0.0,4.49,0,0.449,1.4209742527315667,56.8,3.7476,3,247,18.5,395.15,210.71253438751006,22.2
0.0566,0.0,3.41,0,0.489,1.3670935956413395,86.3,3.4217,2,270,17.8,396.9,140.13625480646672,23.6
0.05302,0.0,3.41,0,0.489,1.5275525896389404,63.1,3.4145,2,270,17.8,396.06,142.5917850543473,28.7
0.04684,0.0,3.41,0,0.489,1.161331184338691,66.1,3.0923,2,270,17.8,392.18,216.3898208885817,22.6
0.03932,0.0,3.41,0,0.489,1.3495634150808407,73.9,3.0921,2,270,17.8,393.55,199.6025599724197,22.0
0.04203,28.0,15.04,0,0.464,1.3279427339011216,53.6,3.6659,4,270,18.2,395.01,206.2857326072776,22.9
0.02875,28.0,15.04,0,0.464,1.364551585401378,28.9,3.6659,4,270,18.2,396.33,152.95629597983933,25.0
0.04294,28.0,15.04,0,0.464,1.1796199066898372,77.3,3.615,4,270,18.2,396.9,263.79618597719497,20.6
0.12204,0.0,2.89,0,0.445,1.4198845201110726,57.8,3.4952,2,276,18.0,357.98,166.44737781536028,28.4
0.11504,0.0,2.89,0,0.445,1.072096544534709,69.6,3.4952,2,276,18.0,391.83,278.4810675056798,21.4
0.12083,0.0,2.89,0,0.445,1.6794282905986841,76.0,3.4952,2,276,18.0,396.9,107.3445956246645,38.7
0.08187,0.0,2.89,0,0.445,1.5861237982707608,36.9,3.4952,2,276,18.0,393.53,83.31481265636863,43.8
0.0686,0.0,2.89,0,0.445,1.370133126362532,62.5,3.4952,2,276,18.0,396.9,157.52232640923293,33.2
0.14866,0.0,8.56,0,0.52,1.5248097636041738,79.9,2.7778,5,384,20.9,394.76,231.27193154069352,27.5
0.11432,0.0,8.56,0,0.52,1.2781500905350975,71.3,2.8561,5,384,20.9,395.58,192.7932733410538,26.5
0.22876,0.0,8.56,0,0.52,1.2173270687486413,85.4,2.7147,5,384,20.9,70.8,264.7986095135165,18.6
0.21161,0.0,8.56,0,0.52,1.1157461676742575,87.4,2.7147,5,384,20.9,394.47,331.9287917180131,19.3
0.1396,0.0,8.56,0,0.52,1.330630066358748,90.0,2.421,5,384,20.9,392.69,308.84628854487954,20.1
0.13262,0.0,8.56,0,0.52,1.222241097873246,96.7,2.1069,5,384,20.9,394.05,413.2129952099323,19.5
0.1712,0.0,8.56,0,0.52,1.0785887420894011,91.9,2.211,5,384,20.9,395.67,467.6031302360291,19.5
0.13117,0.0,8.56,0,0.52,1.0250437818059102,85.2,2.1224,5,384,20.9,387.69,348.5284836808747,20.4
0.12802,0.0,8.56,0,0.52,1.287304971083415,97.1,2.4329,5,384,20.9,395.24,302.1493794623808,19.8
0.26363,0.0,8.56,0,0.52,1.0059457645650007,91.2,2.5451,5,384,20.9,391.23,386.8163596781649,19.4
0.10793,0.0,8.56,0,0.52,1.389898007334637,54.4,2.7778,5,384,20.9,393.49,331.7297146001602,21.7
0.10084,0.0,10.01,0,0.547,1.4490662482521253,81.6,2.6775,6,432,17.8,395.59,257.9068389066148,22.8
0.12329,0.0,10.01,0,0.547,1.117265744021335,92.9,2.3534,6,432,17.8,394.95,407.2500872750137,18.8
0.22212,0.0,10.01,0,0.547,1.2302737402042807,95.4,2.548,6,432,17.8,396.9,425.2492364440679,18.7
0.14231,0.0,10.01,0,0.547,1.0874619549125326,84.2,2.2565,6,432,17.8,388.74,259.17527333216094,18.5
0.17134,0.0,10.01,0,0.547,1.3147487002937854,88.2,2.4631,6,432,17.8,344.91,388.68118991242636,18.3
0.13158,0.0,10.01,0,0.547,1.3671032635766267,72.5,2.7301,6,432,17.8,393.3,297.82774947828756,21.2
0.15098,0.0,10.01,0,0.547,1.0552620829265118,82.6,2.7474,6,432,17.8,394.51,258.4268529361116,19.2
0.13058,0.0,10.01,0,0.547,1.1776555066442111,73.1,2.4775,6,432,17.8,338.63,388.731328168315,20.4
0.14476,0.0,10.01,0,0.547,1.3358843055222065,65.2,2.7592,6,432,17.8,391.5,343.6889498999675,19.3
0.06899,0.0,25.65,0,0.581,1.3053736017670134,69.7,2.2577,2,188,19.1,389.15,358.30677604023884,22.0
0.07165,0.0,25.65,0,0.581,1.1237910406836336,84.1,2.1974,2,188,19.1,377.67,356.6095770126338,20.3
0.09299,0.0,25.65,0,0.581,1.2443742644780358,92.9,2.0869,2,188,19.1,378.09,444.67972355890294,20.5
0.15038,0.0,25.65,0,0.581,1.170258073822555,97.0,1.9444,2,188,19.1,370.31,635.871687238731,17.3
0.09849,0.0,25.65,0,0.581,1.1050237946649224,95.8,2.0063,2,188,19.1,379.38,436.9848277731995,18.8
0.16902,0.0,25.65,0,0.581,1.139016043473295,88.4,1.9929,2,188,19.1,385.02,374.3613491825947,21.4
0.38735,0.0,25.65,0,0.581,1.0306535427301693,95.6,1.7572,2,188,19.1,359.29,688.141088469225,15.7
0.25915,0.0,21.89,0,0.624,1.1037299608502982,96.0,1.7883,4,437,21.2,392.11,431.81712666855884,16.2
0.32543,0.0,21.89,0,0.624,1.2650283063557561,98.8,1.8125,4,437,21.2,396.9,383.62903374479487,18.0
0.88125,0.0,21.89,0,0.624,1.2164463559894905,94.7,1.9799,4,437,21.2,396.9,457.40538777471977,14.3
0.34006,0.0,21.89,0,0.624,1.1397179386770455,98.9,2.1185,4,437,21.2,395.04,311.156553122836,19.2
1.19294,0.0,21.89,0,0.624,1.0952773237548254,97.7,2.271,4,437,21.2,396.9,310.41348103033744,19.6
0.59005,0.0,21.89,0,0.624,0.9947577971050221,97.9,2.3274,4,437,21.2,385.76,281.6714672176854,23.0
0.32982,0.0,21.89,0,0.624,1.2624558789694948,95.4,2.4699,4,437,21.2,388.69,377.69145221232696,18.4
0.97617,0.0,21.89,0,0.624,0.9687200518352934,98.4,2.346,4,437,21.2,262.76,432.1974824161967,15.6
0.55778,0.0,21.89,0,0.624,1.2117385004082644,98.2,2.1107,4,437,21.2,394.67,431.64720695405646,18.1
0.32264,0.0,21.89,0,0.624,1.1477643942544025,93.5,1.9669,4,437,21.2,378.25,425.66926850770346,17.4
0.35233,0.0,21.89,0,0.624,1.2645729356630913,98.4,1.8498,4,437,21.2,394.08,367.6731543154266,17.1
0.2498,0.0,21.89,0,0.624,1.220267697039463,98.2,1.6686,4,437,21.2,392.04,538.1472132779078,13.3
0.54452,0.0,21.89,0,0.624,1.2184978559786115,97.9,1.6687,4,437,21.2,396.9,460.5141609358786,17.8
0.2909,0.0,21.89,0,0.624,1.3552821826482355,93.6,1.6119,4,437,21.2,388.08,607.263725880957,14.0
1.62864,0.0,21.89,0,0.624,1.075320538232019,100.0,1.4394,4,437,21.2,396.9,861.9331409038531,14.4
3.32105,0.0,19.58,1,0.871,0.9609960734195208,100.0,1.3216,5,403,14.7,396.9,670.9304482275209,13.4
4.0974,0.0,19.58,0,0.871,0.8907979077151907,100.0,1.4118,5,403,14.7,396.9,662.3100148617013,15.6
2.77974,0.0,19.58,0,0.871,1.0016353072817437,97.8,1.3459,5,403,14.7,396.9,722.3038475982685,11.8
2.37934,0.0,19.58,0,0.871,1.136609926791544,100.0,1.4191,5,403,14.7,172.91,691.7484643936622,13.8
2.15505,0.0,19.58,0,0.871,1.1237189498863418,100.0,1.5166,5,403,14.7,169.27,414.7764367821723,15.6
2.36862,0.0,19.58,0,0.871,1.0400227376659037,95.7,1.4608,5,403,14.7,391.71,735.9058588537492,14.6
2.33099,0.0,19.58,0,0.871,0.8194941447517362,93.8,1.5296,5,403,14.7,356.99,708.9567805149018,17.8
2.73397,0.0,19.58,0,0.871,1.1074600346788208,94.9,1.5257,5,403,14.7,351.85,537.7318751657431,15.4
1.6566,0.0,19.58,0,0.871,1.156695428252448,97.3,1.618,5,403,14.7,372.8,354.09835408974214,21.5
1.49632,0.0,19.58,0,0.871,1.0896912021088676,100.0,1.5916,5,403,14.7,341.6,332.76494844968545,19.6
1.12658,0.0,19.58,1,0.871,0.8172643487612461,88.0,1.6102,5,403,14.7,343.28,310.4212297904069,15.3
2.14918,0.0,19.58,0,0.871,1.2118504822356249,98.5,1.6232,5,403,14.7,261.95,398.27336705993105,19.4
1.41385,0.0,19.58,1,0.871,1.238452096565329,96.0,1.7494,5,403,14.7,321.02,383.0632342825884,17.0
3.53501,0.0,19.58,1,0.871,1.0303343402569172,82.6,1.7455,5,403,14.7,88.01,375.4607596827873,15.6
2.44668,0.0,19.58,0,0.871,1.0475510569308093,94.0,1.7364,5,403,14.7,88.63,406.46584111714674,13.1
1.22358,0.0,19.58,0,0.605,1.5603385288972644,97.4,1.8773,5,403,14.7,363.43,106.18771639383769,41.3
1.34284,0.0,19.58,0,0.605,1.101230270172545,100.0,1.7573,5,403,14.7,353.89,159.232361818419,24.3
1.42502,0.0,19.58,0,0.871,0.9957844337734634,100.0,1.7659,5,403,14.7,364.31,190.4297429638277,23.3
1.27346,0.0,19.58,1,0.605,1.198674380706941,92.6,1.7984,5,403,14.7,338.92,133.63369512470175,27.0
1.46336,0.0,19.58,0,0.605,1.546334107453758,90.8,1.9709,5,403,14.7,374.43,51.28823115954446,50.0
1.83377,0.0,19.58,1,0.605,1.5492589483509127,98.2,2.0407,5,403,14.7,389.61,47.70447888122184,50.0
1.51902,0.0,19.58,1,0.605,1.6780571752937798,93.9,2.162,5,403,14.7,388.45,80.98826776693882,50.0
2.24236,0.0,19.58,0,0.605,1.0574352012543486,91.8,2.422,5,403,14.7,395.11,285.7430209927354,22.7
2.924,0.0,19.58,0,0.605,1.1769277838121464,93.0,2.2834,5,403,14.7,240.16,254.9902067160773,25.0
2.01019,0.0,19.58,0,0.605,1.6215514794207755,96.2,2.0459,5,403,14.7,369.3,87.77459966984341,50.0
1.80028,0.0,19.58,0,0.605,1.0801233816067488,79.2,2.4259,5,403,14.7,227.61,300.29397288707446,23.8
2.3004,0.0,19.58,0,0.605,1.3892832921136855,96.1,2.1,5,403,14.7,297.09,274.5378509902613,23.8
2.44953,0.0,19.58,0,0.605,1.3606461938902488,95.2,2.2625,5,403,14.7,330.04,285.9226659617731,22.3
1.20742,0.0,19.58,0,0.605,1.1638559023227577,94.6,2.4259,5,403,14.7,292.29,361.8082218816622,17.4
2.3139,0.0,19.58,0,0.605,1.1364987960145636,97.3,2.3887,5,403,14.7,348.13,298.619969656177,19.1
0.13914,0.0,4.05,0,0.51,1.1683526247652647,88.5,2.5961,5,296,16.6,396.9,367.7459423526584,23.1
0.09178,0.0,4.05,0,0.51,1.1229110377634481,84.1,2.6463,5,296,16.6,395.5,229.83376720395643,23.6
0.08447,0.0,4.05,0,0.51,1.4205021806062612,68.7,2.7019,5,296,16.6,393.23,241.71397224711413,22.6
0.06664,0.0,4.05,0,0.51,1.343513540404371,33.1,3.1323,5,296,16.6,390.96,135.74390659335617,29.4
0.07022,0.0,4.05,0,0.51,1.08322785024087,47.2,3.5549,5,296,16.6,393.23,253.92508426141396,23.2
0.05425,0.0,4.05,0,0.51,1.3432055178681173,73.4,3.3175,5,296,16.6,395.6,161.22508442959247,24.6
0.06642,0.0,4.05,0,0.51,1.3376006924521504,74.4,2.9153,5,296,16.6,391.27,175.58069077080188,29.9
0.0578,0.0,2.46,0,0.488,1.4187429897823511,58.4,2.829,3,193,17.8,396.9,128.9885661556655,37.2
0.06588,0.0,2.46,0,0.488,1.5172868495694989,83.3,2.741,3,193,17.8,395.56,190.55328886747083,39.8
0.06888,0.0,2.46,0,0.488,1.2067146869401546,62.2,2.5979,3,193,17.8,396.9,236.59899368269413,36.2
0.09103,0.0,2.46,0,0.488,1.3133914541868301,92.2,2.7006,3,193,17.8,394.12,125.01374344095733,37.9
0.10008,0.0,2.46,0,0.488,1.515897216062581,95.6,2.847,3,193,17.8,396.9,141.53770590720373,32.5
0.08308,0.0,2.46,0,0.488,0.930066203189471,89.8,2.9879,3,193,17.8,391.0,345.6797106613988,26.4
0.06047,0.0,2.46,0,0.488,1.2957844911816325,68.8,3.2797,3,193,17.8,387.11,331.5998522994922,29.6
0.05602,0.0,2.46,0,0.488,1.4894400586094712,53.6,3.1992,3,193,17.8,392.63,114.89467629392263,50.0
0.07875,45.0,3.44,0,0.437,1.1127964524522727,41.1,3.7886,5,398,15.2,393.87,173.08222861848532,32.0
0.12579,45.0,3.44,0,0.437,1.1145925393317864,29.1,4.5667,5,398,15.2,382.84,115.72952849726731,29.8
0.0837,45.0,3.44,0,0.437,1.508315249440351,38.9,4.5667,5,398,15.2,396.9,128.384199460419,34.9
0.09068,45.0,3.44,0,0.437,1.3969249138880784,21.5,6.4798,5,398,15.2,377.68,128.30445773721172,37.0
0.06911,45.0,3.44,0,0.437,1.5294122878590986,30.8,6.4798,5,398,15.2,389.71,117.5116374941749,30.5
0.08664,45.0,3.44,0,0.437,1.4660397710123956,26.3,6.4798,5,398,15.2,390.49,73.56217360284575,36.4
0.02187,60.0,2.93,0,0.401,1.414946264187446,9.9,6.2196,1,265,15.6,393.37,123.68699512891948,31.1
0.01439,60.0,2.93,0,0.401,1.3535750669494495,18.8,6.2196,1,265,15.6,376.7,109.7774633393572,29.1
0.01381,80.0,0.46,0,0.422,1.511484946916927,32.0,5.6484,4,255,14.4,394.23,69.84398159100213,50.0
0.04011,80.0,1.52,0,0.404,1.4091381947989854,34.1,7.309,2,329,12.6,396.9,104.12166376463804,33.3
0.04666,80.0,1.52,0,0.404,1.3293046294804884,36.6,7.309,2,329,12.6,354.31,219.11544989882145,30.3
0.03768,80.0,1.52,0,0.404,1.6934289124799204,38.3,7.309,2,329,12.6,392.2,163.4735940259759,34.6
0.0315,95.0,1.47,0,0.403,1.2274288554025459,15.3,7.6534,3,402,17.0,396.9,118.92778355559227,34.9
0.01778,95.0,1.47,0,0.403,1.1437211324522036,13.9,7.6534,3,402,17.0,384.3,111.13324549994387,32.9
0.03445,82.5,2.03,0,0.415,1.1346704413142574,38.4,6.27,2,348,14.7,393.77,184.7329091101215,24.1
0.02177,82.5,2.03,0,0.415,1.7615108950999585,15.7,6.27,2,348,14.7,395.38,77.60465729233476,42.3
0.0351,95.0,2.68,0,0.4161,1.5721596300888283,33.2,5.118,4,224,14.7,392.78,91.5534012801826,48.5
0.02009,95.0,2.68,0,0.4161,1.3046798433080742,31.9,5.118,4,224,14.7,390.55,74.02298509440752,50.0
0.13642,0.0,10.59,0,0.489,1.4414743268246055,22.3,3.9454,4,277,18.6,396.9,271.25731483083314,22.6
0.22969,0.0,10.59,0,0.489,1.1708141503664242,52.5,4.3549,4,277,18.6,394.87,274.2130379075567,24.4
0.25199,0.0,10.59,0,0.489,1.0773092574126704,72.7,4.3549,4,277,18.6,389.43,454.88525166658366,22.5
0.13587,0.0,10.59,1,0.489,1.2427837154296442,59.1,4.2392,4,277,18.6,381.32,363.43008399827687,24.4
0.43571,0.0,10.59,1,0.489,1.116813969350664,100.0,3.875,4,277,18.6,396.9,579.79489190935,20.0
0.17446,0.0,10.59,1,0.489,1.2126882789664037,92.1,3.8771,4,277,18.6,393.25,431.44981767334417,21.7
0.37578,0.0,10.59,1,0.489,1.0760166839522223,88.6,3.665,4,277,18.6,395.24,599.9080121452807,19.3
0.21719,0.0,10.59,1,0.489,1.0307812008260822,53.8,3.6526,4,277,18.6,390.94,402.1168148233828,22.4
0.14052,0.0,10.59,0,0.489,1.3002260704421074,32.3,3.9454,4,277,18.6,385.81,239.93245431047285,28.1
0.28955,0.0,10.59,0,0.489,0.978170968615773,9.8,3.5875,4,277,18.6,348.93,737.6375408053115,23.7
0.19802,0.0,10.59,0,0.489,1.1662482880392389,42.4,3.9454,4,277,18.6,393.63,231.4978101658965,25.0
0.0456,0.0,13.89,1,0.55,1.00831024381265,56.0,3.1121,5,276,16.4,392.8,335.5115656215812,23.3
0.07013,0.0,13.89,0,0.55,1.126592914345472,85.1,3.4211,5,276,16.4,392.78,237.43413595604142,28.7
0.11069,0.0,13.89,1,0.55,1.1154276302474195,93.8,2.8893,5,276,16.4,396.9,450.225739648814,21.5
0.11425,0.0,13.89,1,0.55,1.0584432081199568,92.4,3.3633,5,276,16.4,393.74,256.06606811553957,23.0
0.35809,0.0,6.2,1,0.507,1.4710807449805943,88.5,2.8617,8,307,17.4,391.7,238.3167519972489,26.7
0.40771,0.0,6.2,1,0.507,1.2008587371849246,91.3,3.048,8,307,17.4,395.24,538.3784662366165,21.7
0.62356,0.0,6.2,1,0.507,1.4095647122276682,77.7,3.2721,8,307,17.4,390.39,255.34593826902267,27.5
0.6147,0.0,6.2,0,0.507,1.3866902732638995,80.8,3.2721,8,307,17.4,396.9,188.65839138993692,30.1
0.31533,0.0,6.2,0,0.504,1.7306652835716716,78.3,2.8944,8,307,17.4,385.05,100.64991981792849,44.8
0.52693,0.0,6.2,0,0.504,1.6668121508004559,83.0,2.8944,8,307,17.4,382.0,112.24297682833551,50.0
0.38214,0.0,6.2,0,0.504,1.5492594183466284,86.5,3.2157,8,307,17.4,387.38,84.18352977160797,37.6
0.41238,0.0,6.2,0,0.504,1.3911989724431304,79.9,3.2157,8,307,17.4,372.08,153.17988707938713,31.6
0.29819,0.0,6.2,0,0.504,1.53904588792308,17.0,3.3751,8,307,17.4,377.51,101.31625386926052,46.7
0.44178,0.0,6.2,0,0.504,1.339842184393754,21.4,3.3751,8,307,17.4,380.34,89.05903835302362,31.5
0.537,0.0,6.2,0,0.504,0.8997980168534282,68.1,3.6715,8,307,17.4,378.35,293.075475361258,24.3
0.46296,0.0,6.2,0,0.504,1.4279336516912744,76.9,3.6715,8,307,17.4,376.14,129.63222836768932,31.7
0.57529,0.0,6.2,0,0.507,1.4989564531404105,73.3,3.8384,8,307,17.4,385.91,66.20044445849886,41.7
0.33147,0.0,6.2,0,0.507,1.6307181110447808,70.4,3.6519,8,307,17.4,378.95,99.49564587115421,48.3
0.44791,0.0,6.2,1,0.507,1.3717122877785437,66.5,3.6519,8,307,17.4,360.2,205.04631141695975,29.0
0.33045,0.0,6.2,0,0.507,1.2092391505985653,61.5,3.6519,8,307,17.4,376.75,271.2949546933003,24.0
0.52058,0.0,6.2,1,0.507,1.1984190755447188,76.5,4.148,8,307,17.4,388.45,236.28468410836368,25.1
0.51183,0.0,6.2,0,0.507,1.3372669918729685,71.6,4.148,8,307,17.4,390.07,120.20852503033461,31.5
0.08244,30.0,4.93,0,0.428,1.2900051636859091,18.5,6.1899,6,300,16.6,379.41,156.81257293211064,23.7
0.09252,30.0,4.93,0,0.428,1.5440045235446656,42.2,6.1899,6,300,16.6,383.78,183.24679750101572,23.3
0.11329,30.0,4.93,0,0.428,1.169725419892154,54.3,6.3361,6,300,16.6,391.25,285.62380711851057,22.0
0.10612,30.0,4.93,0,0.428,1.0194568036783078,65.1,6.3361,6,300,16.6,394.62,306.206083414154,20.1
0.1029,30.0,4.93,0,0.428,1.3808637614985755,52.9,7.0355,6,300,16.6,372.75,280.01512966390106,22.2
0.12757,30.0,4.93,0,0.428,1.4455894141522778,7.8,7.0355,6,300,16.6,374.71,133.99452643156832,23.7
0.20608,22.0,5.86,0,0.431,1.2109231639570948,76.5,7.9549,7,330,19.1,372.49,306.60066434717595,17.6
0.19133,22.0,5.86,0,0.431,1.128226102316605,70.2,7.9549,7,330,19.1,389.13,462.03786867726626,18.5
0.33983,22.0,5.86,0,0.431,1.3352491820031962,34.9,8.0555,7,330,19.1,390.18,222.47971980978699,24.3
0.19657,22.0,5.86,0,0.431,1.2615200699389422,79.2,8.0555,7,330,19.1,376.14,253.12575884858137,20.5
0.16439,22.0,5.86,0,0.431,1.3139481856552422,49.1,7.8265,7,330,19.1,374.71,233.98294413524584,24.5
0.19073,22.0,5.86,0,0.431,1.3818482516681294,17.5,7.8265,7,330,19.1,393.74,167.65206068405604,26.2
0.1403,22.0,5.86,0,0.431,1.3748848659875994,13.0,7.3967,7,330,19.1,396.28,149.9436361330564,24.4
0.21409,22.0,5.86,0,0.431,1.3356524044816824,8.9,7.3967,7,330,19.1,377.07,92.55667087568376,24.8
0.08221,22.0,5.86,0,0.431,1.0438770824678691,6.8,8.9067,7,330,19.1,386.09,87.01597495108061,29.6
0.36894,22.0,5.86,0,0.431,1.5476036418195513,8.4,8.9067,7,330,19.1,396.9,89.99408798368404,42.8
0.04819,80.0,3.64,0,0.392,1.0974752287456833,32.0,9.2203,1,315,16.4,392.89,163.85187194224883,21.9
0.03548,80.0,3.64,0,0.392,1.0353946168641666,19.1,9.2203,1,315,16.4,395.18,223.94340191675494,20.9
0.01538,90.0,3.75,0,0.394,1.3840917040449447,34.2,6.3361,3,244,15.9,386.34,75.27833542085853,44.0
0.61154,20.0,3.97,0,0.647,1.884480882765907,86.9,1.801,5,264,13.0,389.7,126.17136810137198,50.0
0.66351,20.0,3.97,0,0.647,1.2798272267433237,100.0,1.8946,5,264,13.0,383.29,193.219813019123,36.0
0.65665,20.0,3.97,0,0.647,1.3563786393195916,100.0,2.0107,5,264,13.0,391.93,171.1636018236553,30.1
0.54011,20.0,3.97,0,0.647,1.4053692988530022,81.8,2.1121,5,264,13.0,392.8,239.44232949048478,33.8
0.53412,20.0,3.97,0,0.647,1.6178495530117953,89.4,2.1398,5,264,13.0,388.37,181.06709212349332,43.1
0.52014,20.0,3.97,0,0.647,1.48749958576231,91.5,2.2885,5,264,13.0,386.86,151.24180895791392,48.8
0.82526,20.0,3.97,0,0.647,1.4539751244557062,94.5,2.0788,5,264,13.0,393.42,280.8684712842942,31.0
0.55007,20.0,3.97,0,0.647,1.2315316029780827,91.6,1.9301,5,264,13.0,387.89,201.9058865452835,36.5
0.76162,20.0,3.97,0,0.647,0.9385646745662312,62.8,1.9865,5,264,13.0,392.4,259.6380499584321,22.8
0.7857,20.0,3.97,0,0.647,1.0918269636882472,84.6,2.1329,5,264,13.0,384.07,367.36017392946206,30.7
0.57834,20.0,3.97,0,0.575,1.7687720705329806,67.0,2.4216,5,264,13.0,384.54,187.27420057598027,50.0
0.5405,20.0,3.97,0,0.575,1.488829716038114,52.6,2.872,5,264,13.0,390.3,77.66437045145972,43.5
0.09065,20.0,6.96,1,0.464,0.816535930545376,61.5,3.9175,3,223,18.6,391.34,339.3303679394061,20.7
0.29916,20.0,6.96,0,0.464,1.162394042721056,42.1,4.429,3,223,18.6,388.65,320.8338903732471,21.1
0.16211,20.0,6.96,0,0.464,1.1761714452940641,16.3,4.429,3,223,18.6,396.9,168.06061596491443,25.2
0.1146,20.0,6.96,0,0.464,0.9679659476279328,58.7,3.9175,3,223,18.6,394.96,195.5497630605088,24.4
0.22188,20.0,6.96,1,0.464,1.5227735736370356,51.8,4.3665,3,223,18.6,390.77,162.48917879303323,35.2
0.05644,40.0,6.41,1,0.447,1.3261307752669065,32.9,4.0776,4,254,17.6,396.9,84.92417451652099,32.4
0.09604,40.0,6.41,0,0.447,1.4309811544688684,42.8,4.2673,4,254,17.6,396.9,78.60213408510737,32.0
0.10469,40.0,6.41,1,0.447,1.326687508314494,49.0,4.7872,4,254,17.6,389.25,155.7130062305539,33.2
0.06127,40.0,6.41,1,0.447,1.3311003201382183,27.6,4.8628,4,254,17.6,393.45,104.64623343319968,33.1
0.07978,40.0,6.41,0,0.447,1.4090860980212099,32.1,4.1403,4,254,17.6,396.9,177.84624110129755,29.1
0.21038,20.0,3.33,0,0.4429,1.4891564414448955,32.2,4.1007,5,216,14.9,396.9,116.5891957829537,35.1
0.03578,20.0,3.33,0,0.4429,1.5512181974893506,64.5,4.6947,5,216,14.9,387.31,100.35318061212503,45.4
0.03705,20.0,3.33,0,0.4429,1.4107385657047815,37.2,5.2447,5,216,14.9,392.23,107.58466942882484,35.4
0.06129,20.0,3.33,1,0.4429,1.559458469859451,49.7,5.2119,5,216,14.9,377.07,79.51227909629365,46.0
0.01501,90.0,1.21,1,0.401,1.5852659301157421,24.8,5.885,1,198,13.6,395.52,80.88658526258945,50.0
0.00906,90.0,2.97,0,0.4,1.5051975785904395,20.8,7.3073,1,285,15.3,394.72,196.66308723850753,32.2
0.01096,55.0,2.25,0,0.389,1.5645768462129888,31.9,7.3073,1,300,15.3,394.72,203.96521124783223,22.0
0.01965,80.0,1.76,0,0.385,1.0172765613834236,31.5,9.0892,1,241,18.2,341.6,324.17002190244773,20.1
0.03871,52.5,5.32,0,0.405,1.0827184382366049,31.3,7.3172,6,293,16.6,396.9,178.0677365963995,23.2
0.0459,52.5,5.32,0,0.405,0.9580109579560119,45.6,7.3172,6,293,16.6,396.9,195.32706889615966,22.3
0.04297,52.5,5.32,0,0.405,1.0977746391692074,22.9,7.3172,6,293,16.6,371.72,233.07680384934062,24.8
0.03502,80.0,4.95,0,0.411,1.2880242961116262,27.9,5.1167,4,245,19.2,396.9,80.77483442003341,28.5
0.07886,80.0,4.95,0,0.411,1.3405093814582103,27.7,5.1167,4,245,19.2,396.9,90.0489623742061,37.3
0.03615,80.0,4.95,0,0.411,1.3029872310040793,23.4,5.1167,4,245,19.2,396.9,123.71567894996906,27.9
0.08265,0.0,13.92,0,0.437,1.1255511226775452,18.4,5.5027,4,289,16.0,396.9,210.7223375588021,23.9
0.08199,0.0,13.92,0,0.437,0.884080469480994,42.3,5.5027,4,289,16.0,396.9,255.0759706641213,21.7
0.12932,0.0,13.92,0,0.437,1.1470667712403775,31.1,5.9604,4,289,16.0,396.9,158.7813118468033,28.6
0.05372,0.0,13.92,0,0.437,1.4181522070181687,51.0,5.9604,4,289,16.0,392.85,184.14754307293794,27.1
0.14103,0.0,13.92,0,0.437,1.0426121929717078,58.0,6.32,4,289,16.0,396.9,398.1088599352295,20.3
0.06466,70.0,2.24,0,0.4,1.2001378540176006,20.1,7.8278,5,358,14.8,368.24,127.60937356100047,22.5
0.05561,70.0,2.24,0,0.4,1.4476516887426836,10.0,7.8278,5,358,14.8,371.58,113.67024092515241,29.0
0.04417,70.0,2.24,0,0.4,1.3214759778906318,47.4,7.8278,5,358,14.8,390.86,149.7834104430137,24.8
0.03537,34.0,6.09,0,0.433,1.2127799607484775,40.4,5.4917,7,329,16.1,395.75,230.74189783978184,22.0
0.09266,34.0,6.09,0,0.433,1.2167866924925612,18.4,5.4917,7,329,16.1,383.61,215.50013407632161,26.4
0.1,34.0,6.09,0,0.433,1.607564717154138,17.7,5.4917,7,329,16.1,390.43,120.75467646342476,33.1
0.05515,33.0,2.18,0,0.472,1.1987387495304795,41.1,4.022,7,222,18.4,393.68,173.01713616041974,36.1
0.05479,33.0,2.18,0,0.472,1.115026886448644,58.1,3.37,7,222,18.4,393.36,228.1433807396222,28.4
0.07503,33.0,2.18,0,0.472,1.5644505747659616,71.9,3.0992,7,222,18.4,396.9,163.02247851380304,33.4
0.04932,33.0,2.18,0,0.472,1.441385694546021,70.3,3.1827,7,222,18.4,396.9,193.4813242089706,28.2
0.49298,0.0,9.9,0,0.544,1.239497619874771,82.5,3.3175,4,304,18.4,396.9,108.47791749418808,22.8
0.3494,0.0,9.9,0,0.544,1.2840101067870162,76.7,3.1025,4,304,18.4,396.24,253.92955663802914,20.3
2.63548,0.0,9.9,0,0.544,0.9691081724846266,37.8,2.5194,4,304,18.4,350.45,313.51476751163653,16.1
0.79041,0.0,9.9,0,0.544,1.1784405748687368,52.8,2.6403,4,304,18.4,396.9,146.1953927967558,22.1
0.26169,0.0,9.9,0,0.544,1.357464585789957,90.4,2.834,4,304,18.4,396.3,292.5887273004226,19.4
0.26938,0.0,9.9,0,0.544,1.294340852381052,82.8,3.2628,4,304,18.4,393.39,203.442450998527,21.6
0.3692,0.0,9.9,0,0.544,1.3876502643545354,87.3,3.6023,4,304,18.4,395.69,235.71752417962455,23.8
0.25356,0.0,9.9,0,0.544,1.1052515313435036,77.7,3.945,4,304,18.4,396.42,292.296447315667,16.2
0.31827,0.0,9.9,0,0.544,1.1455805006868307,83.2,3.9986,4,304,18.4,390.7,456.4337611431427,17.8
0.24522,0.0,9.9,0,0.544,1.303974725958568,71.7,4.0317,4,304,18.4,396.9,398.1481769210743,19.8
0.40202,0.0,9.9,0,0.544,1.465675571669654,67.2,3.5325,4,304,18.4,395.21,253.34274364672942,23.1
0.47547,0.0,9.9,0,0.544,1.2868272231060907,58.8,4.0019,4,304,18.4,396.23,319.8689454590136,21.0
0.1676,0.0,7.38,0,0.493,1.4712856903270177,52.3,4.5404,5,287,19.6,396.9,179.79840543055005,23.8
0.18159,0.0,7.38,0,0.493,1.1703528221680424,54.3,4.5404,5,287,19.6,396.9,169.31348329704906,23.1
0.35114,0.0,7.38,0,0.493,1.1912065823929872,49.9,4.7211,5,287,19.6,396.9,195.7259921450138,20.4
0.28392,0.0,7.38,0,0.493,1.3070503248355543,74.3,4.7211,5,287,19.6,391.13,291.31834946512623,18.5
0.34109,0.0,7.38,0,0.493,1.4564520889850172,40.1,4.7211,5,287,19.6,396.9,151.83292670963164,25.0
0.19186,0.0,7.38,0,0.493,1.1766398504751425,14.7,5.4159,5,287,19.6,393.68,132.9997208701171,24.6
0.30347,0.0,7.38,0,0.493,1.251498052138795,28.9,5.4159,5,287,19.6,396.9,155.51963780151624,23.0
0.24103,0.0,7.38,0,0.493,1.179859239613232,43.7,5.4159,5,287,19.6,396.9,321.91074504148116,22.2
0.06617,0.0,3.24,0,0.46,1.296940839662513,25.8,5.2146,4,430,16.9,382.44,255.42807649182996,19.3
0.06724,0.0,3.24,0,0.46,1.5468430983502608,17.2,5.2146,4,430,16.9,375.21,181.83982375926956,22.6
0.04544,0.0,3.24,0,0.46,1.1527184075482517,32.2,5.8736,4,430,16.9,368.57,231.95120843106437,19.8
0.05023,35.0,6.06,0,0.4379,1.0889967177225093,28.4,6.6407,1,304,16.9,394.02,308.8949191759603,17.1
0.03466,35.0,6.06,0,0.4379,1.205651987074268,23.3,6.6407,1,304,16.9,362.25,194.16167877633544,19.4
0.05083,0.0,5.19,0,0.515,1.2526134579314547,38.1,6.4584,5,224,20.2,389.71,149.22526484046557,22.2
0.03738,0.0,5.19,0,0.515,1.3134412533632782,38.5,6.4584,5,224,20.2,389.4,165.99847565843112,20.7
0.03961,0.0,5.19,0,0.515,1.1640406462196191,34.5,5.9853,5,224,20.2,396.9,203.9192727411837,21.1
0.03427,0.0,5.19,0,0.515,0.9866778720548692,46.3,5.2311,5,224,20.2,396.9,245.14361976157656,19.5
0.03041,0.0,5.19,0,0.515,1.2283012903148767,59.6,5.615,5,224,20.2,394.81,257.4633782844182,18.5
0.03306,0.0,5.19,0,0.515,1.4117762450449627,37.3,4.8122,5,224,20.2,396.14,212.94902083195015,20.6
0.05497,0.0,5.19,0,0.515,1.1983099684253793,45.4,4.8122,5,224,20.2,396.9,244.35718020044368,19.0
0.06151,0.0,5.19,0,0.515,1.2224080922790936,58.5,4.8122,5,224,20.2,396.9,228.46920192276968,18.7
0.01301,35.0,1.52,0,0.442,1.3520316625676798,49.3,7.0379,1,284,15.5,394.74,142.92567065123836,32.7
0.02498,0.0,1.89,0,0.518,1.1258686341599424,59.7,6.2669,1,422,15.9,389.96,209.18431335850218,16.5
0.02543,55.0,3.78,0,0.484,1.3641885746165343,56.4,5.7321,5,370,17.6,396.9,180.7686629129342,23.9
0.03049,55.0,3.78,0,0.484,1.7559979895878557,28.1,6.4654,5,370,17.6,387.97,119.83619882787073,31.2
0.03113,0.0,4.39,0,0.442,1.2461426439035288,48.5,8.0136,3,352,18.8,385.64,262.9777406954645,17.5
0.06162,0.0,4.39,0,0.442,0.9701041436156546,52.3,8.0136,3,352,18.8,364.61,316.0682232559777,17.2
0.0187,85.0,4.15,0,0.429,1.4832635368136218,27.7,8.5353,4,351,17.9,392.43,155.41091251659748,23.1
0.01501,80.0,2.01,0,0.435,1.2541195408104413,29.7,8.344,4,280,17.0,390.94,149.46566724911207,24.5
0.02899,40.0,1.25,0,0.429,1.4179810402585686,34.5,8.7921,1,335,19.7,389.85,154.53618766987753,26.6
0.06211,40.0,1.25,0,0.429,1.3264964635314858,44.4,8.7921,1,335,19.7,396.9,141.93845705835696,22.9
0.0795,60.0,1.69,0,0.411,1.2200274566526783,35.9,10.7103,4,411,18.3,370.78,137.2640594001505,24.1
0.07244,60.0,1.69,0,0.411,1.0677147628435533,18.5,10.7103,4,411,18.3,392.33,194.17389345059337,18.6
0.01709,90.0,2.02,0,0.41,1.1023039775697052,36.1,12.1265,5,187,17.0,384.46,114.61314119524914,30.1
0.04301,80.0,1.91,0,0.413,0.9741256948126814,21.9,10.5857,4,334,22.0,382.8,201.76328976532994,18.2
0.10659,80.0,1.91,0,0.413,1.0589380543086533,19.5,10.5857,4,334,22.0,376.04,135.5829491005013,20.6
8.98296,0.0,18.1,1,0.77,1.0360651999939252,97.4,2.1222,24,666,20.2,377.73,443.3720321063814,17.8
3.8497,0.0,18.1,1,0.77,1.376535114328055,91.0,2.5052,24,666,20.2,391.34,339.6870840775884,21.7
5.20177,0.0,18.1,1,0.77,1.3031186659981833,83.4,2.7227,24,666,20.2,395.43,285.0356732557545,22.7
4.26131,0.0,18.1,0,0.77,1.1780345506761074,81.3,2.5091,24,666,20.2,390.74,317.2041524723085,22.6
4.54192,0.0,18.1,0,0.77,0.9186763312813992,88.0,2.5182,24,666,20.2,374.56,188.05490199529885,25.0
3.83684,0.0,18.1,0,0.77,1.106068793283273,91.1,2.2955,24,666,20.2,350.65,357.60431842044244,19.9
3.67822,0.0,18.1,0,0.77,0.7043095996634264,96.2,2.1036,24,666,20.2,380.79,254.89038680600248,20.8
4.22239,0.0,18.1,1,0.77,1.2470118655446922,89.0,1.9047,24,666,20.2,353.04,360.4408481893252,16.8
3.47428,0.0,18.1,1,0.718,1.7466696028068218,82.9,1.9047,24,666,20.2,354.55,133.70018193093696,21.9
4.55587,0.0,18.1,0,0.718,0.914464625043355,87.9,1.6132,24,666,20.2,354.7,175.96986843825377,27.5
3.69695,0.0,18.1,0,0.718,0.867770520671609,91.4,1.7523,24,666,20.2,316.03,354.0034583003382,21.9
13.5222,0.0,18.1,0,0.631,0.8446989047876896,100.0,1.5106,24,666,20.2,131.42,337.5495403261158,23.1
4.89822,0.0,18.1,0,0.631,0.8703512581185253,100.0,1.3325,24,666,20.2,375.52,79.25988633023509,50.0
5.66998,0.0,18.1,1,0.631,1.6139279406652902,96.8,1.3567,24,666,20.2,375.33,93.5312853810457,50.0
6.53876,0.0,18.1,1,0.631,1.2668156991757926,97.5,1.2024,24,666,20.2,392.05,75.52503779434022,50.0
9.2323,0.0,18.1,0,0.631,1.2838859084914938,100.0,1.1691,24,666,20.2,366.15,229.34569959602013,50.0
8.26725,0.0,18.1,1,0.668,1.395647060312499,89.6,1.1296,24,666,20.2,347.88,220.8455518742675,50.0
11.1081,0.0,18.1,0,0.668,0.906641942444906,100.0,1.1742,24,666,20.2,396.9,871.5057642224144,13.8
18.4982,0.0,18.1,0,0.668,0.8987906624739632,100.0,1.137,24,666,20.2,396.9,953.7537102372377,13.8
19.6091,0.0,18.1,0,0.671,1.2814432454342666,97.9,1.3163,24,666,20.2,396.9,334.02293323243237,15.0
15.288,0.0,18.1,0,0.671,1.374408332838883,93.3,1.3449,24,666,20.2,363.02,575.6729218748288,13.9
9.82349,0.0,18.1,0,0.671,1.5740990043607344,98.8,1.358,24,666,20.2,396.9,524.4776699765013,13.3
23.6482,0.0,18.1,0,0.671,1.2082035198453482,96.2,1.3861,24,666,20.2,396.9,591.4199983927746,13.1
17.8667,0.0,18.1,0,0.671,1.2774814722469914,100.0,1.3861,24,666,20.2,393.74,536.9960311381059,10.2
88.9762,0.0,18.1,0,0.671,1.305360556698711,91.9,1.4165,24,666,20.2,396.9,432.97429367127296,10.4
15.8744,0.0,18.1,0,0.671,1.2455226470322927,99.1,1.5192,24,666,20.2,396.9,528.1353280823982,10.9
9.18702,0.0,18.1,0,0.7,0.9384619625003414,100.0,1.5804,24,666,20.2,396.9,596.8118369121792,11.3
7.99248,0.0,18.1,0,0.7,0.8888418845428088,100.0,1.5331,24,666,20.2,396.9,614.7483293447699,12.3
20.0849,0.0,18.1,0,0.7,0.8859846943477109,91.2,1.4395,24,666,20.2,285.83,762.4804601476452,8.8
16.8118,0.0,18.1,0,0.7,0.8999468248063758,98.1,1.4261,24,666,20.2,396.9,770.9624837576716,7.2
24.3938,0.0,18.1,0,0.7,1.0324956062004742,100.0,1.4672,24,666,20.2,396.9,704.3497259750214,10.5
22.5971,0.0,18.1,0,0.7,1.0345103879356126,89.5,1.5184,24,666,20.2,396.9,798.1005128750858,7.4
14.3337,0.0,18.1,0,0.7,1.0976008059079516,100.0,1.5895,24,666,20.2,372.92,762.9871760425251,10.2
8.15174,0.0,18.1,0,0.7,1.175819791208173,98.9,1.7281,24,666,20.2,396.9,524.2821896175022,11.5
6.96215,0.0,18.1,0,0.7,1.0312645374220548,97.0,1.9265,24,666,20.2,394.43,423.1130080107232,15.1
5.29305,0.0,18.1,0,0.7,1.2047676866651218,82.5,2.1678,24,666,20.2,378.38,472.63909207568497,23.2
11.5779,0.0,18.1,0,0.7,1.2710901622068962,97.0,1.77,24,666,20.2,396.9,641.1609897593105,9.7
8.64476,0.0,18.1,0,0.693,1.2328091205333753,92.6,1.7912,24,666,20.2,396.9,378.05582425396966,13.8
13.3598,0.0,18.1,0,0.693,1.1078478239434246,94.7,1.7821,24,666,20.2,396.9,410.8327454641727,12.7
8.71675,0.0,18.1,0,0.693,1.334271477734238,98.8,1.7257,24,666,20.2,391.98,426.01979156524413,13.1
5.87205,0.0,18.1,0,0.693,1.1225066882927492,96.0,1.6768,24,666,20.2,396.9,482.4738876828486,12.5
7.67202,0.0,18.1,0,0.693,1.1562843325608954,98.9,1.6334,24,666,20.2,393.1,496.2547880535162,8.5
38.3518,0.0,18.1,0,0.693,1.0844321305948634,100.0,1.4896,24,666,20.2,396.9,763.039223372302,5.0
9.91655,0.0,18.1,0,0.693,0.9292652726630856,77.8,1.5004,24,666,20.2,338.16,750.6843571022167,6.3
25.0461,0.0,18.1,0,0.693,1.0720457169018738,100.0,1.5888,24,666,20.2,396.9,669.626965780792,5.6
14.2362,0.0,18.1,0,0.693,1.1434061686629795,100.0,1.5741,24,666,20.2,396.9,511.4535119865401,7.2
9.59571,0.0,18.1,0,0.693,1.049941549650733,100.0,1.639,24,666,20.2,376.11,509.17433982619224,12.1
24.8017,0.0,18.1,0,0.693,0.8939400210458199,96.0,1.7028,24,666,20.2,396.9,492.5560375094863,8.3
41.5292,0.0,18.1,0,0.693,1.0196442422036252,85.4,1.6074,24,666,20.2,329.46,686.2131865219396,8.5
67.9208,0.0,18.1,0,0.693,0.9221565052777908,100.0,1.4254,24,666,20.2,384.97,573.6873927565451,5.0
20.7162,0.0,18.1,0,0.659,1.0263613054723122,100.0,1.1781,24,666,20.2,370.22,590.5065739895881,11.9
11.9511,0.0,18.1,0,0.659,1.131136129723262,100.0,1.2852,24,666,20.2,332.09,302.6273930214296,27.9
7.40389,0.0,18.1,0,0.597,1.3451577260689247,97.9,1.4547,24,666,20.2,314.64,660.8693499747434,17.2
14.4383,0.0,18.1,0,0.597,1.1575735358169765,100.0,1.4655,24,666,20.2,179.36,498.5621572626123,27.5
51.1358,0.0,18.1,0,0.597,1.0714269226035062,100.0,1.413,24,666,20.2,2.6,252.8142131216863,15.0
14.0507,0.0,18.1,0,0.597,1.4525643370519599,100.0,1.5275,24,666,20.2,35.05,529.5828446927869,17.2
18.811,0.0,18.1,0,0.597,1.0441398956453058,100.0,1.5539,24,666,20.2,28.79,859.0062269749445,17.9
28.6558,0.0,18.1,0,0.597,1.1478685802646955,100.0,1.5894,24,666,20.2,210.97,502.70460050668936,16.3
45.7461,0.0,18.1,0,0.693,0.9135498880560613,100.0,1.6582,24,666,20.2,88.27,927.852527747286,7.0
18.0846,0.0,18.1,0,0.679,1.0451755156517746,100.0,1.8347,24,666,20.2,27.25,729.5883928015429,7.2
10.8342,0.0,18.1,0,0.679,1.2456589489223824,90.8,1.8195,24,666,20.2,21.57,644.9858989325688,7.5
25.9406,0.0,18.1,0,0.679,1.025598587825375,89.1,1.6475,24,666,20.2,127.36,666.5756121250224,10.4
73.5341,0.0,18.1,0,0.679,1.2260932238091766,100.0,1.8026,24,666,20.2,16.45,511.71768433015023,8.8
11.8123,0.0,18.1,0,0.718,1.3900185308176112,76.5,1.794,24,666,20.2,48.45,567.749747542606,8.4
11.0874,0.0,18.1,0,0.718,0.971974696061194,100.0,1.8589,24,666,20.2,318.75,375.36712374817085,16.7
7.02259,0.0,18.1,0,0.718,1.3676136490217128,95.3,1.8746,24,666,20.2,319.98,394.40416320777257,14.2
12.0482,0.0,18.1,0,0.614,1.3491203332197217,87.6,1.9512,24,666,20.2,291.55,354.84445280978474,20.8
7.05042,0.0,18.1,0,0.614,1.1983978983758932,85.1,2.0218,24,666,20.2,2.52,582.2415210971772,13.4
8.79212,0.0,18.1,0,0.584,0.9968269645365314,70.6,2.0635,24,666,20.2,3.65,435.14740627272727,11.7
15.8603,0.0,18.1,0,0.679,1.100523479781549,95.4,1.9096,24,666,20.2,7.68,612.998337182274,8.3
12.2472,0.0,18.1,0,0.584,1.0910716226148762,59.7,1.9976,24,666,20.2,24.65,389.57732223580166,10.2
37.6619,0.0,18.1,0,0.679,1.4138434924371928,78.7,1.8629,24,666,20.2,18.82,359.47487025689634,10.9
7.36711,0.0,18.1,0,0.679,1.298642516747221,78.1,1.9356,24,666,20.2,96.73,534.4906123855834,11.0
9.33889,0.0,18.1,0,0.679,1.1268217336746453,95.6,1.9682,24,666,20.2,60.72,600.6501961419732,9.5
8.49213,0.0,18.1,0,0.584,1.2870928658094527,86.1,2.0527,24,666,20.2,83.45,443.9920494779447,14.5
10.0623,0.0,18.1,0,0.584,1.3611583539003724,94.3,2.0882,24,666,20.2,81.33,490.163811758978,14.1
6.44405,0.0,18.1,0,0.584,1.2016336424070861,74.8,2.2004,24,666,20.2,97.95,301.67628035231263,16.1
5.58107,0.0,18.1,0,0.713,1.196620446098508,87.9,2.3158,24,666,20.2,100.19,397.9048378998388,14.3
13.9134,0.0,18.1,0,0.713,1.154730566859673,95.0,2.2222,24,666,20.2,100.63,375.48112557146044,11.7
11.1604,0.0,18.1,0,0.74,1.431577767087033,94.6,2.1247,24,666,20.2,109.85,583.7730011649277,13.4
14.4208,0.0,18.1,0,0.74,1.2094123854693244,93.3,2.0026,24,666,20.2,27.49,455.52114458304163,9.6
15.1772,0.0,18.1,0,0.74,1.172002223040631,100.0,1.9142,24,666,20.2,9.32,658.2475460640602,8.7
13.6781,0.0,18.1,0,0.74,1.1389109274992613,87.9,1.8206,24,666,20.2,68.95,849.4260412877242,8.4
9.39063,0.0,18.1,0,0.74,1.2509731965894455,93.9,1.8172,24,666,20.2,396.9,569.9592536254524,12.8
22.0511,0.0,18.1,0,0.74,0.9867819026147933,92.4,1.8662,24,666,20.2,391.45,547.0285035992192,10.5
9.72418,0.0,18.1,0,0.74,1.206624679472836,97.2,2.0651,24,666,20.2,385.96,488.7909080215769,17.1
5.66637,0.0,18.1,0,0.74,1.217774819648656,100.0,2.0048,24,666,20.2,395.69,413.17709524881116,18.4
9.96654,0.0,18.1,0,0.74,1.374571897805956,100.0,1.9784,24,666,20.2,386.73,476.7933081021004,15.4
12.8023,0.0,18.1,0,0.74,1.0947428726497077,96.6,1.8956,24,666,20.2,240.52,594.8622441281309,10.8
10.6718,0.0,18.1,0,0.74,1.2239451778665393,94.8,1.9879,24,666,20.2,43.06,599.8999769470449,11.8
6.28807,0.0,18.1,0,0.74,1.5587503352200236,96.4,2.072,24,666,20.2,318.01,440.51323945531504,14.9
9.92485,0.0,18.1,0,0.74,1.3394217605071932,96.6,2.198,24,666,20.2,388.52,415.1749006911048,12.6
9.32909,0.0,18.1,0,0.713,1.2905092872879707,98.7,2.2616,24,666,20.2,396.9,452.08534202736485,14.1
7.52601,0.0,18.1,0,0.713,1.3113161064639611,98.3,2.185,24,666,20.2,304.21,490.1725105665247,13.0
6.71772,0.0,18.1,0,0.713,1.2123307279740276,92.6,2.3236,24,666,20.2,0.32,433.88557143031,13.4
5.44114,0.0,18.1,0,0.713,1.2534197328014094,98.2,2.3552,24,666,20.2,355.29,445.1841839040325,15.2
5.09017,0.0,18.1,0,0.713,1.1040466825416793,91.8,2.3682,24,666,20.2,385.09,434.3371833125228,16.1
8.24809,0.0,18.1,0,0.713,1.5450257515129222,99.3,2.4527,24,666,20.2,375.87,413.4377733887507,17.8
9.51363,0.0,18.1,0,0.713,1.4680053088770173,94.1,2.4961,24,666,20.2,6.68,466.1845440235023,14.9
4.75237,0.0,18.1,0,0.713,1.3097183773402052,86.5,2.4358,24,666,20.2,50.92,449.84498710797186,14.1
4.66883,0.0,18.1,0,0.713,1.3507547875239465,87.9,2.5806,24,666,20.2,10.48,475.3187253063148,12.7
8.20058,0.0,18.1,0,0.713,1.2252014544059884,80.3,2.7792,24,666,20.2,3.5,415.1799516918554,13.5
7.75223,0.0,18.1,0,0.713,1.244675914535188,83.7,2.7831,24,666,20.2,272.21,402.8789305559029,14.9
6.80117,0.0,18.1,0,0.713,1.1841674041459231,84.4,2.7175,24,666,20.2,396.9,366.2022310976682,20.0
4.81213,0.0,18.1,0,0.713,1.2101276194916253,90.0,2.5975,24,666,20.2,255.23,408.47504985757274,16.4
3.69311,0.0,18.1,0,0.713,1.2817501072570265,88.4,2.5671,24,666,20.2,391.43,367.3656220222956,17.7
6.65492,0.0,18.1,0,0.713,1.4335655374469776,83.0,2.7344,24,666,20.2,396.9,346.0668240560766,19.5
5.82115,0.0,18.1,0,0.713,1.2195017992180022,89.9,2.8016,24,666,20.2,393.82,256.7765563863702,20.2
7.83932,0.0,18.1,0,0.655,1.197435846331469,65.4,2.9634,24,666,20.2,396.9,327.0598863008426,21.4
3.1636,0.0,18.1,0,0.655,1.2347681848269556,48.2,3.0665,24,666,20.2,334.4,355.96262455914643,19.9
3.77498,0.0,18.1,0,0.655,1.1256166617276773,84.7,2.8715,24,666,20.2,22.01,430.08625820961896,19.0
4.42228,0.0,18.1,0,0.584,1.2821706966292798,94.5,2.5403,24,666,20.2,331.29,538.9652229599404,19.1
15.5757,0.0,18.1,0,0.58,1.0529504333131725,71.0,2.9084,24,666,20.2,368.74,451.3108692460988,19.1
13.0751,0.0,18.1,0,0.58,1.2588331965210149,56.7,2.8237,24,666,20.2,396.9,366.5077919759461,20.1
4.34879,0.0,18.1,0,0.58,1.1376414481887485,84.0,3.0334,24,666,20.2,396.9,407.75622744313665,19.9
4.03841,0.0,18.1,0,0.532,1.0886134876497673,90.7,3.0993,24,666,20.2,395.33,324.3722347894397,19.6
3.56868,0.0,18.1,0,0.58,1.2520411919008043,75.0,2.8965,24,666,20.2,393.37,359.46927240523246,23.2
4.64689,0.0,18.1,0,0.614,1.2966582616362166,67.6,2.5329,24,666,20.2,374.68,293.02190789282247,29.8
8.05579,0.0,18.1,0,0.584,1.0595951622838635,95.4,2.4298,24,666,20.2,352.58,450.29464438217235,13.8
6.39312,0.0,18.1,0,0.584,1.196138913298308,97.4,2.206,24,666,20.2,302.76,602.6764400479406,13.3
4.87141,0.0,18.1,0,0.614,1.3258835037620968,93.6,2.3053,24,666,20.2,396.21,466.94452136454805,16.7
15.0234,0.0,18.1,0,0.614,0.9809701120580127,97.3,2.1007,24,666,20.2,349.48,625.1889431547456,12.0
10.233,0.0,18.1,0,0.614,1.371821412865983,96.7,2.1705,24,666,20.2,379.7,439.11447177487224,14.6
14.3337,0.0,18.1,0,0.614,1.3493859813308935,88.0,1.9512,24,666,20.2,383.32,329.3580788387825,21.4
5.82401,0.0,18.1,0,0.532,0.9828228426740496,64.7,3.4242,24,666,20.2,396.9,269.1656757119421,23.0
5.70818,0.0,18.1,0,0.532,1.3936138873013273,74.9,3.3317,24,666,20.2,393.07,189.9034089811406,23.7
5.73116,0.0,18.1,0,0.532,1.527018267252097,77.0,3.4106,24,666,20.2,395.28,169.28104174957056,25.0
2.81838,0.0,18.1,0,0.532,1.3476935842494662,40.3,4.0983,24,666,20.2,392.92,259.5403643409589,21.8
2.37857,0.0,18.1,0,0.583,1.1233456296622573,41.9,3.724,24,666,20.2,370.73,332.7136091515511,20.6
3.67367,0.0,18.1,0,0.583,1.2315007583147544,51.9,3.9917,24,666,20.2,388.62,259.81981936416577,21.2
5.69175,0.0,18.1,0,0.583,1.3525701668715777,79.8,3.5459,24,666,20.2,392.68,369.9875436827163,19.1
4.83567,0.0,18.1,0,0.583,0.9762871817703763,53.2,3.1523,24,666,20.2,388.22,287.8583310848033,20.6
0.15086,0.0,27.74,0,0.609,0.8802138101010061,92.7,1.8209,4,711,20.1,395.09,453.240301506797,15.2
0.18337,0.0,27.74,0,0.609,0.958424322955558,98.3,1.7554,4,711,20.1,344.05,595.2429767976333,7.0
0.20746,0.0,27.74,0,0.609,1.0245463283961935,98.0,1.8226,4,711,20.1,318.43,743.3908587216935,8.1
0.10574,0.0,27.74,0,0.609,1.379856438386609,98.8,1.8681,4,711,20.1,390.11,450.4440398836515,13.6
0.11132,0.0,27.74,0,0.609,1.2150599197668348,83.5,2.1099,4,711,20.1,396.9,331.47834524976344,20.1
0.17331,0.0,9.69,0,0.585,1.0198839303026477,54.0,2.3817,6,391,19.2,396.9,297.3154168959469,21.8
0.27957,0.0,9.69,0,0.585,1.0740269762284582,42.6,2.3817,6,391,19.2,396.9,332.4691682748669,24.5
0.17899,0.0,9.69,0,0.585,1.175468276264878,28.8,2.7986,6,391,19.2,393.29,437.58445053116355,23.1
0.2896,0.0,9.69,0,0.585,0.9993252611658233,72.9,2.7986,6,391,19.2,396.9,525.4343250964841,19.7
0.26838,0.0,9.69,0,0.585,1.1709807049588832,70.6,2.8927,6,391,19.2,396.9,352.4905797585299,18.3
0.23912,0.0,9.69,0,0.585,1.0401914682059479,65.3,2.4091,6,391,19.2,396.9,319.75361068382665,21.2
0.17783,0.0,9.69,0,0.585,0.7708947945728709,73.5,2.3999,6,391,19.2,395.77,369.55663139792046,17.5
0.22438,0.0,9.69,0,0.585,1.3291809207354808,79.7,2.4982,6,391,19.2,396.9,355.45554285349044,16.8
0.06263,0.0,11.93,0,0.573,1.0654540211909989,69.1,2.4786,1,273,21.0,391.99,240.59755145863852,22.4
0.04527,0.0,11.93,0,0.573,1.2490380835452768,76.7,2.2875,1,273,21.0,396.9,221.16436557344284,20.6
0.06076,0.0,11.93,0,0.573,1.4894694164499205,91.0,2.1675,1,273,21.0,396.9,138.50697487378068,23.9
0.10959,0.0,11.93,0,0.573,1.232132971498989,89.3,2.3889,1,273,21.0,393.45,159.73540981514157,22.0
0.04741,0.0,11.93,0,0.573,1.219515523781207,80.8,2.505,1,273,21.0,396.9,198.29276713197356,11.9
