CRIM,ZN,INDUS,CHAS,NOX,RM,AGE,DIS,RAD,TAX,PTRATIO,B,LSTAT,MEDV
0.00632,18.0,2.31,0,0.538,0.10453775568439547,65.2,4.09,1,296,15.3,396.9,2844724550975.473,24.0
0.02731,0.0,7.07,0,0.469,-0.051868891920132776,78.9,4.9671,2,242,17.8,396.9,5023212422890.053,21.6
0.02729,0.0,7.07,0,0.469,-0.08411469026608522,61.1,4.9671,2,242,17.8,392.83,2244448917443.1196,34.7
0.03237,0.0,2.18,0,0.458,0.01986627638879382,45.8,6.0622,3,222,18.7,394.63,1564540704038.491,33.4
0.06905,0.0,2.18,0,0.458,0.07949775339949489,54.2,6.0622,3,222,18.7,396.9,3024218309849.6626,36.2
0.02985,0.0,2.18,0,0.458,-0.13530689890467004,58.7,6.0622,3,222,18.7,394.12,2962777792385.341,28.7
0.08829,12.5,7.87,0,0.524,0.11330666535482883,66.6,5.5605,5,311,15.2,395.6,6786007924547.495,22.9
0.14455,12.5,7.87,0,0.524,-0.0026593931089292366,96.1,5.9505,5,311,15.2,396.9,10681864142037.275,27.1
0.21124,12.5,7.87,0,0.524,0.012523327309789722,100.0,6.0821,5,311,15.2,386.63,16594496792850.646,16.5
0.17004,12.5,7.87,0,0.524,-0.0038319171440937966,85.9,6.5921,5,311,15.2,386.71,9554976822612.53,18.9
0.22489,12.5,7.87,0,0.524,-0.012046368925681804,94.3,6.3467,5,311,15.2,392.52,11371873729192.303,15.0
0.11747,12.5,7.87,0,0.524,-0.054537280948514094,82.9,6.2267,5,311,15.2,396.9,7315186595244.499,18.9
0.09378,12.5,7.87,0,0.524,-0.037727580712219946,39.0,5.4509,5,311,15.2,390.5,8794326632910.801,21.7
0.62976,0.0,8.14,0,0.538,-0.07979441525708392,61.8,4.7075,4,307,21.0,396.9,4539346612736.885,20.4
0.63796,0.0,8.14,0,0.538,0.1721618108086015,84.5,4.4619,4,307,21.0,380.02,5787922511859.199,18.2
0.62739,0.0,8.14,0,0.538,-0.12278907480409268,56.5,4.4986,4,307,21.0,395.62,4707714450287.418,19.9
1.05393,0.0,8.14,0,0.538,0.06503002684316567,29.3,4.4986,4,307,21.0,386.85,3505616091204.649,23.1
0.7842,0.0,8.14,0,0.538,0.16234631633193644,81.7,4.2579,4,307,21.0,386.75,8142464698104.471,17.5
0.80271,0.0,8.14,0,0.538,0.18587130135327928,36.6,3.7965,4,307,21.0,288.99,6416749131534.312,20.2
0.7258,0.0,8.14,0,0.538,0.024361396015293725,69.5,3.7965,4,307,21.0,390.95,6254114898481.803,18.2
1.25179,0.0,8.14,0,0.538,0.05446505573757897,98.1,3.7979,4,307,21.0,376.57,11644697463459.705,13.6
0.85204,0.0,8.14,0,0.538,0.0820460724032577,89.2,4.0123,4,307,21.0,392.53,7591269764009.001,19.6
1.23247,0.0,8.14,0,0.538,-0.06929640342627721,91.7,3.9769,4,307,21.0,396.9,10545942251602.855,15.2
0.98843,0.0,8.14,0,0.538,-0.1219941972264379,100.0,4.0952,4,307,21.0,394.54,10901521523476.322,14.5
0.75026,0.0,8.14,0,0.538,-0.20329313652216008,94.1,4.3996,4,307,21.0,394.33,8980731127965.66,15.6
0.84054,0.0,8.14,0,0.538,-0.05095339336179936,85.7,4.4546,4,307,21.0,303.42,9219545560364.35,13.9
0.67191,0.0,8.14,0,0.538,0.023612694522435085,90.3,4.682,4,307,21.0,376.88,8340751983656.659,16.6
0.95577,0.0,8.14,0,0.538,0.01579605983041886,88.8,4.4534,4,307,21.0,306.38,9627440865263.926,14.8
0.77299,0.0,8.14,0,0.538,-0.0987185810227693,94.4,4.4547,4,307,21.0,387.94,7055671825577.894,18.4
1.00245,0.0,8.14,0,0.538,-0.16407561497148787,87.3,4.239,4,307,21.0,380.23,6664668627701.965,21.0
1.13081,0.0,8.14,0,0.538,0.1269001929602227,94.1,4.233,4,307,21.0,360.17,12536619221048.629,12.7
1.35472,0.0,8.14,0,0.538,0.08923878883119926,100.0,4.175,4,307,21.0,376.73,7277854421950.481,14.5
1.38799,0.0,8.14,0,0.538,0.14201940452714573,82.0,3.99,4,307,21.0,232.6,15423744499648.865,13.2
1.15172,0.0,8.14,0,0.538,0.026590988971286034,95.0,3.7872,4,307,21.0,358.77,10259665603819.455,13.1
1.61282,0.0,8.14,0,0.538,0.06869098086513283,96.9,3.7598,4,307,21.0,248.31,11336538837567.088,13.5
0.06417,0.0,5.96,0,0.499,0.00891581596085117,68.2,3.3603,5,279,19.2,396.9,5331212037713.955,18.9
0.09744,0.0,5.96,0,0.499,-0.004494837192723599,61.4,3.3779,5,279,19.2,377.56,6299460984349.419,20.0
0.08014,0.0,5.96,0,0.499,-0.025768277059191484,41.5,3.9342,5,279,19.2,396.9,4935607030414.259,21.0
0.17505,0.0,5.96,0,0.499,-0.151082994815814,30.2,3.8473,5,279,19.2,393.43,5594598128671.355,24.7
0.02763,75.0,2.95,0,0.428,-0.10072157901680034,21.8,5.4011,3,252,18.3,395.63,2450330207900.0215,30.8
0.03359,75.0,2.95,0,0.428,-0.1565374749515141,15.8,5.4011,3,252,18.3,395.62,998061386146.3584,34.9
0.12744,0.0,6.91,0,0.448,-0.1253762931624029,2.9,5.7209,3,233,17.9,385.41,2793290348361.912,26.6
0.1415,0.0,6.91,0,0.448,-0.17314319481912993,6.6,5.7209,3,233,17.9,383.37,3249484429478.588,25.3
0.15936,0.0,6.91,0,0.448,-0.044017197314361586,6.5,5.7209,3,233,17.9,394.46,4142076573809.4194,24.7
0.12269,0.0,6.91,0,0.448,-0.16019902380126003,40.0,5.7209,3,233,17.9,389.39,5317086132175.089,21.2
0.17142,0.0,6.91,0,0.448,0.07058405897330186,33.8,5.1004,3,233,17.9,396.9,5653358842195.757,19.3
0.18836,0.0,6.91,0,0.448,0.14226440892621284,33.3,5.1004,3,233,17.9,396.9,7724560384588.557,20.0
0.22927,0.0,6.91,0,0.448,0.18033572312267457,85.5,5.6894,3,233,17.9,392.74,10597127204977.393,16.6
0.25387,0.0,6.91,0,0.448,0.0699907536033561,95.3,5.87,3,233,17.9,396.9,17196168791221.117,14.4
0.21977,0.0,6.91,0,0.448,-0.0006332961964251108,62.0,6.0877,3,233,17.9,396.9,9058209686470.582,19.4
0.08873,21.0,5.64,0,0.439,-0.0054345289223561855,45.7,6.8147,4,243,16.8,395.56,7457528985494.904,19.7
0.04337,21.0,5.64,0,0.439,-0.010721828587239524,63.0,6.8147,4,243,16.8,393.97,5171117426038.615,20.5
0.0536,21.0,5.64,0,0.439,-0.061946378118366785,21.1,6.8147,4,243,16.8,396.9,3005731104177.4233,25.0
0.04981,21.0,5.64,0,0.439,-0.04956087715814031,21.4,6.8147,4,243,16.8,396.9,4757202774248.099,23.4
0.0136,75.0,4.0,0,0.41,-0.09574837149317143,47.6,7.3197,3,469,21.1,396.9,8304985633199.993,18.9
0.01311,90.0,1.22,0,0.403,0.03192760807589313,21.9,8.6966,5,226,17.9,395.93,2711021408524.4106,35.4
0.02055,85.0,0.74,0,0.41,0.1280187020450376,35.7,9.1876,2,313,17.3,396.9,3278796834981.8013,24.7
0.01432,100.0,1.32,0,0.411,-0.05962696880795737,40.5,8.3248,5,256,15.1,392.9,2125620143969.7534,31.6
0.15445,25.0,5.13,0,0.453,-0.2065441106359765,29.2,7.8148,8,284,19.7,390.68,3876040533848.3745,23.3
0.10328,25.0,5.13,0,0.453,0.07788235460541965,47.2,6.932,8,284,19.7,396.9,5072700638691.17,19.6
0.14932,25.0,5.13,0,0.453,-0.05520799385457139,66.2,7.2254,8,284,19.7,395.11,7347648447434.149,18.7
0.17171,25.0,5.13,0,0.453,-0.0478796024013572,93.4,6.8185,8,284,19.7,378.08,8033764688636.403,16.0
0.11027,25.0,5.13,0,0.453,-0.18711916818866245,67.8,7.2255,8,284,19.7,396.9,3729694084271.081,22.2
0.1265,25.0,5.13,0,0.453,-0.22851400764878815,43.4,7.9809,8,284,19.7,395.58,5398215015970.759,25.0
0.01951,17.5,1.38,0,0.4161,0.23368877700718754,59.5,9.2229,3,216,18.6,393.24,4463173600670.956,33.0
0.03584,80.0,3.37,0,0.398,-0.1244956751894074,17.8,6.6115,4,337,16.1,396.9,2511513883232.908,23.5
0.04379,80.0,3.37,0,0.398,-0.06484044410372958,31.1,6.6115,4,337,16.1,396.9,5640506217521.652,19.4
0.05789,12.5,6.07,0,0.409,-0.0427576473702353,21.4,6.498,4,345,18.9,396.21,4398651784246.369,22.0
0.13554,12.5,6.07,0,0.409,0.1424056063741961,36.8,6.498,4,345,18.9,396.9,7310952568372.695,17.4
0.12816,12.5,6.07,0,0.409,-0.14596971817584667,33.0,6.498,4,345,18.9,396.9,4854662340636.677,20.9
0.08826,0.0,10.81,0,0.413,0.041951641602314974,6.6,5.2873,4,305,19.2,383.73,3665216095719.6084,24.2
0.15876,0.0,10.81,0,0.413,-0.28597844459873345,17.5,5.2873,4,305,19.2,376.94,5559708621619.152,21.7
0.09164,0.0,10.81,0,0.413,-0.05134653160890508,7.8,5.2873,4,305,19.2,390.91,3153261447029.2427,22.8
0.19539,0.0,10.81,0,0.413,0.3315467862581164,6.2,5.2873,4,305,19.2,377.17,4125919721360.278,23.4
0.07896,0.0,12.83,0,0.437,-0.11599580029283421,6.0,4.2515,5,398,18.7,394.92,3788382392386.6367,24.1
0.09512,0.0,12.83,0,0.437,0.09243068881660384,45.0,4.5026,5,398,18.7,383.23,4944586797710.876,21.4
0.10153,0.0,12.83,0,0.437,-0.045920221258873656,74.5,4.0522,5,398,18.7,373.66,6647821668435.398,20.0
0.08707,0.0,12.83,0,0.437,0.028373797152508613,45.8,4.0905,5,398,18.7,386.96,5716228500995.8125,20.8
0.05646,0.0,12.83,0,0.437,-0.12941457044130922,53.7,5.0141,5,398,18.7,386.4,7017810379400.633,21.2
0.08387,0.0,12.83,0,0.437,0.008589825292188191,36.6,4.5026,5,398,18.7,396.06,5042499788713.828,20.3
0.04113,25.0,4.86,0,0.426,0.1559271549575775,33.5,5.4007,4,281,19.0,396.9,2909619605460.6987,28.0
0.04462,25.0,4.86,0,0.426,-0.037199576143220975,70.4,5.4007,4,281,19.0,395.63,4083872810305.7637,23.9
0.03659,25.0,4.86,0,0.426,0.11420598137941092,32.2,5.4007,4,281,19.0,396.9,3715336492022.3438,24.8
0.03551,25.0,4.86,0,0.426,0.02674284318936949,46.7,5.4007,4,281,19.0,390.64,4367683546039.817,22.9
0.05059,0.0,4.49,0,0.449,-0.09268901430331106,48.0,4.7794,3,247,18.5,396.9,5363033210942.224,23.9
0.05735,0.0,4.49,0,0.449,0.021881901423002278,56.1,4.4377,3,247,18.5,392.3,3617373462786.7173,26.6
0.05188,0.0,4.49,0,0.449,-0.03975694805545711,45.1,4.4272,3,247,18.5,395.99,7075120380376.16,22.5
0.07151,0.0,4.49,0,0.449,0.134503051658978,56.8,3.7476,3,247,18.5,395.15,4677884118750.19,22.2
0.0566,0.0,3.41,0,0.489,0.07992138279886955,86.3,3.4217,2,270,17.8,396.9,3112901481915.137,23.6
0.05302,0.0,3.41,0,0.489,-0.056993350920514024,63.1,3.4145,2,270,17.8,396.06,3161477644477.253,28.7
0.04684,0.0,3.41,0,0.489,-0.14358378952933748,66.1,3.0923,2,270,17.8,392.18,4803147540880.595,22.6
0.03932,0.0,3.41,0,0.489,-0.16909630768639544,73.9,3.0921,2,270,17.8,393.55,4433276861627.068,22.0
0.04203,28.0,15.04,0,0.464,-0.0976627889697565,53.6,3.6659,4,270,18.2,395.01,4587330403415.167,22.9
0.02875,28.0,15.04,0,0.464,-0.06907244925904749,28.9,3.6659,4,270,18.2,396.33,3390487109882.1904,25.0
0.04294,28.0,15.04,0,0.464,-0.04542107654997038,77.3,3.615,4,270,18.2,396.9,5861711382693.296,20.6
0.12204,0.0,2.89,0,0.445,-0.12422977661107773,57.8,3.4952,2,276,18.0,357.98,3686173322655.463,28.4
0.11504,0.0,2.89,0,0.445,0.06341050888621216,69.6,3.4952,2,276,18.0,391.83,6178435640196.873,21.4
0.12083,0.0,2.89,0,0.445,-0.07525978828042951,76.0,3.4952,2,276,18.0,396.9,2378970729709.2554,38.7
0.08187,0.0,2.89,0,0.445,0.030371967108164255,36.9,3.4952,2,276,18.0,393.53,1848504701572.9592,43.8
0.0686,0.0,2.89,0,0.445,-0.1733811457657673,62.5,3.4952,2,276,18.0,396.9,3503186985816.597,33.2
0.14866,0.0,8.56,0,0.52,0.2227914492132918,79.9,2.7778,5,384,20.9,394.76,5135263328933.869,27.5
0.11432,0.0,8.56,0,0.52,-0.12851568224053667,71.3,2.8561,5,384,20.9,395.58,4279985904119.887,26.5
0.22876,0.0,8.56,0,0.52,0.21884889987154185,85.4,2.7147,5,384,20.9,70.8,5876328218617.865,18.6
0.21161,0.0,8.56,0,0.52,0.044516760347882565,87.4,2.7147,5,384,20.9,394.47,7368931927566.617,19.3
0.1396,0.0,8.56,0,0.52,0.16551818375981597,90.0,2.421,5,384,20.9,392.69,6852309613068.716,20.1
0.13262,0.0,8.56,0,0.52,-0.170511204735056,96.7,2.1069,5,384,20.9,394.05,9181334789770.373,19.5
0.1712,0.0,8.56,0,0.52,0.04281699222402301,91.9,2.211,5,384,20.9,395.67,10387030212951.742,19.5
0.13117,0.0,8.56,0,0.52,0.002318209434688176,85.2,2.1224,5,384,20.9,387.69,7728278283206.602,20.4
0.12802,0.0,8.56,0,0.52,-0.043266882082518526,97.1,2.4329,5,384,20.9,395.24,6710501370809.968,19.8
0.26363,0.0,8.56,0,0.52,-0.04496515561390329,91.2,2.5451,5,384,20.9,391.23,8593674414141.921,19.4
0.10793,0.0,8.56,0,0.52,-0.17241476828479374,54.4,2.7778,5,384,20.9,393.49,7367012050008.214,21.7
0.10084,0.0,10.01,0,0.547,0.08995893642234179,81.6,2.6775,6,432,17.8,395.59,5724225111468.643,22.8
0.12329,0.0,10.01,0,0.547,0.32911071769392497,92.9,2.3534,6,432,17.8,394.95,9039651840565.13,18.8
0.22212,0.0,10.01,0,0.547,0.22525874169620902,95.4,2.548,6,432,17.8,396.9,9446259217117.521,18.7
0.14231,0.0,10.01,0,0.547,-0.03920793534268321,84.2,2.2565,6,432,17.8,388.74,5752723433720.106,18.5
0.17134,0.0,10.01,0,0.547,-0.17348721928134636,88.2,2.4631,6,432,17.8,344.91,8630539884137.425,18.3
0.13158,0.0,10.01,0,0.547,0.13275454346132426,72.5,2.7301,6,432,17.8,393.3,6617142381007.723,21.2
0.15098,0.0,10.01,0,0.547,-0.01623374901906366,82.6,2.7474,6,432,17.8,394.51,5734549180356.207,19.2
0.13058,0.0,10.01,0,0.547,-0.07356994940430689,73.1,2.4775,6,432,17.8,338.63,8624916811488.587,20.4
0.14476,0.0,10.01,0,0.547,-0.04419658899412007,65.2,2.7592,6,432,17.8,391.5,7627212702727.373,19.3
0.06899,0.0,25.65,0,0.581,0.06395923007184696,69.7,2.2577,2,188,19.1,389.15,7951433520298.7,22.0
0.07165,0.0,25.65,0,0.581,-0.0761945189575035,84.1,2.1974,2,188,19.1,377.67,7921885060892.519,20.3
0.09299,0.0,25.65,0,0.581,-0.15991982432377455,92.9,2.0869,2,188,19.1,378.09,9877644402419.459,20.5
0.15038,0.0,25.65,0,0.581,0.015288540804697284,97.0,1.9444,2,188,19.1,370.31,14118748305018.07,17.3
0.09849,0.0,25.65,0,0.581,0.22491794242027036,95.8,2.0063,2,188,19.1,379.38,9706949471551.82,18.8
0.16902,0.0,25.65,0,0.581,-0.14537057942432477,88.4,1.9929,2,188,19.1,385.02,8309518834363.175,21.4
0.38735,0.0,25.65,0,0.581,-0.05982253230730873,95.6,1.7572,2,188,19.1,359.29,15284901567469.584,15.7
0.25915,0.0,21.89,0,0.624,-0.13540870768467092,96.0,1.7883,4,437,21.2,392.11,9593653595939.193,16.2
0.32543,0.0,21.89,0,0.624,0.25166566125308343,98.8,1.8125,4,437,21.2,396.9,8511625788759.996,18.0
0.88125,0.0,21.89,0,0.624,0.13356977419671745,94.7,1.9799,4,437,21.2,396.9,10149846891015.072,14.3
0.34006,0.0,21.89,0,0.624,0.00880477532860073,98.9,2.1185,4,437,21.2,395.04,6918760460754.129,19.2
1.19294,0.0,21.89,0,0.624,-0.03493160326320435,97.7,2.271,4,437,21.2,396.9,6893309520027.123,19.6
0.59005,0.0,21.89,0,0.624,-0.19483796707851442,97.9,2.3274,4,437,21.2,385.76,6262443485825.734,23.0
0.32982,0.0,21.89,0,0.624,0.022504022807921173,95.4,2.4699,4,437,21.2,388.69,8384617505893.471,18.4
0.97617,0.0,21.89,0,0.624,-0.022332900325146055,98.4,2.346,4,437,21.2,262.76,9587504884138.16,15.6
0.55778,0.0,21.89,0,0.624,0.14855376896884467,98.2,2.1107,4,437,21.2,394.67,9590502104229.236,18.1
0.32264,0.0,21.89,0,0.624,-0.05372762588631807,93.5,1.9669,4,437,21.2,378.25,9446870336860.871,17.4
0.35233,0.0,21.89,0,0.624,0.09885583069733822,98.4,1.8498,4,437,21.2,394.08,8161150401900.363,17.1
0.2498,0.0,21.89,0,0.624,0.012934751536642218,98.2,1.6686,4,437,21.2,392.04,11945254758317.363,13.3
0.54452,0.0,21.89,0,0.624,0.009453610192189488,97.9,1.6687,4,437,21.2,396.9,10231554424131.787,17.8
0.2909,0.0,21.89,0,0.624,0.032012720591624355,93.6,1.6119,4,437,21.2,388.08,13487126544211.348,14.0
1.62864,0.0,21.89,0,0.624,-0.2073852357630661,100.0,1.4394,4,437,21.2,396.9,19127996221583.37,14.4
3.32105,0.0,19.58,1,0.871,-0.02179133054026093,100.0,1.3216,5,403,14.7,396.9,14900598641588.26,13.4
4.0974,0.0,19.58,0,0.871,-0.009236940755464967,100.0,1.4118,5,403,14.7,396.9,14711230050287.836,15.6
2.77974,0.0,19.58,0,0.871,0.04552837665973028,97.8,1.3459,5,403,14.7,396.9,16042553974561.676,11.8
2.37934,0.0,19.58,0,0.871,-0.058707995738045735,100.0,1.4191,5,403,14.7,172.91,15357078809126.213,13.8
2.15505,0.0,19.58,0,0.871,0.2106902566412419,100.0,1.5166,5,403,14.7,169.27,9207873150909.113,15.6
2.36862,0.0,19.58,0,0.871,-0.11095826380458584,95.7,1.4608,5,403,14.7,391.71,16345756052488.0,14.6
2.33099,0.0,19.58,0,0.871,-0.13220197642389928,93.8,1.5296,5,403,14.7,356.99,15750399759599.807,17.8
2.73397,0.0,19.58,0,0.871,-0.1039258769078241,94.9,1.5257,5,403,14.7,351.85,11935165154125.111,15.4
1.6566,0.0,19.58,0,0.871,-0.07800697902984555,97.3,1.618,5,403,14.7,372.8,7858718585744.712,21.5
1.49632,0.0,19.58,0,0.871,-0.02156920220651043,100.0,1.5916,5,403,14.7,341.6,7391830083684.836,19.6
1.12658,0.0,19.58,1,0.871,0.10943616440866666,88.0,1.6102,5,403,14.7,343.28,6893624699806.923,15.3
2.14918,0.0,19.58,0,0.871,0.033744896856699375,98.5,1.6232,5,403,14.7,261.95,8848594858020.11,19.4
1.41385,0.0,19.58,1,0.871,-0.2766930703875089,96.0,1.7494,5,403,14.7,321.02,8510822040266.692,17.0
3.53501,0.0,19.58,1,0.871,0.1747956075534663,82.6,1.7455,5,403,14.7,88.01,8335930520810.078,15.6
2.44668,0.0,19.58,0,0.871,-0.2974345464213772,94.0,1.7364,5,403,14.7,88.63,9021144933160.758,13.1
1.22358,0.0,19.58,0,0.605,0.10183407475125515,97.4,1.8773,5,403,14.7,363.43,2355684104536.739,41.3
1.34284,0.0,19.58,0,0.605,-0.16174830432823004,100.0,1.7573,5,403,14.7,353.89,3528745873830.6035,24.3
1.42502,0.0,19.58,0,0.871,0.004526472925544096,100.0,1.7659,5,403,14.7,364.31,4228707631259.242,23.3
1.27346,0.0,19.58,1,0.605,0.03271131125063648,92.6,1.7984,5,403,14.7,338.92,2965625368119.713,27.0
1.46336,0.0,19.58,0,0.605,-0.042068699162690265,90.8,1.9709,5,403,14.7,374.43,1138675568955.9504,50.0
1.83377,0.0,19.58,1,0.605,0.0586543270522751,98.2,2.0407,5,403,14.7,389.61,1065636940110.4559,50.0
1.51902,0.0,19.58,1,0.605,-0.01703050284216158,93.9,2.162,5,403,14.7,388.45,1799197872650.2556,50.0
2.24236,0.0,19.58,0,0.605,-0.29381075993230377,91.8,2.422,5,403,14.7,395.11,6345020781955.144,22.7
2.924,0.0,19.58,0,0.605,-0.16392942286441842,93.0,2.2834,5,403,14.7,240.16,5660980909941.109,25.0
2.01019,0.0,19.58,0,0.605,-0.05945667907964437,96.2,2.0459,5,403,14.7,369.3,1953252902394.8152,50.0
1.80028,0.0,19.58,0,0.605,-0.03755365360867021,79.2,2.4259,5,403,14.7,227.61,6666636916263.597,23.8
2.3004,0.0,19.58,0,0.605,-0.0784768264155615,96.1,2.1,5,403,14.7,297.09,6089856524342.299,23.8
2.44953,0.0,19.58,0,0.605,-0.2282715929507986,95.2,2.2625,5,403,14.7,330.04,6354356759340.845,22.3
1.20742,0.0,19.58,0,0.605,-0.028623828515929532,94.6,2.4259,5,403,14.7,292.29,8034632246663.655,17.4
2.3139,0.0,19.58,0,0.605,0.3402404941225979,97.3,2.3887,5,403,14.7,348.13,6625420267224.401,19.1
0.13914,0.0,4.05,0,0.51,-0.024931209764960827,88.5,2.5961,5,296,16.6,396.9,8161598126999.433,23.1
0.09178,0.0,4.05,0,0.51,0.046306088394003776,84.1,2.6463,5,296,16.6,395.5,5099995508370.686,23.6
0.08447,0.0,4.05,0,0.51,-0.08033568391683872,68.7,2.7019,5,296,16.6,393.23,5372637560328.621,22.6
0.06664,0.0,4.05,0,0.51,0.03607155735987205,33.1,3.1323,5,296,16.6,390.96,3007372871588.022,29.4
0.07022,0.0,4.05,0,0.51,-0.18655608201403825,47.2,3.5549,5,296,16.6,393.23,5635338880581.452,23.2
0.05425,0.0,4.05,0,0.51,-0.08637457178276679,73.4,3.3175,5,296,16.6,395.6,3577035965827.7715,24.6
0.06642,0.0,4.05,0,0.51,-0.24342754161652924,74.4,2.9153,5,296,16.6,391.27,3907829079934.5796,29.9
0.0578,0.0,2.46,0,0.488,0.016842685100983204,58.4,2.829,3,193,17.8,396.9,2867020469224.5127,37.2
0.06588,0.0,2.46,0,0.488,-0.14907323639289177,83.3,2.741,3,193,17.8,395.56,4222548781848.1177,39.8
0.06888,0.0,2.46,0,0.488,0.1782595519536744,62.2,2.5979,3,193,17.8,396.9,5255359244749.454,36.2
0.09103,0.0,2.46,0,0.488,0.20768614995763876,92.2,2.7006,3,193,17.8,394.12,2770944408064.2554,37.9
0.10008,0.0,2.46,0,0.488,-0.1868985666377202,95.6,2.847,3,193,17.8,396.9,3139289575104.296,32.5
0.08308,0.0,2.46,0,0.488,0.043768740485525925,89.8,2.9879,3,193,17.8,391.0,7675592943044.076,26.4
0.06047,0.0,2.46,0,0.488,0.05768753647157144,68.8,3.2797,3,193,17.8,387.11,7369641502768.799,29.6
0.05602,0.0,2.46,0,0.488,-0.14055654180903784,53.6,3.1992,3,193,17.8,392.63,2547839375293.861,50.0
0.07875,45.0,3.44,0,0.437,0.023835041689785973,41.1,3.7886,5,398,15.2,393.87,3834564930771.611,32.0
0.12579,45.0,3.44,0,0.437,-0.07489093327824572,29.1,4.5667,5,398,15.2,382.84,2573462479116.937,29.8
0.0837,45.0,3.44,0,0.437,-0.16425525658425297,38.9,4.5667,5,398,15.2,396.9,2842936049032.678,34.9
0.09068,45.0,3.44,0,0.437,0.145376489561159,21.5,6.4798,5,398,15.2,377.68,2856634004898.7285,37.0
0.06911,45.0,3.44,0,0.437,-0.09197378822658633,30.8,6.4798,5,398,15.2,389.71,2609045473818.6953,30.5
0.08664,45.0,3.44,0,0.437,-0.10576425512069587,26.3,6.4798,5,398,15.2,390.49,1633980560679.8323,36.4
0.02187,60.0,2.93,0,0.401,0.09704781201843554,9.9,6.2196,1,265,15.6,393.37,2750767989272.2607,31.1
0.01439,60.0,2.93,0,0.401,-0.0732228002983134,18.8,6.2196,1,265,15.6,376.7,2441378389305.982,29.1
0.01381,80.0,0.46,0,0.422,-0.03358495362262095,32.0,5.6484,4,255,14.4,394.23,1551698203385.353,50.0
0.04011,80.0,1.52,0,0.404,-0.2252941799285179,34.1,7.309,2,329,12.6,396.9,2310378868300.0845,33.3
0.04666,80.0,1.52,0,0.404,0.08496054441543788,36.6,7.309,2,329,12.6,354.31,4871243311159.797,30.3
0.03768,80.0,1.52,0,0.404,0.054072894326599535,38.3,7.309,2,329,12.6,392.2,3637070536900.8066,34.6
0.0315,95.0,1.47,0,0.403,0.0827398438365923,15.3,7.6534,3,402,17.0,396.9,2638971928958.6284,34.9
0.01778,95.0,1.47,0,0.403,0.04131673044097027,13.9,7.6534,3,402,17.0,384.3,2475215317136.0347,32.9
0.03445,82.5,2.03,0,0.415,0.11005923045792954,38.4,6.27,2,348,14.7,393.77,4098493275022.7046,24.1
0.02177,82.5,2.03,0,0.415,-0.21088919242876464,15.7,6.27,2,348,14.7,395.38,1725403423064.9504,42.3
0.0351,95.0,2.68,0,0.4161,0.04113923218822458,33.2,5.118,4,224,14.7,392.78,2039257210159.6877,48.5
0.02009,95.0,2.68,0,0.4161,0.00433744567699805,31.9,5.118,4,224,14.7,390.55,1639555992353.5903,50.0
0.13642,0.0,10.59,0,0.489,-0.09525706035658392,22.3,3.9454,4,277,18.6,396.9,6021171085505.762,22.6
0.22969,0.0,10.59,0,0.489,-0.14535268285964825,52.5,4.3549,4,277,18.6,394.87,6083267045631.384,24.4
0.25199,0.0,10.59,0,0.489,-0.016637193894707684,72.7,4.3549,4,277,18.6,389.43,10100058589067.912,22.5
0.13587,0.0,10.59,1,0.489,-0.025737626546927184,59.1,4.2392,4,277,18.6,381.32,8073410209331.834,24.4
0.43571,0.0,10.59,1,0.489,-0.08407954598920636,100.0,3.875,4,277,18.6,396.9,12867851960876.365,20.0
0.17446,0.0,10.59,1,0.489,0.31132225450136264,92.1,3.8771,4,277,18.6,393.25,9574337643592.906,21.7
0.37578,0.0,10.59,1,0.489,-0.09025234615415186,88.6,3.665,4,277,18.6,395.24,13324205017186.527,19.3
0.21719,0.0,10.59,1,0.489,0.1584170488892978,53.8,3.6526,4,277,18.6,390.94,8921368340740.695,22.4
0.14052,0.0,10.59,0,0.489,0.14048252689917665,32.3,3.9454,4,277,18.6,385.81,5332389750247.571,28.1
0.28955,0.0,10.59,0,0.489,-0.05734728491524607,9.8,3.5875,4,277,18.6,348.93,16376234204245.455,23.7
0.19802,0.0,10.59,0,0.489,0.06257559865267344,42.4,3.9454,4,277,18.6,393.63,5140808806733.319,25.0
0.0456,0.0,13.89,1,0.55,0.002892795956616012,56.0,3.1121,5,276,16.4,392.8,7453268710513.334,23.3
0.07013,0.0,13.89,0,0.55,0.015124669731354748,85.1,3.4211,5,276,16.4,392.78,5271537141899.228,28.7
0.11069,0.0,13.89,1,0.55,-0.07093003335048895,93.8,2.8893,5,276,16.4,396.9,9994345481732.621,21.5
0.11425,0.0,13.89,1,0.55,0.17264197116849303,92.4,3.3633,5,276,16.4,393.74,5680121151567.277,23.0
0.35809,0.0,6.2,1,0.507,-0.1536407091808727,88.5,2.8617,8,307,17.4,391.7,5289424649507.199,26.7
0.40771,0.0,6.2,1,0.507,0.018641958961080292,91.3,3.048,8,307,17.4,395.24,11943553071483.67,21.7
0.62356,0.0,6.2,1,0.507,-0.10987767418223898,77.7,3.2721,8,307,17.4,390.39,5669350075650.541,27.5
0.6147,0.0,6.2,0,0.507,-0.2109831884678557,80.8,3.2721,8,307,17.4,396.9,4184681393444.3086,30.1
0.31533,0.0,6.2,0,0.504,0.17215758832909397,78.3,2.8944,8,307,17.4,385.05,2233024860950.427,44.8
0.52693,0.0,6.2,0,0.504,0.23190232195976151,83.0,2.8944,8,307,17.4,382.0,2495001284816.446,50.0
0.38214,0.0,6.2,0,0.504,0.018491244801049668,86.5,3.2157,8,307,17.4,387.38,1873554293798.0017,37.6
0.41238,0.0,6.2,0,0.504,0.45731719631441814,79.9,3.2157,8,307,17.4,372.08,3405317448145.835,31.6
0.29819,0.0,6.2,0,0.504,-0.043871913784615066,17.0,3.3751,8,307,17.4,377.51,2253221031997.1216,46.7
0.44178,0.0,6.2,0,0.504,-0.05883460657999076,21.4,3.3751,8,307,17.4,380.34,1979489782604.5486,31.5
0.537,0.0,6.2,0,0.504,-0.21029563067691495,68.1,3.6715,8,307,17.4,378.35,6513359303955.499,24.3
0.46296,0.0,6.2,0,0.504,0.050573092071477865,76.9,3.6715,8,307,17.4,376.14,2876251683301.6274,31.7
0.57529,0.0,6.2,0,0.507,-0.19396840674594576,73.3,3.8384,8,307,17.4,385.91,1474275917939.8545,41.7
0.33147,0.0,6.2,0,0.507,0.0581317578782932,70.4,3.6519,8,307,17.4,378.95,2206864559383.489,48.3
0.44791,0.0,6.2,1,0.507,0.03528660636332358,66.5,3.6519,8,307,17.4,360.2,4557221058599.987,29.0
0.33045,0.0,6.2,0,0.507,0.06828153451998831,61.5,3.6519,8,307,17.4,376.75,6021137453242.002,24.0
0.52058,0.0,6.2,1,0.507,-0.04971576293651281,76.5,4.148,8,307,17.4,388.45,5246063035063.171,25.1
0.51183,0.0,6.2,0,0.507,0.3296307210627852,71.6,4.148,8,307,17.4,390.07,2673184594005.9785,31.5
0.08244,30.0,4.93,0,0.428,0.03246585950425562,18.5,6.1899,6,300,16.6,379.41,3484384090707.266,23.7
0.09252,30.0,4.93,0,0.428,-0.07416436163657318,42.2,6.1899,6,300,16.6,383.78,4063334563578.9727,23.3
0.11329,30.0,4.93,0,0.428,0.05469985907159358,54.3,6.3361,6,300,16.6,391.25,6339312898913.779,22.0
0.10612,30.0,4.93,0,0.428,-0.008075632117051174,65.1,6.3361,6,300,16.6,394.62,6797897213804.961,20.1
0.1029,30.0,4.93,0,0.428,-0.12223017559796444,52.9,7.0355,6,300,16.6,372.75,6220799038063.212,22.2
0.12757,30.0,4.93,0,0.428,0.11140180402259636,7.8,7.0355,6,300,16.6,374.71,2976680704709.258,23.7
0.20608,22.0,5.86,0,0.431,0.117695851618184,76.5,7.9549,7,330,19.1,372.49,6799975652434.203,17.6
0.19133,22.0,5.86,0,0.431,0.09101060125856092,70.2,7.9549,7,330,19.1,389.13,10253298572595.549,18.5
0.33983,22.0,5.86,0,0.431,-0.1287074114088533,34.9,8.0555,7,330,19.1,390.18,4939921378707.499,24.3
0.19657,22.0,5.86,0,0.431,0.15391015063812732,79.2,8.0555,7,330,19.1,376.14,5618199210206.972,20.5
0.16439,22.0,5.86,0,0.431,-0.010010031702226526,49.1,7.8265,7,330,19.1,374.71,5193732425186.283,24.5
0.19073,22.0,5.86,0,0.431,-0.18071288574801414,17.5,7.8265,7,330,19.1,393.74,3722717727399.748,26.2
0.1403,22.0,5.86,0,0.431,-0.08606884169024615,13.0,7.3967,7,330,19.1,396.28,3329754197689.702,24.4
0.21409,22.0,5.86,0,0.431,0.07594706447602596,8.9,7.3967,7,330,19.1,377.07,2070759430468.7402,24.8
0.08221,22.0,5.86,0,0.431,0.2629627330323677,6.8,8.9067,7,330,19.1,386.09,1934404121123.9858,29.6
0.36894,22.0,5.86,0,0.431,0.10355055112953716,8.4,8.9067,7,330,19.1,396.9,2006450452647.6125,42.8
0.04819,80.0,3.64,0,0.392,0.03366849940399086,32.0,9.2203,1,315,16.4,392.89,3633898459009.2188,21.9
0.03548,80.0,3.64,0,0.392,-0.025823389832328382,19.1,9.2203,1,315,16.4,395.18,4977178231960.591,20.9
0.01538,90.0,3.75,0,0.394,0.1156025593222089,34.2,6.3361,3,244,15.9,386.34,1665251617568.2766,44.0
0.61154,20.0,3.97,0,0.647,-0.06556178330195613,86.9,1.801,5,264,13.0,389.7,2797668659145.3325,50.0
0.66351,20.0,3.97,0,0.647,-0.16843384244849355,100.0,1.8946,5,264,13.0,383.29,4288290951699.5957,36.0
0.65665,20.0,3.97,0,0.647,-0.07507268784174535,100.0,2.0107,5,264,13.0,391.93,3805766029920.9644,30.1
0.54011,20.0,3.97,0,0.647,0.06946176908045924,81.8,2.1121,5,264,13.0,392.8,5317268351030.255,33.8
0.53412,20.0,3.97,0,0.647,0.01723761578306126,89.4,2.1398,5,264,13.0,388.37,4021150600945.6396,43.1
0.52014,20.0,3.97,0,0.647,0.08476951268638884,91.5,2.2885,5,264,13.0,386.86,3353351132119.8755,48.8
0.82526,20.0,3.97,0,0.647,-0.2895968007267655,94.5,2.0788,5,264,13.0,393.42,6237593408357.954,31.0
0.55007,20.0,3.97,0,0.647,0.005381136427579199,91.6,1.9301,5,264,13.0,387.89,4490724872816.8545,36.5
0.76162,20.0,3.97,0,0.647,0.04959722929400207,62.8,1.9865,5,264,13.0,392.4,5761042375776.044,22.8
0.7857,20.0,3.97,0,0.647,-0.256542159302405,84.6,2.1329,5,264,13.0,384.07,8159515500865.088,30.7
0.57834,20.0,3.97,0,0.575,0.01877385114454394,67.0,2.4216,5,264,13.0,384.54,4164888172734.772,50.0
0.5405,20.0,3.97,0,0.575,0.03843505919551654,52.6,2.872,5,264,13.0,390.3,1726544042106.1284,43.5
0.09065,20.0,6.96,1,0.464,-0.008232512615471213,61.5,3.9175,3,223,18.6,391.34,7539623066944.334,20.7
0.29916,20.0,6.96,0,0.464,-0.009831129484536058,42.1,4.429,3,223,18.6,388.65,7123837299203.18,21.1
0.16211,20.0,6.96,0,0.464,-0.06489591467769955,16.3,4.429,3,223,18.6,396.9,3729952683813.6973,25.2
0.1146,20.0,6.96,0,0.464,-0.15477555692857362,58.7,3.9175,3,223,18.6,394.96,4340893520123.6733,24.4
0.22188,20.0,6.96,1,0.464,-0.006839192753659122,51.8,4.3665,3,223,18.6,390.77,3605927950414.378,35.2
0.05644,40.0,6.41,1,0.447,0.08594520890058395,32.9,4.0776,4,254,17.6,396.9,1887152232074.789,32.4
0.09604,40.0,6.41,0,0.447,0.11537354053316386,42.8,4.2673,4,254,17.6,396.9,1750621526450.3235,32.0
0.10469,40.0,6.41,1,0.447,-0.10832219703823373,49.0,4.7872,4,254,17.6,389.25,3457932326098.43,33.2
0.06127,40.0,6.41,1,0.447,0.14624616365449974,27.6,4.8628,4,254,17.6,393.45,2323875624789.0835,33.1
0.07978,40.0,6.41,0,0.447,-0.257859703380631,32.1,4.1403,4,254,17.6,396.9,3944122317497.561,29.1
0.21038,20.0,3.33,0,0.4429,0.17905322819801478,32.2,4.1007,5,216,14.9,396.9,2583889364482.786,35.1
0.03578,20.0,3.33,0,0.4429,-0.194494566851059,64.5,4.6947,5,216,14.9,387.31,2224610198639.4355,45.4
0.03705,20.0,3.33,0,0.4429,0.20396444421709356,37.2,5.2447,5,216,14.9,392.23,2379261818955.6353,35.4
0.06129,20.0,3.33,1,0.4429,0.18616391260764797,49.7,5.2119,5,216,14.9,377.07,1781735711273.3877,46.0
0.01501,90.0,1.21,1,0.401,0.26167418897982414,24.8,5.885,1,198,13.6,395.52,1800935545009.1152,50.0
0.00906,90.0,2.97,0,0.4,-0.3750207717944958,20.8,7.3073,1,285,15.3,394.72,4372899862668.028,32.2
0.01096,55.0,2.25,0,0.389,-0.1706104471197741,31.9,7.3073,1,300,15.3,394.72,4525189715630.403,22.0
0.01965,80.0,1.76,0,0.385,-0.006974466766335187,31.5,9.0892,1,241,18.2,341.6,7198256802327.538,20.1
0.03871,52.5,5.32,0,0.405,0.05911538451470563,31.3,7.3172,6,293,16.6,396.9,3954918157945.921,23.2
0.0459,52.5,5.32,0,0.405,0.06684655701966971,45.6,7.3172,6,293,16.6,396.9,4340934936058.2256,22.3
0.04297,52.5,5.32,0,0.405,-0.03483119644245563,22.9,7.3172,6,293,16.6,371.72,5174992767022.487,24.8
0.03502,80.0,4.95,0,0.411,-0.19379448097606702,27.9,5.1167,4,245,19.2,396.9,1794745753567.94,28.5
0.07886,80.0,4.95,0,0.411,-0.040548049743891895,27.7,5.1167,4,245,19.2,396.9,2004358421338.4165,37.3
0.03615,80.0,4.95,0,0.411,0.11270973544213418,23.4,5.1167,4,245,19.2,396.9,2744936933653.8945,27.9
0.08265,0.0,13.92,0,0.437,0.23894898986470392,18.4,5.5027,4,289,16.0,396.9,4678708284378.254,23.9
0.08199,0.0,13.92,0,0.437,-0.08800928838448577,42.3,5.5027,4,289,16.0,396.9,5659277828444.245,21.7
0.12932,0.0,13.92,0,0.437,0.029697583603146147,31.1,5.9604,4,289,16.0,396.9,3526975740816.6826,28.6
0.05372,0.0,13.92,0,0.437,-0.10583274472895927,51.0,5.9604,4,289,16.0,392.85,4087437457654.6465,27.1
0.14103,0.0,13.92,0,0.437,-0.06593026814983584,58.0,6.32,4,289,16.0,396.9,8846989010242.113,20.3
0.06466,70.0,2.24,0,0.4,-0.02670106631468979,20.1,7.8278,5,358,14.8,368.24,2836620470128.1953,22.5
0.05561,70.0,2.24,0,0.4,-0.13578038274060036,10.0,7.8278,5,358,14.8,371.58,2526593807769.049,29.0
0.04417,70.0,2.24,0,0.4,0.11697384010261595,47.4,7.8278,5,358,14.8,390.86,3328694934587.8755,24.8
0.03537,34.0,6.09,0,0.433,-0.06645737739316784,40.4,5.4917,7,329,16.1,395.75,5125800724783.962,22.0
0.09266,34.0,6.09,0,0.433,0.12458159095947924,18.4,5.4917,7,329,16.1,383.61,4789179384420.406,26.4
0.1,34.0,6.09,0,0.433,0.11718279569679173,17.7,5.4917,7,329,16.1,390.43,2675254084672.3247,33.1
0.05515,33.0,2.18,0,0.472,-0.2386947359792927,41.1,4.022,7,222,18.4,393.68,3844689562526.443,36.1
0.05479,33.0,2.18,0,0.472,0.062349281736555684,58.1,3.37,7,222,18.4,393.36,5075850993693.64,28.4
0.07503,33.0,2.18,0,0.472,-0.04167581698411535,71.9,3.0992,7,222,18.4,396.9,3622053234119.834,33.4
0.04932,33.0,2.18,0,0.472,-0.03465847651101377,70.3,3.1827,7,222,18.4,396.9,4297731366260.859,28.2
0.49298,0.0,9.9,0,0.544,-0.01363077465063084,82.5,3.3175,4,304,18.4,396.9,2403791803424.5366,22.8
0.3494,0.0,9.9,0,0.544,-0.04014553765120706,76.7,3.1025,4,304,18.4,396.24,5636647721803.515,20.3
2.63548,0.0,9.9,0,0.544,-0.1821127213490391,37.8,2.5194,4,304,18.4,350.45,6960495524381.097,16.1
0.79041,0.0,9.9,0,0.544,0.019946334480949405,52.8,2.6403,4,304,18.4,396.9,3254304495301.446,22.1
0.26169,0.0,9.9,0,0.544,0.08240423568678285,90.4,2.834,4,304,18.4,396.3,6490925897867.866,19.4
0.26938,0.0,9.9,0,0.544,-0.13410399083212432,82.8,3.2628,4,304,18.4,393.39,4523721035522.569,21.6
0.3692,0.0,9.9,0,0.544,-0.2273355652061244,87.3,3.6023,4,304,18.4,395.69,5231560407285.592,23.8
0.25356,0.0,9.9,0,0.544,0.04672812128635888,77.7,3.945,4,304,18.4,396.42,6486841930355.046,16.2
0.31827,0.0,9.9,0,0.544,-0.17000976639712834,83.2,3.9986,4,304,18.4,390.7,10140180545815.379,17.8
0.24522,0.0,9.9,0,0.544,0.006290478089214117,71.7,4.0317,4,304,18.4,396.9,8848094350729.7,19.8
0.40202,0.0,9.9,0,0.544,0.12011861663425938,67.2,3.5325,4,304,18.4,395.21,5628677461804.945,23.1
0.47547,0.0,9.9,0,0.544,0.291025126741933,58.8,4.0019,4,304,18.4,396.23,7101031473728.253,21.0
0.1676,0.0,7.38,0,0.493,0.04378407166262688,52.3,4.5404,5,287,19.6,396.9,3993400361715.88,23.8
0.18159,0.0,7.38,0,0.493,0.03372172467727678,54.3,4.5404,5,287,19.6,396.9,3758388376214.266,23.1
0.35114,0.0,7.38,0,0.493,-0.06392076686876141,49.9,4.7211,5,287,19.6,396.9,4341693055966.6123,20.4
0.28392,0.0,7.38,0,0.493,0.2658524098277913,74.3,4.7211,5,287,19.6,391.13,6467023443989.235,18.5
0.34109,0.0,7.38,0,0.493,0.08711170720459326,40.1,4.7211,5,287,19.6,396.9,3367505914339.85,25.0
0.19186,0.0,7.38,0,0.493,-0.018679500796909818,14.7,5.4159,5,287,19.6,393.68,2959959154518.107,24.6
0.30347,0.0,7.38,0,0.493,-0.11694565170466484,28.9,5.4159,5,287,19.6,396.9,3453176288053.216,23.0
0.24103,0.0,7.38,0,0.493,-0.06818309953731524,43.7,5.4159,5,287,19.6,396.9,7159061075714.953,22.2
0.06617,0.0,3.24,0,0.46,0.0435899315940997,25.8,5.2146,4,430,16.9,382.44,5677060866074.67,19.3
0.06724,0.0,3.24,0,0.46,-0.0371835513357341,17.2,5.2146,4,430,16.9,375.21,4031417504394.651,22.6
0.04544,0.0,3.24,0,0.46,0.1431327828211965,32.2,5.8736,4,430,16.9,368.57,5165461848103.469,19.8
0.05023,35.0,6.06,0,0.4379,-0.184678484705592,28.4,6.6407,1,304,16.9,394.02,6862520615207.455,17.1
0.03466,35.0,6.06,0,0.4379,-0.08136427088542258,23.3,6.6407,1,304,16.9,362.25,4308758913588.527,19.4
0.05083,0.0,5.19,0,0.515,0.019925052634151327,38.1,6.4584,5,224,20.2,389.71,3308382500937.8784,22.2
0.03738,0.0,5.19,0,0.515,-0.13627775659689872,38.5,6.4584,5,224,20.2,389.4,3687275720277.039,20.7
0.03961,0.0,5.19,0,0.515,0.24319645037425405,34.5,5.9853,5,224,20.2,396.9,4526508425855.95,21.1
0.03427,0.0,5.19,0,0.515,0.10065234750539172,46.3,5.2311,5,224,20.2,396.9,5450879789759.875,19.5
0.03041,0.0,5.19,0,0.515,0.013064325151179449,59.6,5.615,5,224,20.2,394.81,5712789527238.871,18.5
0.03306,0.0,5.19,0,0.515,0.32024680928215427,37.3,4.8122,5,224,20.2,396.14,4732011947004.897,20.6
0.05497,0.0,5.19,0,0.515,-0.05277882817126418,45.4,4.8122,5,224,20.2,396.9,5425587119702.686,19.0
0.06151,0.0,5.19,0,0.515,-0.0993112759187234,58.5,4.8122,5,224,20.2,396.9,5067148570667.778,18.7
0.01301,35.0,1.52,0,0.442,-0.19707031609197317,49.3,7.0379,1,284,15.5,394.74,3176079475175.529,32.7
0.02498,0.0,1.89,0,0.518,0.009951751105668108,59.7,6.2669,1,422,15.9,389.96,4640369586413.921,16.5
0.02543,55.0,3.78,0,0.484,0.012742651701072624,56.4,5.7321,5,370,17.6,396.9,4014358409091.5674,23.9
0.03049,55.0,3.78,0,0.484,-0.0031198644220417557,28.1,6.4654,5,370,17.6,387.97,2661148757630.4756,31.2
0.03113,0.0,4.39,0,0.442,0.15633615020844555,48.5,8.0136,3,352,18.8,385.64,5841301753748.885,17.5
0.06162,0.0,4.39,0,0.442,-0.11507117570317509,52.3,8.0136,3,352,18.8,364.61,7015722749223.384,17.2
0.0187,85.0,4.15,0,0.429,0.021267591998908014,27.7,8.5353,4,351,17.9,392.43,3456504914259.21,23.1
0.01501,80.0,2.01,0,0.435,-0.09109627378991478,29.7,8.344,4,280,17.0,390.94,3330665957698.1343,24.5
0.02899,40.0,1.25,0,0.429,-0.2530271068662553,34.5,8.7921,1,335,19.7,389.85,3426317169204.573,26.6
0.06211,40.0,1.25,0,0.429,0.2462857381498203,44.4,8.7921,1,335,19.7,396.9,3150178412824.9663,22.9
0.0795,60.0,1.69,0,0.411,0.12757670392719092,35.9,10.7103,4,411,18.3,370.78,3048716131716.5435,24.1
0.07244,60.0,1.69,0,0.411,0.13097492472305458,18.5,10.7103,4,411,18.3,392.33,4310829140991.2905,18.6
0.01709,90.0,2.02,0,0.41,0.13850135057804439,36.1,12.1265,5,187,17.0,384.46,2548625578188.953,30.1
0.04301,80.0,1.91,0,0.413,7.6751050733119e-05,21.9,10.5857,4,334,22.0,382.8,4476106827741.187,18.2
0.10659,80.0,1.91,0,0.413,-0.07668502777247233,19.5,10.5857,4,334,22.0,376.04,3011595772129.84,20.6
8.98296,0.0,18.1,1,0.77,-0.08567692557655916,97.4,2.1222,24,666,20.2,377.73,9848652522056.219,17.8
3.8497,0.0,18.1,1,0.77,0.16975153562482453,91.0,2.5052,24,666,20.2,391.34,7545225797165.916,21.7
5.20177,0.0,18.1,1,0.77,-0.0930136713413257,83.4,2.7227,24,666,20.2,395.43,6328440841514.074,22.7
4.26131,0.0,18.1,0,0.77,-0.028003376812490988,81.3,2.5091,24,666,20.2,390.74,7044005177578.794,22.6
4.54192,0.0,18.1,0,0.77,-0.23042901021255158,88.0,2.5182,24,666,20.2,374.56,4176636678025.6606,25.0
3.83684,0.0,18.1,0,0.77,0.24418908324786104,91.1,2.2955,24,666,20.2,350.65,7935601841016.629,19.9
3.67822,0.0,18.1,0,0.77,-0.15937992826837216,96.2,2.1036,24,666,20.2,380.79,5661717378186.982,20.8
4.22239,0.0,18.1,1,0.77,0.09828337556886692,89.0,1.9047,24,666,20.2,353.04,8001278232743.902,16.8
3.47428,0.0,18.1,1,0.718,0.03782690772353638,82.9,1.9047,24,666,20.2,354.55,2965675007683.763,21.9
4.55587,0.0,18.1,0,0.718,0.1883951936897415,87.9,1.6132,24,666,20.2,354.7,3895874351755.9487,27.5
3.69695,0.0,18.1,0,0.718,0.045816303840248825,91.4,1.7523,24,666,20.2,316.03,7856152754587.301,21.9
13.5222,0.0,18.1,0,0.631,-0.10561514864528368,100.0,1.5106,24,666,20.2,131.42,7495654478883.862,23.1
4.89822,0.0,18.1,0,0.631,0.2086347396859885,100.0,1.3325,24,666,20.2,375.52,1763270099458.7312,50.0
5.66998,0.0,18.1,1,0.631,-0.018568356327717087,96.8,1.3567,24,666,20.2,375.33,2085649708971.7646,50.0
6.53876,0.0,18.1,1,0.631,-0.07212303100390478,97.5,1.2024,24,666,20.2,392.05,1675770825914.0596,50.0
9.2323,0.0,18.1,0,0.631,-0.26685328795479807,100.0,1.1691,24,666,20.2,366.15,5098020841009.563,50.0
8.26725,0.0,18.1,1,0.668,0.17356662873301923,89.6,1.1296,24,666,20.2,347.88,4909709241265.437,50.0
11.1081,0.0,18.1,0,0.668,0.13855629212118709,100.0,1.1742,24,666,20.2,396.9,19351526232077.26,13.8
18.4982,0.0,18.1,0,0.668,-0.044828502116087715,100.0,1.137,24,666,20.2,396.9,21177113992250.77,13.8
19.6091,0.0,18.1,0,0.671,0.09184134432849592,97.9,1.3163,24,666,20.2,396.9,7409074198182.994,15.0
15.288,0.0,18.1,0,0.671,0.03643012114471807,93.3,1.3449,24,666,20.2,363.02,12788162007572.633,13.9
9.82349,0.0,18.1,0,0.671,0.07892867517103087,98.8,1.358,24,666,20.2,396.9,11648865764963.855,13.3
23.6482,0.0,18.1,0,0.671,0.1012361149187695,96.2,1.3861,24,666,20.2,396.9,13138692384995.928,13.1
17.8667,0.0,18.1,0,0.671,0.03333597436489051,100.0,1.3861,24,666,20.2,393.74,11927966769047.266,10.2
88.9762,0.0,18.1,0,0.671,-0.03238836664391062,91.9,1.4165,24,666,20.2,396.9,9613132635890.93,10.4
15.8744,0.0,18.1,0,0.671,-0.2855471651615329,99.1,1.5192,24,666,20.2,396.9,11729790431192.709,10.9
9.18702,0.0,18.1,0,0.7,-0.07361937412125552,100.0,1.5804,24,666,20.2,396.9,13254670126795.87,11.3
7.99248,0.0,18.1,0,0.7,0.02009563624586643,100.0,1.5331,24,666,20.2,396.9,13648852892769.78,12.3
20.0849,0.0,18.1,0,0.7,-0.11140433083528287,91.2,1.4395,24,666,20.2,285.83,16936556975482.676,8.8
16.8118,0.0,18.1,0,0.7,0.02374546526518119,98.1,1.4261,24,666,20.2,396.9,17121966850498.277,7.2
24.3938,0.0,18.1,0,0.7,-0.22945477275366005,100.0,1.4672,24,666,20.2,396.9,15642190172644.986,10.5
22.5971,0.0,18.1,0,0.7,0.18753867232757046,89.5,1.5184,24,666,20.2,396.9,17716414029692.043,7.4
14.3337,0.0,18.1,0,0.7,0.18011549706265662,100.0,1.5895,24,666,20.2,372.92,16941534766149.176,10.2
8.15174,0.0,18.1,0,0.7,0.05919467279747223,98.9,1.7281,24,666,20.2,396.9,11644248841479.822,11.5
6.96215,0.0,18.1,0,0.7,-0.16639621782588998,97.0,1.9265,24,666,20.2,394.43,9394098890615.928,15.1
5.29305,0.0,18.1,0,0.7,-0.04349989528753556,82.5,2.1678,24,666,20.2,378.38,10496335340022.562,23.2
11.5779,0.0,18.1,0,0.7,-0.20083752574553745,97.0,1.77,24,666,20.2,396.9,14232224368684.123,9.7
8.64476,0.0,18.1,0,0.693,-0.0135224896568324,92.6,1.7912,24,666,20.2,396.9,8385617181292.066,13.8
13.3598,0.0,18.1,0,0.693,0.313835268559982,94.7,1.7821,24,666,20.2,396.9,9124468278553.463,12.7
8.71675,0.0,18.1,0,0.693,-0.04508392766150861,98.8,1.7257,24,666,20.2,391.98,9473007740376.318,13.1
5.87205,0.0,18.1,0,0.693,0.14431475420692322,96.0,1.6768,24,666,20.2,396.9,10709066513944.805,12.5
7.67202,0.0,18.1,0,0.693,-0.1399163761649021,98.9,1.6334,24,666,20.2,393.1,11015589110695.02,8.5
38.3518,0.0,18.1,0,0.693,-0.012030521902087355,100.0,1.4896,24,666,20.2,396.9,16940617047966.174,5.0
9.91655,0.0,18.1,0,0.693,0.026732177058071196,77.8,1.5004,24,666,20.2,338.16,16668955123768.219,6.3
25.0461,0.0,18.1,0,0.693,0.021578397330762167,100.0,1.5888,24,666,20.2,396.9,14870847853891.375,5.6
14.2362,0.0,18.1,0,0.693,0.059122582551202535,100.0,1.5741,24,666,20.2,396.9,11357068534617.398,7.2
9.59571,0.0,18.1,0,0.693,0.06049553937295127,100.0,1.639,24,666,20.2,376.11,11305319544629.238,12.1
24.8017,0.0,18.1,0,0.693,0.10065806053387427,96.0,1.7028,24,666,20.2,396.9,10935219044623.992,8.3
41.5292,0.0,18.1,0,0.693,0.1324780295352749,85.4,1.6074,24,666,20.2,329.46,15231622734220.79,8.5
67.9208,0.0,18.1,0,0.693,0.25818088503330844,100.0,1.4254,24,666,20.2,384.97,12736887591329.371,5.0
20.7162,0.0,18.1,0,0.659,-0.15205309161732575,100.0,1.1781,24,666,20.2,370.22,13109396335050.93,11.9
11.9511,0.0,18.1,0,0.659,0.13905512827081054,100.0,1.2852,24,666,20.2,332.09,6726062938404.471,27.9
7.40389,0.0,18.1,0,0.597,-0.16212347357387738,97.9,1.4547,24,666,20.2,314.64,14662042438550.26,17.2
14.4383,0.0,18.1,0,0.597,0.10472390000984186,100.0,1.4655,24,666,20.2,179.36,11074260016734.648,27.5
51.1358,0.0,18.1,0,0.597,-0.09719640933946885,100.0,1.413,24,666,20.2,2.6,5609295928508.0,15.0
14.0507,0.0,18.1,0,0.597,-0.1219173758914244,100.0,1.5275,24,666,20.2,35.05,11764474450169.623,17.2
18.811,0.0,18.1,0,0.597,-0.0666150383345592,100.0,1.5539,24,666,20.2,28.79,19069333689762.73,17.9
28.6558,0.0,18.1,0,0.597,-0.2217772004288579,100.0,1.5894,24,666,20.2,210.97,11169005009258.988,16.3
45.7461,0.0,18.1,0,0.693,0.09576597052386814,100.0,1.6582,24,666,20.2,88.27,20598147938093.98,7.0
18.0846,0.0,18.1,0,0.679,-0.21286532722140777,100.0,1.8347,24,666,20.2,27.25,16196110151687.062,7.2
10.8342,0.0,18.1,0,0.679,-0.008061774012818771,90.8,1.8195,24,666,20.2,21.57,14320879125744.875,7.5
25.9406,0.0,18.1,0,0.679,0.07551333457374332,89.1,1.6475,24,666,20.2,127.36,14795974100529.111,10.4
73.5341,0.0,18.1,0,0.679,0.04008273416615645,100.0,1.8026,24,666,20.2,16.45,11365150218207.473,8.8
11.8123,0.0,18.1,0,0.718,0.17608850681922567,76.5,1.794,24,666,20.2,48.45,12613988290720.564,8.4
11.0874,0.0,18.1,0,0.718,0.003789891921622393,100.0,1.8589,24,666,20.2,318.75,8342992835654.214,16.7
7.02259,0.0,18.1,0,0.718,0.227476590268135,95.3,1.8746,24,666,20.2,319.98,8766064356297.201,14.2
12.0482,0.0,18.1,0,0.614,0.11089632945079246,87.6,1.9512,24,666,20.2,291.55,7882496305568.916,20.8
7.05042,0.0,18.1,0,0.614,0.06560045433421205,85.1,2.0218,24,666,20.2,2.52,12927848138391.834,13.4
8.79212,0.0,18.1,0,0.584,0.019561779575522898,70.6,2.0635,24,666,20.2,3.65,9665778626919.34,11.7
15.8603,0.0,18.1,0,0.679,0.10276199496195738,95.4,1.9096,24,666,20.2,7.68,13610172476213.27,8.3
12.2472,0.0,18.1,0,0.584,0.03815732209489739,59.7,1.9976,24,666,20.2,24.65,8654935093643.989,10.2
37.6619,0.0,18.1,0,0.679,-0.1656160218833426,78.7,1.8629,24,666,20.2,18.82,7979962170211.369,10.9
7.36711,0.0,18.1,0,0.679,0.08064834450901916,78.1,1.9356,24,666,20.2,96.73,11865521853167.467,11.0
9.33889,0.0,18.1,0,0.679,0.033533928948943345,95.6,1.9682,24,666,20.2,60.72,13338482117288.219,9.5
8.49213,0.0,18.1,0,0.584,-0.059077720768828675,86.1,2.0527,24,666,20.2,83.45,9855825877482.195,14.5
10.0623,0.0,18.1,0,0.584,-0.07659787961870163,94.3,2.0882,24,666,20.2,81.33,10890102285822.146,14.1
6.44405,0.0,18.1,0,0.584,-0.03399762077321032,74.8,2.2004,24,666,20.2,97.95,6704266931350.007,16.1
5.58107,0.0,18.1,0,0.713,0.27302450773002845,87.9,2.3158,24,666,20.2,100.19,8834464178705.123,14.3
13.9134,0.0,18.1,0,0.713,0.18052897953703378,95.0,2.2222,24,666,20.2,100.63,8332579107800.452,11.7
11.1604,0.0,18.1,0,0.74,-0.11728578651924007,94.6,2.1247,24,666,20.2,109.85,12968568034299.861,13.4
14.4208,0.0,18.1,0,0.74,0.15614979139775337,93.3,2.0026,24,666,20.2,27.49,10109306045163.67,9.6
15.1772,0.0,18.1,0,0.74,0.082443466802873,100.0,1.9142,24,666,20.2,9.32,14612526935190.91,8.7
13.6781,0.0,18.1,0,0.74,0.04460598571921051,87.9,1.8206,24,666,20.2,68.95,18866352950627.25,8.4
9.39063,0.0,18.1,0,0.74,0.02192131093075876,93.9,1.8172,24,666,20.2,396.9,12651251103248.977,12.8
22.0511,0.0,18.1,0,0.74,-0.06901131710000175,92.4,1.8662,24,666,20.2,391.45,12150990556983.316,10.5
9.72418,0.0,18.1,0,0.74,0.07253606930908633,97.2,2.0651,24,666,20.2,385.96,10855651563018.633,17.1
5.66637,0.0,18.1,0,0.74,-0.0036820471591869977,100.0,2.0048,24,666,20.2,395.69,9174117117333.17,18.4
9.96654,0.0,18.1,0,0.74,0.08076238756303569,100.0,1.9784,24,666,20.2,386.73,10585000043804.621,15.4
12.8023,0.0,18.1,0,0.74,0.030592595492918984,96.6,1.8956,24,666,20.2,240.52,13205267981888.674,10.8
10.6718,0.0,18.1,0,0.74,0.29132295739474656,94.8,1.9879,24,666,20.2,43.06,13318267319780.469,11.8
6.28807,0.0,18.1,0,0.74,0.11882669400283671,96.4,2.072,24,666,20.2,318.01,9776735138449.053,14.9
9.92485,0.0,18.1,0,0.74,-0.05128438548969861,96.6,2.198,24,666,20.2,388.52,9226608350033.809,12.6
9.32909,0.0,18.1,0,0.713,-0.04138500231630256,98.7,2.2616,24,666,20.2,396.9,10033699503979.617,14.1
7.52601,0.0,18.1,0,0.713,0.05667356551680688,98.3,2.185,24,666,20.2,304.21,10883809710509.41,13.0
6.71772,0.0,18.1,0,0.713,0.0015205182936778618,92.6,2.3236,24,666,20.2,0.32,9644633412964.508,13.4
5.44114,0.0,18.1,0,0.713,0.09217069959449115,98.2,2.3552,24,666,20.2,355.29,9881821820750.898,15.2
5.09017,0.0,18.1,0,0.713,0.19268422710300653,91.8,2.3682,24,666,20.2,385.09,9651299426153.533,16.1
8.24809,0.0,18.1,0,0.713,-0.02344652389038778,99.3,2.4527,24,666,20.2,375.87,9176825682617.945,17.8
9.51363,0.0,18.1,0,0.713,0.37155381958984557,94.1,2.4961,24,666,20.2,6.68,10359300479472.234,14.9
4.75237,0.0,18.1,0,0.713,0.1253828125407905,86.5,2.4358,24,666,20.2,50.92,9987849583301.797,14.1
4.66883,0.0,18.1,0,0.713,0.0721838286506683,87.9,2.5806,24,666,20.2,10.48,10550614231497.0,12.7
8.20058,0.0,18.1,0,0.713,-0.20654789817752803,80.3,2.7792,24,666,20.2,3.5,9211888879490.93,13.5
7.75223,0.0,18.1,0,0.713,0.0969636671979886,83.7,2.7831,24,666,20.2,272.21,8938801210499.527,14.9
6.80117,0.0,18.1,0,0.713,0.02316957554781745,84.4,2.7175,24,666,20.2,396.9,8131197506366.783,20.0
4.81213,0.0,18.1,0,0.713,-0.13016371262690818,90.0,2.5975,24,666,20.2,255.23,9077539000496.387,16.4
3.69311,0.0,18.1,0,0.713,0.15449777541994936,88.4,2.5671,24,666,20.2,391.43,8160583154853.332,17.7
6.65492,0.0,18.1,0,0.713,0.10463449375388673,83.0,2.7344,24,666,20.2,396.9,7685688182460.267,19.5
5.82115,0.0,18.1,0,0.713,0.06790707347627273,89.9,2.8016,24,666,20.2,393.82,5699222113551.55,20.2
7.83932,0.0,18.1,0,0.655,0.08981051676873049,65.4,2.9634,24,666,20.2,396.9,7266377553148.146,21.4
3.1636,0.0,18.1,0,0.655,-0.02626473306028787,48.2,3.0665,24,666,20.2,334.4,7901085113630.455,19.9
3.77498,0.0,18.1,0,0.655,0.16846274818595544,84.7,2.8715,24,666,20.2,22.01,9548735567200.58,19.0
4.42228,0.0,18.1,0,0.584,0.10101011561088523,94.5,2.5403,24,666,20.2,331.29,11969153051771.248,19.1
15.5757,0.0,18.1,0,0.58,-0.0508677020829974,71.0,2.9084,24,666,20.2,368.74,10024580357580.572,19.1
13.0751,0.0,18.1,0,0.58,0.11804128183728897,56.7,2.8237,24,666,20.2,396.9,8138674704822.943,20.1
4.34879,0.0,18.1,0,0.58,-0.10765789702378081,84.0,3.0334,24,666,20.2,396.9,9047507490252.234,19.9
4.03841,0.0,18.1,0,0.532,-0.1942464321078961,90.7,3.0993,24,666,20.2,395.33,7196217779189.243,19.6
3.56868,0.0,18.1,0,0.58,-0.05092492429395027,75.0,2.8965,24,666,20.2,393.37,7976843256716.338,23.2
4.64689,0.0,18.1,0,0.614,0.08135038737546683,67.6,2.5329,24,666,20.2,374.68,6510176525163.567,29.8
8.05579,0.0,18.1,0,0.584,-0.11585096239026105,95.4,2.4298,24,666,20.2,352.58,10001778755720.408,13.8
6.39312,0.0,18.1,0,0.584,-0.03657748900915059,97.4,2.206,24,666,20.2,302.76,13375736070308.371,13.3
4.87141,0.0,18.1,0,0.614,-0.01986552707717478,93.6,2.3053,24,666,20.2,396.21,10374049518588.604,16.7
15.0234,0.0,18.1,0,0.614,0.14842052097021816,97.3,2.1007,24,666,20.2,349.48,13880885239473.746,12.0
10.233,0.0,18.1,0,0.614,-0.25809740965383504,96.7,2.1705,24,666,20.2,379.7,9744974148563.527,14.6
14.3337,0.0,18.1,0,0.614,-0.008768595433604698,88.0,1.9512,24,666,20.2,383.32,7312519796510.547,21.4
5.82401,0.0,18.1,0,0.532,-0.060381583844697266,64.7,3.4242,24,666,20.2,396.9,5976141637574.412,23.0
5.70818,0.0,18.1,0,0.532,0.10866090860757983,74.9,3.3317,24,666,20.2,393.07,4216669856714.1606,23.7
5.73116,0.0,18.1,0,0.532,-0.28854030450524326,77.0,3.4106,24,666,20.2,395.28,3755794693316.517,25.0
2.81838,0.0,18.1,0,0.532,0.042775248326532754,40.3,4.0983,24,666,20.2,392.92,5766106192302.07,21.8
2.37857,0.0,18.1,0,0.583,0.3810426423922316,41.9,3.724,24,666,20.2,370.73,7389036980357.366,20.6
3.67367,0.0,18.1,0,0.583,0.28035712022798176,51.9,3.9917,24,666,20.2,388.62,5779342946286.024,21.2
5.69175,0.0,18.1,0,0.583,0.2361099075418436,79.8,3.5459,24,666,20.2,392.68,8202026600248.998,19.1
4.83567,0.0,18.1,0,0.583,-0.06262710203742426,53.2,3.1523,24,666,20.2,388.22,6391082836668.783,20.6
0.15086,0.0,27.74,0,0.609,-0.0246438659363592,92.7,1.8209,4,711,20.1,395.09,10068897199894.441,15.2
0.18337,0.0,27.74,0,0.609,0.01950577710304173,98.3,1.7554,4,711,20.1,344.05,13223983310946.611,7.0
0.20746,0.0,27.74,0,0.609,0.047877505669480735,98.0,1.8226,4,711,20.1,318.43,16513877103998.229,8.1
0.10574,0.0,27.74,0,0.609,-0.11826059311054145,98.8,1.8681,4,711,20.1,390.11,10006949111581.404,13.6
0.11132,0.0,27.74,0,0.609,-0.01151475629370105,83.5,2.1099,4,711,20.1,396.9,7369286278495.123,20.1
0.17331,0.0,9.69,0,0.585,-0.09998609776776503,54.0,2.3817,6,391,19.2,396.9,6598069421677.005,21.8
0.27957,0.0,9.69,0,0.585,0.2023653982401455,42.6,2.3817,6,391,19.2,396.9,7379652113504.074,24.5
0.17899,0.0,9.69,0,0.585,-0.2575327749832579,28.8,2.7986,6,391,19.2,393.29,9715528887597.773,23.1
0.2896,0.0,9.69,0,0.585,-0.07233513170806256,72.9,2.7986,6,391,19.2,396.9,11659050752776.627,19.7
0.26838,0.0,9.69,0,0.585,-0.08570473389272854,70.6,2.8927,6,391,19.2,396.9,7825005103634.924,18.3
0.23912,0.0,9.69,0,0.585,0.1326475980141645,65.3,2.4091,6,391,19.2,396.9,7093507165201.915,21.2
0.17783,0.0,9.69,0,0.585,0.0821320921244331,73.5,2.3999,6,391,19.2,395.77,8203015540568.959,17.5
0.22438,0.0,9.69,0,0.585,-0.2902012410961188,79.7,2.4982,6,391,19.2,396.9,7895143094742.778,16.8
0.06263,0.0,11.93,0,0.573,0.008150010444589594,69.1,2.4786,1,273,21.0,391.99,5338033664457.031,22.4
0.04527,0.0,11.93,0,0.573,0.27962540597485797,76.7,2.2875,1,273,21.0,396.9,4907176962678.125,20.6
0.06076,0.0,11.93,0,0.573,-0.2449696418646245,91.0,2.1675,1,273,21.0,396.9,3076250731474.094,23.9
0.10959,0.0,11.93,0,0.573,-0.10560672122547987,89.3,2.3889,1,273,21.0,393.45,3542903329032.3237,22.0
0.04741,0.0,11.93,0,0.573,-0.023233297463805355,80.8,2.505,1,273,21.0,396.9,4403500720510.276,11.9
