CRIM,ZN,INDUS,CHAS,NOX,RM,AGE,DIS,RAD,TAX,PTRATIO,B,LSTAT,MEDV
0.00632,18.0,2.31,0,0.538,0.11801380011415649,65.2,4.09,1,296,15.3,396.9,11651991760.559647,24.0
0.02731,0.0,7.07,0,0.469,0.12932075430579995,78.9,4.9671,2,242,17.8,396.9,20575078083.79546,21.6
0.02729,0.0,7.07,0,0.469,0.04433271456834186,61.1,4.9671,2,242,17.8,392.83,9193262765.596102,34.7
0.03237,0.0,2.18,0,0.458,-0.012750910987063784,45.8,6.0622,3,222,18.7,394.63,6408358724.051889,33.4
0.06905,0.0,2.18,0,0.458,-0.07112256359288109,54.2,6.0622,3,222,18.7,396.9,12387198197.178427,36.2
0.02985,0.0,2.18,0,0.458,-0.049999669299673935,58.7,6.0622,3,222,18.7,394.12,12135537837.553743,28.7
0.08829,12.5,7.87,0,0.524,0.019795864839856576,66.6,5.5605,5,311,15.2,395.6,27795488458.936996,22.9
0.14455,12.5,7.87,0,0.524,-0.03744890327399604,96.1,5.9505,5,311,15.2,396.9,43752915525.5916,27.1
0.21124,12.5,7.87,0,0.524,0.14877403804284475,100.0,6.0821,5,311,15.2,386.63,67971058864.06381,16.5
0.17004,12.5,7.87,0,0.524,0.03057964266962732,85.9,6.5921,5,311,15.2,386.71,39137185064.94428,18.9
0.22489,12.5,7.87,0,0.524,0.12249281841808818,94.3,6.3467,5,311,15.2,392.52,46579194794.47655,15.0
0.11747,12.5,7.87,0,0.524,-0.13924172486183403,82.9,6.2267,5,311,15.2,396.9,29963004294.558414,18.9
0.09378,12.5,7.87,0,0.524,-0.21098805446560887,39.0,5.4509,5,311,15.2,390.5,36021561888.493454,21.7
0.62976,0.0,8.14,0,0.538,0.05756032299669192,61.8,4.7075,4,307,21.0,396.9,18593163725.807903,20.4
0.63796,0.0,8.14,0,0.538,0.10097529973455172,84.5,4.4619,4,307,21.0,380.02,23707330608.70078,18.2
0.62739,0.0,8.14,0,0.538,-0.17675977340793264,56.5,4.4986,4,307,21.0,395.62,19282798388.05225,19.9
1.05393,0.0,8.14,0,0.538,0.20904508047237036,29.3,4.4986,4,307,21.0,386.85,14359003509.628532,23.1
0.7842,0.0,8.14,0,0.538,0.01566037611612481,81.7,4.2579,4,307,21.0,386.75,33351535403.64665,17.5
0.80271,0.0,8.14,0,0.538,0.01806260137910176,36.6,3.7965,4,307,21.0,288.99,26283004442.575798,20.2
0.7258,0.0,8.14,0,0.538,-0.026270606238317125,69.5,3.7965,4,307,21.0,390.95,25616854623.90765,18.2
1.25179,0.0,8.14,0,0.538,0.1933080698226929,98.1,3.7979,4,307,21.0,376.57,47696680810.459175,13.6
0.85204,0.0,8.14,0,0.538,-0.06338849668215919,89.2,4.0123,4,307,21.0,392.53,31093840953.370422,19.6
1.23247,0.0,8.14,0,0.538,-0.05581362289735817,91.7,3.9769,4,307,21.0,396.9,43196179462.84006,15.2
0.98843,0.0,8.14,0,0.538,-0.007188842597910947,100.0,4.0952,4,307,21.0,394.54,44652632159.80449,14.5
0.75026,0.0,8.14,0,0.538,-0.06212294125751095,94.1,4.3996,4,307,21.0,394.33,36785074699.615944,15.6
0.84054,0.0,8.14,0,0.538,-0.21022898687033628,85.7,4.4546,4,307,21.0,303.42,37763258615.067215,13.9
0.67191,0.0,8.14,0,0.538,0.2573885645998083,90.3,4.682,4,307,21.0,376.88,34163720125.192226,16.6
0.95577,0.0,8.14,0,0.538,0.12865547653328524,88.8,4.4534,4,307,21.0,306.38,39433997784.49076,14.8
0.77299,0.0,8.14,0,0.538,0.15967643354607847,94.4,4.4547,4,307,21.0,387.94,28900031797.660767,18.4
1.00245,0.0,8.14,0,0.538,0.08114353522449304,87.3,4.239,4,307,21.0,380.23,27298482699.28568,21.0
1.13081,0.0,8.14,0,0.538,0.22095010356486158,94.1,4.233,4,307,21.0,360.17,51349992329.09311,12.7
1.35472,0.0,8.14,0,0.538,0.14152763701321894,100.0,4.175,4,307,21.0,376.73,29810091711.927494,14.5
1.38799,0.0,8.14,0,0.538,0.031030142133584303,82.0,3.99,4,307,21.0,232.6,63175657470.197426,13.2
1.15172,0.0,8.14,0,0.538,0.02348541229574897,95.0,3.7872,4,307,21.0,358.77,42023590313.21542,13.1
1.61282,0.0,8.14,0,0.538,-0.13444629631088018,96.9,3.7598,4,307,21.0,248.31,46434463078.5922,13.5
0.06417,0.0,5.96,0,0.499,0.04411556687501938,68.2,3.3603,5,279,19.2,396.9,21836644506.62829,18.9
0.09744,0.0,5.96,0,0.499,0.044130354048087905,61.4,3.3779,5,279,19.2,377.56,25802592191.82103,20.0
0.08014,0.0,5.96,0,0.499,-0.14137741220861627,41.5,3.9342,5,279,19.2,396.9,20216246396.447235,21.0
0.17505,0.0,5.96,0,0.499,-0.10026255656554452,30.2,3.8473,5,279,19.2,393.43,22915473935.054382,24.7
0.02763,75.0,2.95,0,0.428,0.22139999433806562,21.8,5.4011,3,252,18.3,395.63,10036552532.097286,30.8
0.03359,75.0,2.95,0,0.428,-0.06046126198469805,15.8,5.4011,3,252,18.3,395.62,4088059437.4906673,34.9
0.12744,0.0,6.91,0,0.448,-0.09801650267080876,2.9,5.7209,3,233,17.9,385.41,11441317266.880919,26.6
0.1415,0.0,6.91,0,0.448,-0.04684396829779797,6.6,5.7209,3,233,17.9,383.37,13309888223.273743,25.3
0.15936,0.0,6.91,0,0.448,0.17608189260397175,6.5,5.7209,3,233,17.9,394.46,16965945646.243021,24.7
0.12269,0.0,6.91,0,0.448,0.13000308620875714,40.0,5.7209,3,233,17.9,389.39,21778784797.3922,21.2
0.17142,0.0,6.91,0,0.448,0.07545608509366544,33.8,5.1004,3,233,17.9,396.9,23156157818.04971,19.3
0.18836,0.0,6.91,0,0.448,-0.12353527036579597,33.3,5.1004,3,233,17.9,396.9,31639799335.018234,20.0
0.22927,0.0,6.91,0,0.448,0.060798835851600064,85.5,5.6894,3,233,17.9,392.74,43405833031.58347,16.6
0.25387,0.0,6.91,0,0.448,-0.0546347431732131,95.3,5.87,3,233,17.9,396.9,70435507369.14473,14.4
0.21977,0.0,6.91,0,0.448,-0.06057717212227888,62.0,6.0877,3,233,17.9,396.9,37102426875.63785,19.4
0.08873,21.0,5.64,0,0.439,-0.36340016728625824,45.7,6.8147,4,243,16.8,395.56,30546038724.670715,19.7
0.04337,21.0,5.64,0,0.439,-0.05298943006821822,63.0,6.8147,4,243,16.8,393.97,21180896977.26027,20.5
0.0536,21.0,5.64,0,0.439,-0.05118000473372336,21.1,6.8147,4,243,16.8,396.9,12311474602.911276,25.0
0.04981,21.0,5.64,0,0.439,-0.06012952220753029,21.4,6.8147,4,243,16.8,396.9,19485502563.654114,23.4
0.0136,75.0,4.0,0,0.41,0.028892195605551042,47.6,7.3197,3,469,21.1,396.9,34017221153.813133,18.9
0.01311,90.0,1.22,0,0.403,-0.046899438588330816,21.9,8.6966,5,226,17.9,395.93,11104343689.382652,35.4
0.02055,85.0,0.74,0,0.41,0.20030550854207405,35.7,9.1876,2,313,17.3,396.9,13429951836.302235,24.7
0.01432,100.0,1.32,0,0.411,-0.23256106453790448,40.5,8.3248,5,256,15.1,392.9,8706540110.17783,31.6
0.15445,25.0,5.13,0,0.453,-0.030056452570241927,29.2,7.8148,8,284,19.7,390.68,15876262026.30697,23.3
0.10328,25.0,5.13,0,0.453,0.08778503902827742,47.2,6.932,8,284,19.7,396.9,20777781816.003727,19.6
0.14932,25.0,5.13,0,0.453,0.11256473981608336,66.2,7.2254,8,284,19.7,395.11,30095968040.52467,18.7
0.17171,25.0,5.13,0,0.453,0.03833055551945816,93.4,6.8185,8,284,19.7,378.08,32906300164.374603,16.0
0.11027,25.0,5.13,0,0.453,-0.11649919255091265,67.8,7.2255,8,284,19.7,396.9,15276826969.094948,22.2
0.1265,25.0,5.13,0,0.453,-0.061597433369684346,43.4,7.9809,8,284,19.7,395.58,22111088705.191193,25.0
0.01951,17.5,1.38,0,0.4161,0.09314033773372628,59.5,9.2229,3,216,18.6,393.24,18281159068.60863,33.0
0.03584,80.0,3.37,0,0.398,0.08477458751626132,17.8,6.6115,4,337,16.1,396.9,10287160865.578466,23.5
0.04379,80.0,3.37,0,0.398,0.15024824785191304,31.1,6.6115,4,337,16.1,396.9,23103513466.922764,19.4
0.05789,12.5,6.07,0,0.409,0.06877621745008432,21.4,6.498,4,345,18.9,396.21,18016877708.00162,22.0
0.13554,12.5,6.07,0,0.409,0.0339149694883335,36.8,6.498,4,345,18.9,396.9,29945661720.195976,17.4
0.12816,12.5,6.07,0,0.409,0.022461980672053544,33.0,6.498,4,345,18.9,396.9,19884696947.288258,20.9
0.08826,0.0,10.81,0,0.413,-0.02363011166259315,6.6,5.2873,4,305,19.2,383.73,15012725128.563175,24.2
0.15876,0.0,10.81,0,0.413,0.023000981664773663,17.5,5.2873,4,305,19.2,376.94,22772566513.796913,21.7
0.09164,0.0,10.81,0,0.413,-0.022096045256978218,7.8,5.2873,4,305,19.2,390.91,12915758887.283045,22.8
0.19539,0.0,10.81,0,0.413,-0.03273535764508881,6.2,5.2873,4,305,19.2,377.17,16899767178.769136,23.4
0.07896,0.0,12.83,0,0.437,-0.1117544430675663,6.0,4.2515,5,398,18.7,394.92,15517214279.120909,24.1
0.09512,0.0,12.83,0,0.437,0.02459154361333782,45.0,4.5026,5,398,18.7,383.23,20253027523.375336,21.4
0.10153,0.0,12.83,0,0.437,-0.15055010167212268,74.5,4.0522,5,398,18.7,373.66,27229477554.005024,20.0
0.08707,0.0,12.83,0,0.437,-0.099139761524152,45.8,4.0905,5,398,18.7,386.96,23413671939.958443,20.8
0.05646,0.0,12.83,0,0.437,-0.12737357915053182,53.7,5.0141,5,398,18.7,386.4,28744951314.247063,21.2
0.08387,0.0,12.83,0,0.437,0.047249992610857716,36.6,4.5026,5,398,18.7,396.06,20654079134.55295,20.3
0.04113,25.0,4.86,0,0.426,0.09492729592241969,33.5,5.4007,4,281,19.0,396.9,11917801903.730917,28.0
0.04462,25.0,4.86,0,0.426,-0.17255056309715433,70.4,5.4007,4,281,19.0,395.63,16727543030.724573,23.9
0.03659,25.0,4.86,0,0.426,0.07569173084675038,32.2,5.4007,4,281,19.0,396.9,15218018271.583244,24.8
0.03551,25.0,4.86,0,0.426,-0.0391419691009854,46.7,5.4007,4,281,19.0,390.64,17890031804.379612,22.9
0.05059,0.0,4.49,0,0.449,-0.0927917025175959,48.0,4.7794,3,247,18.5,396.9,21966984032.08017,23.9
0.05735,0.0,4.49,0,0.449,-0.14581760658506943,56.1,4.4377,3,247,18.5,392.3,14816761703.829245,26.6
0.05188,0.0,4.49,0,0.449,-0.029634429852440188,45.1,4.4272,3,247,18.5,395.99,28979693078.323135,22.5
0.07151,0.0,4.49,0,0.449,0.15316832212653275,56.8,3.7476,3,247,18.5,395.15,19160613350.489136,22.2
0.0566,0.0,3.41,0,0.489,0.222816508337215,86.3,3.4217,2,270,17.8,396.9,12750444469.702953,23.6
0.05302,0.0,3.41,0,0.489,0.014571544714375939,63.1,3.4145,2,270,17.8,396.06,12949412431.661732,28.7
0.04684,0.0,3.41,0,0.489,0.0073710921727552225,66.1,3.0923,2,270,17.8,392.18,19673692327.74209,22.6
0.03932,0.0,3.41,0,0.489,0.15517603215140177,73.9,3.0921,2,270,17.8,393.55,18158702025.1123,22.0
0.04203,28.0,15.04,0,0.464,-0.050745289419832106,53.6,3.6659,4,270,18.2,395.01,18789705332.212433,22.9
0.02875,28.0,15.04,0,0.464,0.003972618036378155,28.9,3.6659,4,270,18.2,396.33,13887435202.136753,25.0
0.04294,28.0,15.04,0,0.464,0.23638512648159957,77.3,3.615,4,270,18.2,396.9,24009569823.638054,20.6
0.12204,0.0,2.89,0,0.445,-0.1523241330861349,57.8,3.4952,2,276,18.0,357.98,15098565929.574175,28.4
0.11504,0.0,2.89,0,0.445,0.030490405294747308,69.6,3.4952,2,276,18.0,391.83,25306872382.7314,21.4
0.12083,0.0,2.89,0,0.445,0.325973364835162,76.0,3.4952,2,276,18.0,396.9,9744264108.780489,38.7
0.08187,0.0,2.89,0,0.445,-0.07593295108356937,36.9,3.4952,2,276,18.0,393.53,7571475257.920084,43.8
0.0686,0.0,2.89,0,0.445,-0.0038238928606779063,62.5,3.4952,2,276,18.0,396.9,14349053894.138456,33.2
0.14866,0.0,8.56,0,0.52,0.1550909962351089,79.9,2.7778,5,384,20.9,394.76,21034038595.330315,27.5
0.11432,0.0,8.56,0,0.52,0.04497378703551041,71.3,2.8561,5,384,20.9,395.58,17530822263.258656,26.5
0.22876,0.0,8.56,0,0.52,-0.09340294927946355,85.4,2.7147,5,384,20.9,70.8,24069440383.725777,18.6
0.21161,0.0,8.56,0,0.52,0.0905293732236205,87.4,2.7147,5,384,20.9,394.47,30183145175.409824,19.3
0.1396,0.0,8.56,0,0.52,0.016748455502918525,90.0,2.421,5,384,20.9,392.69,28067060174.8794,20.1
0.13262,0.0,8.56,0,0.52,-0.08869213086101063,96.7,2.1069,5,384,20.9,394.05,37606747299.21665,19.5
0.1712,0.0,8.56,0,0.52,0.013938746248756483,91.9,2.211,5,384,20.9,395.67,42545275752.47356,19.5
0.13117,0.0,8.56,0,0.52,0.11986735256931666,85.2,2.1224,5,384,20.9,387.69,31655027848.0063,20.4
0.12802,0.0,8.56,0,0.52,0.07351462650173887,97.1,2.4329,5,384,20.9,395.24,27486213614.6133,19.8
0.26363,0.0,8.56,0,0.52,-0.18679963804847524,91.2,2.5451,5,384,20.9,391.23,35199690400.370766,19.4
0.10793,0.0,8.56,0,0.52,0.09413454397450405,54.4,2.7778,5,384,20.9,393.49,30175281357.01206,21.7
0.10084,0.0,10.01,0,0.547,0.05198061757026501,81.6,2.6775,6,432,17.8,395.59,23446426056.483185,22.8
0.12329,0.0,10.01,0,0.547,-0.19544774911247437,92.9,2.3534,6,432,17.8,394.95,37026413938.974945,18.8
0.22212,0.0,10.01,0,0.547,0.023240456140543177,95.4,2.548,6,432,17.8,396.9,38691877752.92899,18.7
0.14231,0.0,10.01,0,0.547,-0.008327584400753103,84.2,2.2565,6,432,17.8,388.74,23563155184.13828,18.5
0.17134,0.0,10.01,0,0.547,0.14457591710965978,88.2,2.4631,6,432,17.8,344.91,35350691364.96939,18.3
0.13158,0.0,10.01,0,0.547,-0.19380845416187223,72.5,2.7301,6,432,17.8,393.3,27103815192.86238,21.2
0.15098,0.0,10.01,0,0.547,-0.09433621968379038,82.6,2.7474,6,432,17.8,394.51,23488713442.787598,19.2
0.13058,0.0,10.01,0,0.547,0.010294322491657227,73.1,2.4775,6,432,17.8,338.63,35327659259.954155,20.4
0.14476,0.0,10.01,0,0.547,-0.0649072487201796,65.2,2.7592,6,432,17.8,391.5,31241063230.576435,19.3
0.06899,0.0,25.65,0,0.581,0.17526740526058504,69.7,2.2577,2,188,19.1,389.15,32569071699.11304,22.0
0.07165,0.0,25.65,0,0.581,0.0540822615050231,84.1,2.1974,2,188,19.1,377.67,32448041209.14584,20.3
0.09299,0.0,25.65,0,0.581,-0.05786993058828265,92.9,2.0869,2,188,19.1,378.09,40458831472.44597,20.5
0.15038,0.0,25.65,0,0.581,-0.06917809091794425,97.0,1.9444,2,188,19.1,370.31,57830393057.28412,17.3
0.09849,0.0,25.65,0,0.581,-0.13035529379047514,95.8,2.0063,2,188,19.1,379.38,39759665035.25353,18.8
0.16902,0.0,25.65,0,0.581,-0.2809899612090357,88.4,1.9929,2,188,19.1,385.02,34035789145.435074,21.4
0.38735,0.0,25.65,0,0.581,-0.13183561178021885,95.6,1.7572,2,188,19.1,359.29,62606956820.32118,15.7
0.25915,0.0,21.89,0,0.624,0.007496175798841542,96.0,1.7883,4,437,21.2,392.11,39295605129.01951,16.2
0.32543,0.0,21.89,0,0.624,0.02000262265255192,98.8,1.8125,4,437,21.2,396.9,34863619231.04514,18.0
0.88125,0.0,21.89,0,0.624,0.32176167461615635,94.7,1.9799,4,437,21.2,396.9,41573772865.55113,14.3
0.34006,0.0,21.89,0,0.624,0.04955885080881499,98.9,2.1185,4,437,21.2,395.04,28339242847.254375,19.2
1.19294,0.0,21.89,0,0.624,0.2410938959466184,97.7,2.271,4,437,21.2,396.9,28234995794.074554,19.6
0.59005,0.0,21.89,0,0.624,0.1358989007571408,97.9,2.3274,4,437,21.2,385.76,25650968517.95795,23.0
0.32982,0.0,21.89,0,0.624,0.1334120982766713,95.4,2.4699,4,437,21.2,388.69,34343393304.172153,18.4
0.97617,0.0,21.89,0,0.624,0.1137119388535157,98.4,2.346,4,437,21.2,262.76,39270420005.439644,15.6
0.55778,0.0,21.89,0,0.624,0.15309191166686567,98.2,2.1107,4,437,21.2,394.67,39282696618.57812,18.1
0.32264,0.0,21.89,0,0.624,-0.13307770622823561,93.5,1.9669,4,437,21.2,378.25,38694380899.637115,17.4
0.35233,0.0,21.89,0,0.624,-0.22978972357475386,98.4,1.8498,4,437,21.2,394.08,33428072046.41627,17.1
0.2498,0.0,21.89,0,0.624,0.08939751550588802,98.2,1.6686,4,437,21.2,392.04,48927763490.117836,13.3
0.54452,0.0,21.89,0,0.624,0.11486491227877614,97.9,1.6687,4,437,21.2,396.9,41908446920.847176,17.8
0.2909,0.0,21.89,0,0.624,0.08380682607384365,93.6,1.6119,4,437,21.2,388.08,55243270324.733315,14.0
1.62864,0.0,21.89,0,0.624,-0.11617051672394743,100.0,1.4394,4,437,21.2,396.9,78348272523.77522,14.4
3.32105,0.0,19.58,1,0.871,-0.03441717332370697,100.0,1.3216,5,403,14.7,396.9,61032852035.81706,13.4
4.0974,0.0,19.58,0,0.871,-0.00630689428282899,100.0,1.4118,5,403,14.7,396.9,60257198286.02,15.6
2.77974,0.0,19.58,0,0.871,-0.01009795793279343,97.8,1.3459,5,403,14.7,396.9,65710301080.289665,11.8
2.37934,0.0,19.58,0,0.871,0.08298422751706325,100.0,1.4191,5,403,14.7,172.91,62902594802.20983,13.8
2.15505,0.0,19.58,0,0.871,0.0799873588859616,100.0,1.5166,5,403,14.7,169.27,37715448425.837814,15.6
2.36862,0.0,19.58,0,0.871,-0.22821370984861944,95.7,1.4608,5,403,14.7,391.71,66952216791.28946,14.6
2.33099,0.0,19.58,0,0.871,0.07446033374712588,93.8,1.5296,5,403,14.7,356.99,64513637415.283134,17.8
2.73397,0.0,19.58,0,0.871,0.23287869218453888,94.9,1.5257,5,403,14.7,351.85,48886436471.13762,15.4
1.6566,0.0,19.58,0,0.871,0.1343091221282562,97.3,1.618,5,403,14.7,372.8,32189311327.231316,21.5
1.49632,0.0,19.58,0,0.871,-0.1738453081725128,100.0,1.5916,5,403,14.7,341.6,30276936023.007717,19.6
1.12658,0.0,19.58,1,0.871,-0.09459391570156568,88.0,1.6102,5,403,14.7,343.28,28236286770.399925,15.3
2.14918,0.0,19.58,0,0.871,-0.2342600361831453,98.5,1.6232,5,403,14.7,261.95,36243844538.74806,19.4
1.41385,0.0,19.58,1,0.871,-0.15723585611649077,96.0,1.7494,5,403,14.7,321.02,34860327076.83488,17.0
3.53501,0.0,19.58,1,0.871,0.0574798450360898,82.6,1.7455,5,403,14.7,88.01,34143971413.429302,15.6
2.44668,0.0,19.58,0,0.871,-0.042885759637208073,94.0,1.7364,5,403,14.7,88.63,36950609646.23978,13.1
1.22358,0.0,19.58,0,0.605,-0.14820590437598155,97.4,1.8773,5,403,14.7,363.43,9648882091.953485,41.3
1.34284,0.0,19.58,0,0.605,0.2973371862185521,100.0,1.7573,5,403,14.7,353.89,14453743098.811207,24.3
1.42502,0.0,19.58,0,0.871,0.16992470330900022,100.0,1.7659,5,403,14.7,364.31,17320786457.613792,23.3
1.27346,0.0,19.58,1,0.605,0.35846996685567645,92.6,1.7984,5,403,14.7,338.92,12147201507.685831,27.0
1.46336,0.0,19.58,0,0.605,-0.27144369743187985,90.8,1.9709,5,403,14.7,374.43,4664015130.448175,50.0
1.83377,0.0,19.58,1,0.605,-0.2623219585609081,98.2,2.0407,5,403,14.7,389.61,4364848907.093951,50.0
1.51902,0.0,19.58,1,0.605,-0.08609937951021786,93.9,2.162,5,403,14.7,388.45,7369514486.274362,50.0
2.24236,0.0,19.58,0,0.605,-0.08906478613766747,91.8,2.422,5,403,14.7,395.11,25989205122.91125,22.7
2.924,0.0,19.58,0,0.605,-0.0817398105305747,93.0,2.2834,5,403,14.7,240.16,23187377807.07833,25.0
2.01019,0.0,19.58,0,0.605,0.20523446528640324,96.2,2.0459,5,403,14.7,369.3,8000523887.871718,50.0
1.80028,0.0,19.58,0,0.605,0.033718301305350626,79.2,2.4259,5,403,14.7,227.61,27306544808.83449,23.8
2.3004,0.0,19.58,0,0.605,-0.05454499993685877,96.1,2.1,5,403,14.7,297.09,24944052323.713802,23.8
2.44953,0.0,19.58,0,0.605,-0.2304034055150714,95.2,2.2625,5,403,14.7,330.04,26027445286.382935,22.3
1.20742,0.0,19.58,0,0.605,0.09892141400643284,94.6,2.4259,5,403,14.7,292.29,32909853682.415455,17.4
2.3139,0.0,19.58,0,0.605,0.15298464583349647,97.3,2.3887,5,403,14.7,348.13,27137721414.436077,19.1
0.13914,0.0,4.05,0,0.51,0.2213445492584881,88.5,2.5961,5,296,16.6,396.9,33429905927.902653,23.1
0.09178,0.0,4.05,0,0.51,-0.122059908518445,84.1,2.6463,5,296,16.6,395.5,20889581602.56653,23.6
0.08447,0.0,4.05,0,0.51,0.2603393614011682,68.7,2.7019,5,296,16.6,393.23,22006323447.197433,22.6
0.06664,0.0,4.05,0,0.51,0.020631125123878154,33.1,3.1323,5,296,16.6,390.96,12318199282.516602,29.4
0.07022,0.0,4.05,0,0.51,0.13576240533236955,47.2,3.5549,5,296,16.6,393.23,23082348055.33211,23.2
0.05425,0.0,4.05,0,0.51,0.10787254063720575,73.4,3.3175,5,296,16.6,395.6,14651539316.040178,24.6
0.06642,0.0,4.05,0,0.51,-0.07922137412742498,74.4,2.9153,5,296,16.6,391.27,16006467911.882416,29.9
0.0578,0.0,2.46,0,0.488,-0.16107291476970484,58.4,2.829,3,193,17.8,396.9,11743315841.93901,37.2
0.06588,0.0,2.46,0,0.488,0.023578297533909377,83.3,2.741,3,193,17.8,395.56,17295559810.168777,39.8
0.06888,0.0,2.46,0,0.488,0.16802931026274096,62.2,2.5979,3,193,17.8,396.9,21525951466.66711,36.2
0.09103,0.0,2.46,0,0.488,0.03681606414863506,92.2,2.7006,3,193,17.8,394.12,11349788295.765736,37.9
0.10008,0.0,2.46,0,0.488,-0.33638002233556374,95.6,2.847,3,193,17.8,396.9,12858530099.60351,32.5
0.08308,0.0,2.46,0,0.488,0.019513438993316423,89.8,2.9879,3,193,17.8,391.0,31439228694.832607,26.4
0.06047,0.0,2.46,0,0.488,0.06804486455291768,68.8,3.2797,3,193,17.8,387.11,30186051595.40945,29.6
0.05602,0.0,2.46,0,0.488,-0.08060911303806681,53.6,3.1992,3,193,17.8,392.63,10435950081.278025,50.0
0.07875,45.0,3.44,0,0.437,0.1436806800578497,41.1,3.7886,5,398,15.2,393.87,15706377956.285917,32.0
0.12579,45.0,3.44,0,0.437,0.04900125930425197,29.1,4.5667,5,398,15.2,382.84,10540902314.395658,29.8
0.0837,45.0,3.44,0,0.437,-0.2924478770653116,38.9,4.5667,5,398,15.2,396.9,11644666056.926144,34.9
0.09068,45.0,3.44,0,0.437,-0.0806098408240663,21.5,6.4798,5,398,15.2,377.68,11700772884.464506,37.0
0.06911,45.0,3.44,0,0.437,-0.08258201210710167,30.8,6.4798,5,398,15.2,389.71,10686650260.868593,30.5
0.08664,45.0,3.44,0,0.437,0.026975492836621345,26.3,6.4798,5,398,15.2,390.49,6692784376.552875,36.4
0.02187,60.0,2.93,0,0.401,0.1612488608693491,9.9,6.2196,1,265,15.6,393.37,11267145683.749111,31.1
0.01439,60.0,2.93,0,0.401,-0.11759498930724695,18.8,6.2196,1,265,15.6,376.7,9999885882.77901,29.1
0.01381,80.0,0.46,0,0.422,-0.03069693302629485,32.0,5.6484,4,255,14.4,394.23,6355755840.89396,50.0
0.04011,80.0,1.52,0,0.404,-0.27736771139043337,34.1,7.309,2,329,12.6,396.9,9463311844.412724,33.3
0.04666,80.0,1.52,0,0.404,-0.13890200451027698,36.6,7.309,2,329,12.6,354.31,19952612602.720158,30.3
0.03768,80.0,1.52,0,0.404,0.19796149274589436,38.3,7.309,2,329,12.6,392.2,14897440919.06016,34.6
0.0315,95.0,1.47,0,0.403,-0.09100613077047065,15.3,7.6534,3,402,17.0,396.9,10809229021.172205,34.9
0.01778,95.0,1.47,0,0.403,-0.19422856178279826,13.9,7.6534,3,402,17.0,384.3,10138481939.316874,32.9
0.03445,82.5,2.03,0,0.415,-0.06193732729778629,38.4,6.27,2,348,14.7,393.77,16787428454.519747,24.1
0.02177,82.5,2.03,0,0.415,-0.211086605803054,15.7,6.27,2,348,14.7,395.38,7067252420.682158,42.3
0.0351,95.0,2.68,0,0.4161,0.03441094535762555,33.2,5.118,4,224,14.7,392.78,8352797532.827886,48.5
0.02009,95.0,2.68,0,0.4161,-0.08007647855645908,31.9,5.118,4,224,14.7,390.55,6715621344.661654,50.0
0.13642,0.0,10.59,0,0.489,-0.11926338104685656,22.3,3.9454,4,277,18.6,396.9,24662716766.243935,22.6
0.22969,0.0,10.59,0,0.489,0.02283835568275802,52.5,4.3549,4,277,18.6,394.87,24917061818.755184,24.4
0.25199,0.0,10.59,0,0.489,0.22543894175874313,72.7,4.3549,4,277,18.6,389.43,41369839980.83306,22.5
0.13587,0.0,10.59,1,0.489,0.12425034568416347,59.1,4.2392,4,277,18.6,381.32,33068688217.753635,24.4
0.43571,0.0,10.59,1,0.489,0.2889463323242749,100.0,3.875,4,277,18.6,396.9,52706721632.24992,20.0
0.17446,0.0,10.59,1,0.489,-0.0508378061591042,92.1,3.8771,4,277,18.6,393.25,39216486988.639824,21.7
0.37578,0.0,10.59,1,0.489,-0.01836643000902906,88.6,3.665,4,277,18.6,395.24,54575943749.885155,19.3
0.21719,0.0,10.59,1,0.489,-0.15664517323276814,53.8,3.6526,4,277,18.6,390.94,36541924723.24733,22.4
0.14052,0.0,10.59,0,0.489,-0.18221594471116206,32.3,3.9454,4,277,18.6,385.81,21841468417.182217,28.1
0.28955,0.0,10.59,0,0.489,0.33073989021320505,9.8,3.5875,4,277,18.6,348.93,67077055300.38674,23.7
0.19802,0.0,10.59,0,0.489,-0.18284306728067143,42.4,3.9454,4,277,18.6,393.63,21056752872.77884,25.0
0.0456,0.0,13.89,1,0.55,-0.052908973605344564,56.0,3.1121,5,276,16.4,392.8,30528588638.172,23.3
0.07013,0.0,13.89,0,0.55,0.00726496050005887,85.1,3.4211,5,276,16.4,392.78,21592216133.10258,28.7
0.11069,0.0,13.89,1,0.55,-0.16484749355174524,93.8,2.8893,5,276,16.4,396.9,40936839093.25255,21.5
0.11425,0.0,13.89,1,0.55,-0.019004574797583666,92.4,3.3633,5,276,16.4,393.74,23265776236.75218,23.0
0.35809,0.0,6.2,1,0.507,0.1067373942569169,88.5,2.8617,8,307,17.4,391.7,21665483364.147472,26.7
0.40771,0.0,6.2,1,0.507,-0.19198831521779366,91.3,3.048,8,307,17.4,395.24,48920793381.0773,21.7
0.62356,0.0,6.2,1,0.507,0.05947035324745334,77.7,3.2721,8,307,17.4,390.39,23221657910.034252,27.5
0.6147,0.0,6.2,0,0.507,0.06359241743847198,80.8,3.2721,8,307,17.4,396.9,17140454987.483072,30.1
0.31533,0.0,6.2,0,0.504,-0.05402603522022828,78.3,2.8944,8,307,17.4,385.05,9146469830.723373,44.8
0.52693,0.0,6.2,0,0.504,-0.004985255574200952,83.0,2.8944,8,307,17.4,382.0,10219525262.866667,50.0
0.38214,0.0,6.2,0,0.504,0.03595512278805415,86.5,3.2157,8,307,17.4,387.38,7674078387.207629,37.6
0.41238,0.0,6.2,0,0.504,-0.11421095721457386,79.9,3.2157,8,307,17.4,372.08,13948180267.50021,31.6
0.29819,0.0,6.2,0,0.504,-0.17321435811312225,17.0,3.3751,8,307,17.4,377.51,9229193347.170984,46.7
0.44178,0.0,6.2,0,0.504,-0.01818103689040472,21.4,3.3751,8,307,17.4,380.34,8107990149.79198,31.5
0.537,0.0,6.2,0,0.504,-0.07705507376197866,68.1,3.6715,8,307,17.4,378.35,26678719709.110203,24.3
0.46296,0.0,6.2,0,0.504,0.00047547192178148956,76.9,3.6715,8,307,17.4,376.14,11781126894.64985,31.7
0.57529,0.0,6.2,0,0.507,-0.16705078621696973,73.3,3.8384,8,307,17.4,385.91,6038634160.116434,41.7
0.33147,0.0,6.2,0,0.507,-0.0929138169153502,70.4,3.6519,8,307,17.4,378.95,9039317235.08216,48.3
0.44791,0.0,6.2,1,0.507,-0.2944968798289652,66.5,3.6519,8,307,17.4,360.2,18666377455.928753,29.0
0.33045,0.0,6.2,0,0.507,-0.0004392403336854773,61.5,3.6519,8,307,17.4,376.75,24662579008.74348,24.0
0.52058,0.0,6.2,1,0.507,0.1591267889313302,76.5,4.148,8,307,17.4,388.45,21487874191.69711,25.1
0.51183,0.0,6.2,0,0.507,-0.07158405423922286,71.6,4.148,8,307,17.4,390.07,10949364096.801184,31.5
0.08244,30.0,4.93,0,0.428,0.18913541735147238,18.5,6.1899,6,300,16.6,379.41,14272037235.688133,23.7
0.09252,30.0,4.93,0,0.428,0.10048239484783093,42.2,6.1899,6,300,16.6,383.78,16643418372.757236,23.3
0.11329,30.0,4.93,0,0.428,-0.1997269096442971,54.3,6.3361,6,300,16.6,391.25,25965825633.69921,22.0
0.10612,30.0,4.93,0,0.428,0.22272989044416064,65.1,6.3361,6,300,16.6,394.62,27844186987.411892,20.1
0.1029,30.0,4.93,0,0.428,-0.02021027435814924,52.9,7.0355,6,300,16.6,372.75,25480392859.763123,22.2
0.12757,30.0,4.93,0,0.428,0.12093712247170958,7.8,7.0355,6,300,16.6,374.71,12192484166.741207,23.7
0.20608,22.0,5.86,0,0.431,0.040941934243523784,76.5,7.9549,7,330,19.1,372.49,27852700272.232235,17.6
0.19133,22.0,5.86,0,0.431,0.10594686665295819,70.2,7.9549,7,330,19.1,389.13,41997510953.422676,18.5
0.33983,22.0,5.86,0,0.431,-0.03127893113839407,34.9,8.0555,7,330,19.1,390.18,20233917967.626053,24.3
0.19657,22.0,5.86,0,0.431,0.03080556431881301,79.2,8.0555,7,330,19.1,376.14,23012143965.24741,20.5
0.16439,22.0,5.86,0,0.431,0.4055686350096489,49.1,7.8265,7,330,19.1,374.71,21273528013.73513,24.5
0.19073,22.0,5.86,0,0.431,-0.3681235083217692,17.5,7.8265,7,330,19.1,393.74,15248251811.293694,26.2
0.1403,22.0,5.86,0,0.431,-0.039959675013669,13.0,7.3967,7,330,19.1,396.28,13638673193.95768,24.4
0.21409,22.0,5.86,0,0.431,0.02252707271564261,8.9,7.3967,7,330,19.1,377.07,8481830627.018142,24.8
0.08221,22.0,5.86,0,0.431,0.031376127529369184,6.8,8.9067,7,330,19.1,386.09,7923319280.179107,29.6
0.36894,22.0,5.86,0,0.431,0.060267898704925285,8.4,8.9067,7,330,19.1,396.9,8218421053.834822,42.8
0.04819,80.0,3.64,0,0.392,0.04097056101601665,32.0,9.2203,1,315,16.4,392.89,14884448087.888012,21.9
0.03548,80.0,3.64,0,0.392,-0.11892503810966752,19.1,9.2203,1,315,16.4,395.18,20386522037.951782,20.9
0.01538,90.0,3.75,0,0.394,-0.04001296177386207,34.2,6.3361,3,244,15.9,386.34,6820870625.62142,44.0
0.61154,20.0,3.97,0,0.647,-0.03554013253410321,86.9,1.801,5,264,13.0,389.7,11459250827.871822,50.0
0.66351,20.0,3.97,0,0.647,-0.12490437396305497,100.0,1.8946,5,264,13.0,383.29,17564839738.14639,36.0
0.65665,20.0,3.97,0,0.647,-0.07098094365239371,100.0,2.0107,5,264,13.0,391.93,15588417658.567833,30.1
0.54011,20.0,3.97,0,0.647,-0.004482720230577785,81.8,2.1121,5,264,13.0,392.8,21779531165.456665,33.8
0.53412,20.0,3.97,0,0.647,0.19965907215389242,89.4,2.1398,5,264,13.0,388.37,16470632861.305912,43.1
0.52014,20.0,3.97,0,0.647,-0.13055959168600323,91.5,2.2885,5,264,13.0,386.86,13735326236.861372,48.8
0.82526,20.0,3.97,0,0.647,-0.15251625701207633,94.5,2.0788,5,264,13.0,393.42,25549182600.363045,31.0
0.55007,20.0,3.97,0,0.647,-0.004480232831088081,91.6,1.9301,5,264,13.0,387.89,18394009079.254955,36.5
0.76162,20.0,3.97,0,0.647,0.12889167978181437,62.8,1.9865,5,264,13.0,392.4,23597229571.02899,22.8
0.7857,20.0,3.97,0,0.647,-0.12773997859003824,84.6,2.1329,5,264,13.0,384.07,33421375491.42855,30.7
0.57834,20.0,3.97,0,0.575,0.2015456075299697,67.0,2.4216,5,264,13.0,384.54,17059381955.272163,50.0
0.5405,20.0,3.97,0,0.575,0.17926610542024313,52.6,2.872,5,264,13.0,390.3,7071924396.633002,43.5
0.09065,20.0,6.96,1,0.464,-0.11024518737550895,61.5,3.9175,3,223,18.6,391.34,30882296082.056946,20.7
0.29916,20.0,6.96,0,0.464,-0.053610748418177465,42.1,4.429,3,223,18.6,388.65,29179237577.674152,21.1
0.16211,20.0,6.96,0,0.464,0.12215923494567532,16.3,4.429,3,223,18.6,396.9,15277886193.140495,25.2
0.1146,20.0,6.96,0,0.464,-0.07250375767455315,58.7,3.9175,3,223,18.6,394.96,17780299858.171898,24.4
0.22188,20.0,6.96,1,0.464,0.11250309222827112,51.8,4.3665,3,223,18.6,390.77,14769880884.80531,35.2
0.05644,40.0,6.41,1,0.447,0.02325300018668478,32.9,4.0776,4,254,17.6,396.9,7729775542.782658,32.4
0.09604,40.0,6.41,0,0.447,-0.24488323774130644,42.8,4.2673,4,254,17.6,396.9,7170545772.564378,32.0
0.10469,40.0,6.41,1,0.447,-0.16897226551823263,49.0,4.7872,4,254,17.6,389.25,14163690807.798481,33.2
0.06127,40.0,6.41,1,0.447,0.21607143238907378,27.6,4.8628,4,254,17.6,393.45,9518594559.153826,33.1
0.07978,40.0,6.41,0,0.447,-0.0894871155721539,32.1,4.1403,4,254,17.6,396.9,16155125011.931175,29.1
0.21038,20.0,3.33,0,0.4429,0.18474681325401768,32.2,4.1007,5,216,14.9,396.9,10583610837.066547,35.1
0.03578,20.0,3.33,0,0.4429,0.04868993007337208,64.5,4.6947,5,216,14.9,387.31,9112003373.856428,45.4
0.03705,20.0,3.33,0,0.4429,-0.4349729457422463,37.2,5.2447,5,216,14.9,392.23,9745456409.901134,35.4
0.06129,20.0,3.33,1,0.4429,0.24623528510916226,49.7,5.2119,5,216,14.9,377.07,7297989473.734795,46.0
0.01501,90.0,1.21,1,0.401,0.005404589706042365,24.8,5.885,1,198,13.6,395.52,7376631992.501568,50.0
0.00906,90.0,2.97,0,0.4,-0.21487165752129803,20.8,7.3073,1,285,15.3,394.72,17911397837.305164,32.2
0.01096,55.0,2.25,0,0.389,0.1276763988085659,31.9,7.3073,1,300,15.3,394.72,18535177075.201977,22.0
0.01965,80.0,1.76,0,0.385,-0.20674940610804027,31.5,9.0892,1,241,18.2,341.6,29484059862.174557,20.1
0.03871,52.5,5.32,0,0.405,0.02368892898371681,31.3,7.3172,6,293,16.6,396.9,16199344774.751104,23.2
0.0459,52.5,5.32,0,0.405,0.12793240520862653,45.6,7.3172,6,293,16.6,396.9,17780469497.70224,22.3
0.04297,52.5,5.32,0,0.405,-0.09611324123858182,22.9,7.3172,6,293,16.6,371.72,21196770373.72887,24.8
0.03502,80.0,4.95,0,0.411,0.007935495303149926,27.9,5.1167,4,245,19.2,396.9,7351278606.563298,28.5
0.07886,80.0,4.95,0,0.411,-0.014875914294761629,27.7,5.1167,4,245,19.2,396.9,8209852093.977511,37.3
0.03615,80.0,4.95,0,0.411,0.1234817977825803,23.4,5.1167,4,245,19.2,396.9,11243261680.360735,27.9
0.08265,0.0,13.92,0,0.437,-0.05578418812920857,18.4,5.5027,4,289,16.0,396.9,19163989132.890236,23.9
0.08199,0.0,13.92,0,0.437,-0.1867896825707829,42.3,5.5027,4,289,16.0,396.9,23180401985.304085,21.7
0.12932,0.0,13.92,0,0.437,-0.1537013823924731,31.1,5.9604,4,289,16.0,396.9,14446492634.488354,28.6
0.05372,0.0,13.92,0,0.437,-0.1466400931555693,51.0,5.9604,4,289,16.0,392.85,16742143826.556353,27.1
0.14103,0.0,13.92,0,0.437,0.0017445331122895313,58.0,6.32,4,289,16.0,396.9,36237266986.18853,20.3
0.06466,70.0,2.24,0,0.4,0.0440891377521482,20.1,7.8278,5,358,14.8,368.24,11618797446.129755,22.5
0.05561,70.0,2.24,0,0.4,-0.05318721884679712,10.0,7.8278,5,358,14.8,371.58,10348928236.85625,29.0
0.04417,70.0,2.24,0,0.4,-0.1445479986362005,47.4,7.8278,5,358,14.8,390.86,13634334452.1744,24.8
0.03537,34.0,6.09,0,0.433,0.014698862192681225,40.4,5.4917,7,329,16.1,395.75,20995279768.962826,22.0
0.09266,34.0,6.09,0,0.433,0.06889684176514459,18.4,5.4917,7,329,16.1,383.61,19616478758.73825,26.4
0.1,34.0,6.09,0,0.433,0.07926821719553465,17.7,5.4917,7,329,16.1,390.43,10957840730.729357,33.1
0.05515,33.0,2.18,0,0.472,-0.10079448551386157,41.1,4.022,7,222,18.4,393.68,15747848448.458881,36.1
0.05479,33.0,2.18,0,0.472,-0.13793554326742985,58.1,3.37,7,222,18.4,393.36,20790685669.91634,28.4
0.07503,33.0,2.18,0,0.472,-0.06632210538449906,71.9,3.0992,7,222,18.4,396.9,14835930047.018772,33.4
0.04932,33.0,2.18,0,0.472,-0.022758645067785452,70.3,3.1827,7,222,18.4,396.9,17603507676.28221,28.2
0.49298,0.0,9.9,0,0.544,0.19094725197620901,82.5,3.3175,4,304,18.4,396.9,9845931226.444582,22.8
0.3494,0.0,9.9,0,0.544,-0.10588356696612541,76.7,3.1025,4,304,18.4,396.24,23087709068.308212,20.3
2.63548,0.0,9.9,0,0.544,-0.2809111852642816,37.8,2.5194,4,304,18.4,350.45,28510189668.39449,16.1
0.79041,0.0,9.9,0,0.544,0.11976718424681727,52.8,2.6403,4,304,18.4,396.9,13329631212.579967,22.1
0.26169,0.0,9.9,0,0.544,0.13135468998102426,90.4,2.834,4,304,18.4,396.3,26586832477.60145,19.4
0.26938,0.0,9.9,0,0.544,-0.03630171559161682,82.8,3.2628,4,304,18.4,393.39,18529161361.72227,21.6
0.3692,0.0,9.9,0,0.544,-0.260436445363077,87.3,3.6023,4,304,18.4,395.69,21428471428.414795,23.8
0.25356,0.0,9.9,0,0.544,0.3194214661994023,77.7,3.945,4,304,18.4,396.42,26570104546.573906,16.2
0.31827,0.0,9.9,0,0.544,0.025363442596151343,83.2,3.9986,4,304,18.4,390.7,41534179515.95695,17.8
0.24522,0.0,9.9,0,0.544,0.03802198070622756,71.7,4.0317,4,304,18.4,396.9,36241794460.28921,19.8
0.40202,0.0,9.9,0,0.544,-0.059382209733738076,67.2,3.5325,4,304,18.4,395.21,23055062883.828533,23.1
0.47547,0.0,9.9,0,0.544,0.0335535032367606,58.8,4.0019,4,304,18.4,396.23,29085824916.499786,21.0
0.1676,0.0,7.38,0,0.493,0.07059399690630246,52.3,4.5404,5,287,19.6,396.9,16356967881.806578,23.8
0.18159,0.0,7.38,0,0.493,0.044246683694318736,54.3,4.5404,5,287,19.6,396.9,15394358789.134718,23.1
0.35114,0.0,7.38,0,0.493,-0.03461900970571684,49.9,4.7211,5,287,19.6,396.9,17783574757.225937,20.4
0.28392,0.0,7.38,0,0.493,-0.013397153875611748,74.3,4.7211,5,287,19.6,391.13,26488928026.533962,18.5
0.34109,0.0,7.38,0,0.493,-0.051724598873351936,40.1,4.7211,5,287,19.6,396.9,13793304225.220467,25.0
0.19186,0.0,7.38,0,0.493,0.05329152865490472,14.7,5.4159,5,287,19.6,393.68,12123992696.8935,24.6
0.30347,0.0,7.38,0,0.493,0.0881781230658435,28.9,5.4159,5,287,19.6,396.9,14144210076.245308,23.0
0.24103,0.0,7.38,0,0.493,0.1651407241280693,43.7,5.4159,5,287,19.6,396.9,29323514166.191753,22.2
0.06617,0.0,3.24,0,0.46,0.06399397950811625,25.8,5.2146,4,430,16.9,382.44,23253241307.334675,19.3
0.06724,0.0,3.24,0,0.46,0.044196924375003804,17.2,5.2146,4,430,16.9,375.21,16512686098.214727,22.6
0.04544,0.0,3.24,0,0.46,0.14880735352359387,32.2,5.8736,4,430,16.9,368.57,21157731729.545254,19.8
0.05023,35.0,6.06,0,0.4379,-0.10812453711274574,28.4,6.6407,1,304,16.9,394.02,28108884440.137974,17.1
0.03466,35.0,6.06,0,0.4379,0.027546586821373814,23.3,6.6407,1,304,16.9,362.25,17648676510.13464,19.4
0.05083,0.0,5.19,0,0.515,0.18905819850672803,38.1,6.4584,5,224,20.2,389.71,13551134723.553112,22.2
0.03738,0.0,5.19,0,0.515,0.1486704739741612,38.5,6.4584,5,224,20.2,389.4,15103081349.967506,20.7
0.03961,0.0,5.19,0,0.515,0.03227677175338299,34.5,5.9853,5,224,20.2,396.9,18540578512.46937,21.1
0.03427,0.0,5.19,0,0.515,-0.06715918950880514,46.3,5.2311,5,224,20.2,396.9,22326803618.905045,19.5
0.03041,0.0,5.19,0,0.515,-0.023101353032294013,59.6,5.615,5,224,20.2,394.81,23399585903.646904,18.5
0.03306,0.0,5.19,0,0.515,0.12637419816107115,37.3,4.8122,5,224,20.2,396.14,19382320935.09818,20.6
0.05497,0.0,5.19,0,0.515,-0.09582678761769484,45.4,4.8122,5,224,20.2,396.9,22223204842.525475,19.0
0.06151,0.0,5.19,0,0.515,0.03652496554038151,58.5,4.8122,5,224,20.2,396.9,20755040545.60022,18.7
0.01301,35.0,1.52,0,0.442,-0.16388081942520033,49.3,7.0379,1,284,15.5,394.74,13009221529.967672,32.7
0.02498,0.0,1.89,0,0.518,-0.20573997541735212,59.7,6.2669,1,422,15.9,389.96,19006953826.141205,16.5
0.02543,55.0,3.78,0,0.484,-0.15859080878048334,56.4,5.7321,5,370,17.6,396.9,16442812043.596092,23.9
0.03049,55.0,3.78,0,0.484,0.1189056155003661,28.1,6.4654,5,370,17.6,387.97,10900065311.114027,31.2
0.03113,0.0,4.39,0,0.442,0.2292697538383418,48.5,8.0136,3,352,18.8,385.64,23925971983.277264,17.5
0.06162,0.0,4.39,0,0.442,0.08665516720400326,52.3,8.0136,3,352,18.8,364.61,28736400380.895477,17.2
0.0187,85.0,4.15,0,0.429,-0.2718805699748861,27.7,8.5353,4,351,17.9,392.43,14157844128.962738,23.1
0.01501,80.0,2.01,0,0.435,-0.11781885854070086,29.7,8.344,4,280,17.0,390.94,13642407763.05636,24.5
0.02899,40.0,1.25,0,0.429,0.16923012965498685,34.5,8.7921,1,335,19.7,389.85,14034195124.97589,26.6
0.06211,40.0,1.25,0,0.429,0.18679837185940912,44.4,8.7921,1,335,19.7,396.9,12903130779.089403,22.9
0.0795,60.0,1.69,0,0.411,-0.15658930230957122,35.9,10.7103,4,411,18.3,370.78,12487541275.488298,24.1
0.07244,60.0,1.69,0,0.411,-0.08066498685061971,18.5,10.7103,4,411,18.3,392.33,17657156161.235584,18.6
0.01709,90.0,2.02,0,0.41,-0.02669984061439132,36.1,12.1265,5,187,17.0,384.46,10439170368.121212,30.1
0.04301,80.0,1.91,0,0.413,-0.2391151047044742,21.9,10.5857,4,334,22.0,382.8,18334133566.65387,18.2
0.10659,80.0,1.91,0,0.413,0.06545941489850565,19.5,10.5857,4,334,22.0,376.04,12335496282.744463,20.6
8.98296,0.0,18.1,1,0.77,0.02131802875364587,97.4,2.1222,24,666,20.2,377.73,40340080730.43825,17.8
3.8497,0.0,18.1,1,0.77,0.24380501523930592,91.0,2.5052,24,666,20.2,391.34,30905244865.289448,21.7
5.20177,0.0,18.1,1,0.77,-0.2071426998655514,83.4,2.7227,24,666,20.2,395.43,25921293686.92489,22.7
4.26131,0.0,18.1,0,0.77,-0.24720397175393188,81.3,2.5091,24,666,20.2,390.74,28852245207.483273,22.6
4.54192,0.0,18.1,0,0.77,0.3194006876712048,88.0,2.5182,24,666,20.2,374.56,17107503832.639982,25.0
3.83684,0.0,18.1,0,0.77,-0.14648587850097966,91.1,2.2955,24,666,20.2,350.65,32504225140.189816,19.9
3.67822,0.0,18.1,0,0.77,-0.23580458622523925,96.2,2.1036,24,666,20.2,380.79,23190394380.921547,20.8
4.22239,0.0,18.1,1,0.77,0.2119158517194599,89.0,1.9047,24,666,20.2,353.04,32773235641.526733,16.8
3.47428,0.0,18.1,1,0.718,0.254186399448168,82.9,1.9047,24,666,20.2,354.55,12147404831.39206,21.9
4.55587,0.0,18.1,0,0.718,0.018829292360965755,87.9,1.6132,24,666,20.2,354.7,15957501344.552334,27.5
3.69695,0.0,18.1,0,0.718,-0.0585677902872249,91.4,1.7523,24,666,20.2,316.03,32178801683.004498,21.9
13.5222,0.0,18.1,0,0.631,-0.2064535156170595,100.0,1.5106,24,666,20.2,131.42,30702200745.155403,23.1
4.89822,0.0,18.1,0,0.631,0.09507090909727,100.0,1.3325,24,666,20.2,375.52,7222354327.131011,50.0
5.66998,0.0,18.1,1,0.631,0.05979223988707877,96.8,1.3567,24,666,20.2,375.33,8542821207.717332,50.0
6.53876,0.0,18.1,1,0.631,0.08240710634080536,97.5,1.2024,24,666,20.2,392.05,6863957302.89419,50.0
9.2323,0.0,18.1,0,0.631,0.10985636332821144,100.0,1.1691,24,666,20.2,366.15,20881493364.661724,50.0
8.26725,0.0,18.1,1,0.668,0.01668920099400947,89.6,1.1296,24,666,20.2,347.88,20110169052.353542,50.0
11.1081,0.0,18.1,0,0.668,0.1608492796693224,100.0,1.1742,24,666,20.2,396.9,79263851446.66292,13.8
18.4982,0.0,18.1,0,0.668,0.34657860695335274,100.0,1.137,24,666,20.2,396.9,86741458912.16096,13.8
19.6091,0.0,18.1,0,0.671,-0.025831902753979896,97.9,1.3163,24,666,20.2,396.9,30347567915.959183,15.0
15.288,0.0,18.1,0,0.671,0.008306870331415604,93.3,1.3449,24,666,20.2,363.02,52380311582.86217,13.9
9.82349,0.0,18.1,0,0.671,0.13186468467900464,98.8,1.358,24,666,20.2,396.9,47713754173.37217,13.3
23.6482,0.0,18.1,0,0.671,0.06300626928513364,96.2,1.3861,24,666,20.2,396.9,53816084009.00243,13.1
17.8667,0.0,18.1,0,0.671,-0.04213149122307988,100.0,1.3861,24,666,20.2,393.74,48856951885.696945,10.2
88.9762,0.0,18.1,0,0.671,-0.047315626779733194,91.9,1.4165,24,666,20.2,396.9,39375391276.6233,10.4
15.8744,0.0,18.1,0,0.671,0.062170490461951,99.1,1.5192,24,666,20.2,396.9,48045221605.97183,10.9
9.18702,0.0,18.1,0,0.7,0.13173625370305242,100.0,1.5804,24,666,20.2,396.9,54291128839.31617,11.3
7.99248,0.0,18.1,0,0.7,0.11515018436712023,100.0,1.5331,24,666,20.2,396.9,55905701449.003235,12.3
20.0849,0.0,18.1,0,0.7,0.06237151523068547,91.2,1.4395,24,666,20.2,285.83,69372137371.54027,8.8
16.8118,0.0,18.1,0,0.7,-0.1808539034842873,98.1,1.4261,24,666,20.2,396.9,70131576219.6158,7.2
24.3938,0.0,18.1,0,0.7,-0.3867052781777091,100.0,1.4672,24,666,20.2,396.9,64070410947.31055,10.5
22.5971,0.0,18.1,0,0.7,0.23674237242341872,89.5,1.5184,24,666,20.2,396.9,72566431865.96518,7.4
14.3337,0.0,18.1,0,0.7,0.0622298762544338,100.0,1.5895,24,666,20.2,372.92,69392526401.741,10.2
8.15174,0.0,18.1,0,0.7,-0.06335657281785227,98.9,1.7281,24,666,20.2,396.9,47694843254.82958,11.5
6.96215,0.0,18.1,0,0.7,0.07664978535838997,97.0,1.9265,24,666,20.2,394.43,38478229055.98793,15.1
5.29305,0.0,18.1,0,0.7,-0.11214345248349541,82.5,2.1678,24,666,20.2,378.38,42992989552.69818,23.2
11.5779,0.0,18.1,0,0.7,-0.12003882266514351,97.0,1.77,24,666,20.2,396.9,58295191014.248856,9.7
8.64476,0.0,18.1,0,0.693,-0.15321776701758533,92.6,1.7912,24,666,20.2,396.9,34347487974.423473,13.8
13.3598,0.0,18.1,0,0.693,0.006576874255449422,94.7,1.7821,24,666,20.2,396.9,37373822068.73788,12.7
8.71675,0.0,18.1,0,0.693,-0.037273920599364664,98.8,1.7257,24,666,20.2,391.98,38801439704.812386,13.1
5.87205,0.0,18.1,0,0.693,0.06730632056801804,96.0,1.6768,24,666,20.2,396.9,43864336441.10621,12.5
7.67202,0.0,18.1,0,0.693,0.1714482653033068,98.9,1.6334,24,666,20.2,393.1,45119852997.23352,8.5
38.3518,0.0,18.1,0,0.693,0.11341744287889893,100.0,1.4896,24,666,20.2,396.9,69388767428.59756,5.0
9.91655,0.0,18.1,0,0.693,0.04430154835918629,77.8,1.5004,24,666,20.2,338.16,68276040186.8509,6.3
25.0461,0.0,18.1,0,0.693,-0.10185503686865999,100.0,1.5888,24,666,20.2,396.9,60910992809.37113,5.6
14.2362,0.0,18.1,0,0.693,0.08887586663544088,100.0,1.5741,24,666,20.2,396.9,46518552717.71201,7.2
9.59571,0.0,18.1,0,0.693,-0.06845195178137298,100.0,1.639,24,666,20.2,376.11,46306588854.84158,12.1
24.8017,0.0,18.1,0,0.693,-0.16253178030100288,96.0,1.7028,24,666,20.2,396.9,44790657206.39631,8.3
41.5292,0.0,18.1,0,0.693,0.3376333894338228,85.4,1.6074,24,666,20.2,329.46,62388726719.40853,8.5
67.9208,0.0,18.1,0,0.693,0.25271740659311487,100.0,1.4254,24,666,20.2,384.97,52170291574.26624,5.0
20.7162,0.0,18.1,0,0.659,0.18193830761566934,100.0,1.1781,24,666,20.2,370.22,53696087388.657616,11.9
11.9511,0.0,18.1,0,0.659,-0.004391425048146075,100.0,1.2852,24,666,20.2,332.09,27549953795.793594,27.9
7.40389,0.0,18.1,0,0.597,-0.23533702815419177,97.9,1.4547,24,666,20.2,314.64,60055725828.05946,17.2
14.4383,0.0,18.1,0,0.597,0.0022301989557721932,100.0,1.4655,24,666,20.2,179.36,45360169029.05169,27.5
51.1358,0.0,18.1,0,0.597,0.07738683029516483,100.0,1.413,24,666,20.2,2.6,22975676123.235474,15.0
14.0507,0.0,18.1,0,0.597,-0.07439260920948627,100.0,1.5275,24,666,20.2,35.05,48187287347.66892,17.2
18.811,0.0,18.1,0,0.597,-0.21491258249210177,100.0,1.5539,24,666,20.2,28.79,78107990792.93909,17.9
28.6558,0.0,18.1,0,0.597,0.023801147001020803,100.0,1.5894,24,666,20.2,210.97,45748244518.13033,16.3
45.7461,0.0,18.1,0,0.693,0.07292988172005604,100.0,1.6582,24,666,20.2,88.27,84370013954.48189,7.0
18.0846,0.0,18.1,0,0.679,0.14948901750822793,100.0,1.8347,24,666,20.2,27.25,66339267181.374886,7.2
10.8342,0.0,18.1,0,0.679,0.1384449509242075,90.8,1.8195,24,666,20.2,21.57,58658320899.2225,7.5
25.9406,0.0,18.1,0,0.679,-0.15284854227488995,89.1,1.6475,24,666,20.2,127.36,60604309915.84156,10.4
73.5341,0.0,18.1,0,0.679,0.173671362902097,100.0,1.8026,24,666,20.2,16.45,46551655293.55493,8.8
11.8123,0.0,18.1,0,0.718,-0.10599276796260722,76.5,1.794,24,666,20.2,48.45,51666896038.931694,8.4
11.0874,0.0,18.1,0,0.718,0.09926108888424334,100.0,1.8589,24,666,20.2,318.75,34172898654.948917,16.7
7.02259,0.0,18.1,0,0.718,-0.2628946026235097,95.3,1.8746,24,666,20.2,319.98,35905799603.30545,14.2
12.0482,0.0,18.1,0,0.614,-0.05002878738521591,87.6,1.9512,24,666,20.2,291.55,32286704867.731396,20.8
7.05042,0.0,18.1,0,0.614,-0.13965346828411382,85.1,2.0218,24,666,20.2,2.52,52952465974.98374,13.4
8.79212,0.0,18.1,0,0.584,0.0032395502859884455,70.6,2.0635,24,666,20.2,3.65,39591029255.2569,11.7
15.8603,0.0,18.1,0,0.679,0.1664561066409184,95.4,1.9096,24,666,20.2,7.68,55747266462.726715,8.3
12.2472,0.0,18.1,0,0.584,0.09039113206194951,59.7,1.9976,24,666,20.2,24.65,35450614143.25173,10.2
37.6619,0.0,18.1,0,0.679,0.06999853994559312,78.7,1.8629,24,666,20.2,18.82,32685925049.00627,10.9
7.36711,0.0,18.1,0,0.679,-0.08686832897544283,78.1,1.9356,24,666,20.2,96.73,48601177510.40619,11.0
9.33889,0.0,18.1,0,0.679,0.02882958547940223,95.6,1.9682,24,666,20.2,60.72,54634422752.484566,9.5
8.49213,0.0,18.1,0,0.584,-0.15432619994841296,86.1,2.0527,24,666,20.2,83.45,40369462794.22945,14.5
10.0623,0.0,18.1,0,0.584,-0.14084916425085206,94.3,2.0882,24,666,20.2,81.33,44605858962.92943,14.1
6.44405,0.0,18.1,0,0.584,0.12508484724354813,74.8,2.2004,24,666,20.2,97.95,27460677350.877266,16.1
5.58107,0.0,18.1,0,0.713,-0.18430652056795305,87.9,2.3158,24,666,20.2,100.19,36185965276.04864,14.3
13.9134,0.0,18.1,0,0.713,0.5210126280288457,95.0,2.2222,24,666,20.2,100.63,34130244025.573986,11.7
11.1604,0.0,18.1,0,0.74,0.10998134259345627,94.6,2.1247,24,666,20.2,109.85,53119254668.658775,13.4
14.4208,0.0,18.1,0,0.74,0.1987424613279693,93.3,2.0026,24,666,20.2,27.49,41407717560.765396,9.6
15.1772,0.0,18.1,0,0.74,0.07215459119962314,100.0,1.9142,24,666,20.2,9.32,59852910326.517525,8.7
13.6781,0.0,18.1,0,0.74,0.12659737763040319,87.9,1.8206,24,666,20.2,68.95,77276581685.98744,8.4
9.39063,0.0,18.1,0,0.74,-0.07042846462941482,93.9,1.8172,24,666,20.2,396.9,51819524518.58864,12.8
22.0511,0.0,18.1,0,0.74,0.2273345431046742,92.4,1.8662,24,666,20.2,391.45,49770457321.4513,10.5
9.72418,0.0,18.1,0,0.74,-0.18721088514920514,97.2,2.0651,24,666,20.2,385.96,44464748802.09099,17.1
5.66637,0.0,18.1,0,0.74,-0.19727876441496467,100.0,2.0048,24,666,20.2,395.69,37577183712.64157,18.4
9.96654,0.0,18.1,0,0.74,0.03996389306414967,100.0,1.9784,24,666,20.2,386.73,43356160179.43284,15.4
12.8023,0.0,18.1,0,0.74,-0.11972233152338452,96.6,1.8956,24,666,20.2,240.52,54088777653.694954,10.8
10.6718,0.0,18.1,0,0.74,0.18626920872325076,94.8,1.9879,24,666,20.2,43.06,54551622941.60267,11.8
6.28807,0.0,18.1,0,0.74,-0.024812533326612256,96.4,2.072,24,666,20.2,318.01,40045507127.7241,14.9
9.92485,0.0,18.1,0,0.74,0.009405453880974884,96.6,2.198,24,666,20.2,388.52,37792187801.53204,12.6
9.32909,0.0,18.1,0,0.713,-0.06862749116427662,98.7,2.2616,24,666,20.2,396.9,41098033168.20326,14.1
7.52601,0.0,18.1,0,0.713,-0.1321361613789001,98.3,2.185,24,666,20.2,304.21,44580084574.293,13.0
6.71772,0.0,18.1,0,0.713,-0.04877904078694145,92.6,2.3236,24,666,20.2,0.32,39504418459.46827,13.4
5.44114,0.0,18.1,0,0.713,0.02012438645141052,98.2,2.3552,24,666,20.2,355.29,40475942177.92383,15.2
5.09017,0.0,18.1,0,0.713,0.1559326478383785,91.8,2.3682,24,666,20.2,385.09,39531722449.441734,16.1
8.24809,0.0,18.1,0,0.713,-0.018491708795279366,99.3,2.4527,24,666,20.2,375.87,37588277996.426445,17.8
9.51363,0.0,18.1,0,0.713,-0.10208597277961474,94.1,2.4961,24,666,20.2,6.68,42431694763.89189,14.9
4.75237,0.0,18.1,0,0.713,0.018805419495733472,86.5,2.4358,24,666,20.2,50.92,40910231893.29177,14.1
4.66883,0.0,18.1,0,0.713,-0.11791681553047109,87.9,2.5806,24,666,20.2,10.48,43215315892.16518,12.7
8.20058,0.0,18.1,0,0.713,-0.2110618890711052,80.3,2.7792,24,666,20.2,3.5,37731896850.57619,13.5
7.75223,0.0,18.1,0,0.713,0.09778258439448691,83.7,2.7831,24,666,20.2,272.21,36613329758.300064,14.9
6.80117,0.0,18.1,0,0.713,0.02641067648567856,84.4,2.7175,24,666,20.2,396.9,33305384985.95498,20.0
4.81213,0.0,18.1,0,0.713,-0.08051041671212711,90.0,2.5975,24,666,20.2,255.23,37181599745.75618,16.4
3.69311,0.0,18.1,0,0.713,0.1943979266735949,88.4,2.5671,24,666,20.2,391.43,33425748602.45324,17.7
6.65492,0.0,18.1,0,0.713,0.23798952507019583,83.0,2.7344,24,666,20.2,396.9,31480578795.11218,19.5
5.82115,0.0,18.1,0,0.713,-0.09881076008980713,89.9,2.8016,24,666,20.2,393.82,23344013777.19553,20.2
7.83932,0.0,18.1,0,0.655,0.23051422349710504,65.4,2.9634,24,666,20.2,396.9,29763082457.514713,21.4
3.1636,0.0,18.1,0,0.655,-0.007568446588118956,48.2,3.0665,24,666,20.2,334.4,32362844625.66136,19.9
3.77498,0.0,18.1,0,0.655,0.04282047950794963,84.7,2.8715,24,666,20.2,22.01,39111620883.42366,19.0
4.42228,0.0,18.1,0,0.584,0.0853870480689948,94.5,2.5403,24,666,20.2,331.29,49025650900.102684,19.1
15.5757,0.0,18.1,0,0.58,-0.15461111968337993,71.0,2.9084,24,666,20.2,368.74,41060681144.43242,19.1
13.0751,0.0,18.1,0,0.58,-0.1486196754288136,56.7,2.8237,24,666,20.2,396.9,33336011590.72241,20.1
4.34879,0.0,18.1,0,0.58,0.0033699401304095877,84.0,3.0334,24,666,20.2,396.9,37058590680.131516,19.9
4.03841,0.0,18.1,0,0.532,0.17232058375702186,90.7,3.0993,24,666,20.2,395.33,29475708023.4546,19.6
3.56868,0.0,18.1,0,0.58,0.209110978313823,75.0,2.8965,24,666,20.2,393.37,32673149979.35723,23.2
4.64689,0.0,18.1,0,0.614,-0.04365585247964236,67.6,2.5329,24,666,20.2,374.68,26665683047.30436,29.8
8.05579,0.0,18.1,0,0.584,0.08402012700746894,95.4,2.4298,24,666,20.2,352.58,40967285783.02254,13.8
6.39312,0.0,18.1,0,0.584,0.05177078273497718,97.4,2.206,24,666,20.2,302.76,54787014944.16152,13.3
4.87141,0.0,18.1,0,0.614,0.23495631527900024,93.6,2.3053,24,666,20.2,396.21,42492106828.40193,16.7
15.0234,0.0,18.1,0,0.614,0.2638780965009942,97.3,2.1007,24,666,20.2,349.48,56856105941.00506,12.0
10.233,0.0,18.1,0,0.614,-0.16774095815991913,96.7,2.1705,24,666,20.2,379.7,39915414112.6225,14.6
14.3337,0.0,18.1,0,0.614,0.18333610365941005,88.0,1.9512,24,666,20.2,383.32,29952081086.54731,21.4
5.82401,0.0,18.1,0,0.532,-0.03155473483240292,64.7,3.4242,24,666,20.2,396.9,24478276147.426098,23.0
5.70818,0.0,18.1,0,0.532,0.13844364179890048,74.9,3.3317,24,666,20.2,393.07,17271479733.18063,23.7
5.73116,0.0,18.1,0,0.532,-0.3220470525178627,77.0,3.4106,24,666,20.2,395.28,15383735063.904474,25.0
2.81838,0.0,18.1,0,0.532,0.09808107176918572,40.3,4.0983,24,666,20.2,392.92,23617970963.74915,21.8
2.37857,0.0,18.1,0,0.583,0.1271399920745647,41.9,3.724,24,666,20.2,370.73,30265495471.80178,20.6
3.67367,0.0,18.1,0,0.583,0.08357051835180325,51.9,3.9917,24,666,20.2,388.62,23672188708.162518,21.2
5.69175,0.0,18.1,0,0.583,-0.17659458034740094,79.8,3.5459,24,666,20.2,392.68,33595500954.15815,19.1
4.83567,0.0,18.1,0,0.583,-0.18022027845197,53.2,3.1523,24,666,20.2,388.22,26177875299.009712,20.6
0.15086,0.0,27.74,0,0.609,0.07169114804004868,92.7,1.8209,4,711,20.1,395.09,41242202931.15543,15.2
0.18337,0.0,27.74,0,0.609,-0.006943646385623885,98.3,1.7554,4,711,20.1,344.05,54165435641.87632,7.0
0.20746,0.0,27.74,0,0.609,-0.23636776473017712,98.0,1.8226,4,711,20.1,318.43,67640840618.28523,8.1
0.10574,0.0,27.74,0,0.609,-0.031643039587141326,98.8,1.8681,4,711,20.1,390.11,40988463560.93783,13.6
0.11132,0.0,27.74,0,0.609,-0.292522759401033,83.5,2.1099,4,711,20.1,396.9,30184596596.59233,20.1
0.17331,0.0,9.69,0,0.585,-0.010966518766327257,54.0,2.3817,6,391,19.2,396.9,27025692350.695854,21.8
0.27957,0.0,9.69,0,0.585,0.16810985663988498,42.6,2.3817,6,391,19.2,396.9,30227055056.57813,24.5
0.17899,0.0,9.69,0,0.585,0.04030967878213251,28.8,2.7986,6,391,19.2,393.29,39794806323.45068,23.1
0.2896,0.0,9.69,0,0.585,0.08807372307324612,72.9,2.7986,6,391,19.2,396.9,47755471883.29328,19.7
0.26838,0.0,9.69,0,0.585,0.02126011025902569,70.6,2.8927,6,391,19.2,396.9,32051220904.23727,18.3
0.23912,0.0,9.69,0,0.585,0.037345264544497256,65.3,2.4091,6,391,19.2,396.9,29055005348.787697,21.2
0.17783,0.0,9.69,0,0.585,0.06070745615377643,73.5,2.3999,6,391,19.2,395.77,33599551654.227093,17.5
0.22438,0.0,9.69,0,0.585,0.13576421100054709,79.7,2.4982,6,391,19.2,396.9,32338506116.426037,16.8
0.06263,0.0,11.93,0,0.573,0.02242068118983019,69.1,2.4786,1,273,21.0,391.99,21864585889.31741,22.4
0.04527,0.0,11.93,0,0.573,0.1605988718369004,76.7,2.2875,1,273,21.0,396.9,20099796839.48837,20.6
0.06076,0.0,11.93,0,0.573,0.044316735316507566,91.0,2.1675,1,273,21.0,396.9,12600322996.134165,23.9
0.10959,0.0,11.93,0,0.573,-0.19880401454412772,89.3,2.3889,1,273,21.0,393.45,14511732035.368397,22.0
0.04741,0.0,11.93,0,0.573,-0.00023088805849255656,80.8,2.505,1,273,21.0,396.9,18036738951.436897,11.9
