CRIM,ZN,INDUS,CHAS,NOX,RM,AGE,DIS,RAD,TAX,PTRATIO,B,LSTAT
-0.47307158381914727,-0.5020146421341568,-1.0105702693895895,-0.2780887148615228,-0.39645716000521775,-1.016304473560492,0.556020291013857,-0.5509669589360157,-0.5077973146584166,-0.6511928468009711,-0.775988758795226,0.42924400948291147,-0.4633933209776435
-0.4782481361949968,1.2411217173174922,-0.6659710171409525,3.5959747611403814,-0.9328616995687207,-0.5459125728599735,-1.276788516341403,0.1358613053325142,-0.624359880068644,-0.90513875069927,-0.32465063821752366,0.4445860781223135,-1.2852247675148207
-0.4710267430956934,-0.5020146421341568,2.1433889884792903,-0.2780887148615228,0.446464259308858,1.472878527870366,1.0822368821881212,-0.9243965371193245,-0.624359880068644,1.5859496399221378,0.8036946632267322,0.3701770452212129,0.7917842375759474
-0.47309209081780657,-0.5020146421341568,-0.02349783498247694,-0.2780887148615228,-1.2223498637775954,-0.3088187952355226,-2.1752943965097042,0.716351874245838,-0.624359880068644,-0.5967758673941929,0.3974903547067991,0.37894394158658573,-0.9613594938897265
0.25908539495624366,-0.5020146421341568,1.04096341454827,-0.2780887148615228,1.3319574674771801,1.8828364998111067,0.8316575530575193,-0.6844169277008296,1.7068914281359044,1.5859496399221378,0.8488284752845014,0.3151647705284986,0.7008105827750635
-0.4716434178410903,-0.5020146421341568,0.27145576228118673,-0.2780887148615228,-1.0180052772772132,-1.8074083747602547,0.21236863963474592,0.12367277887934515,-0.5077973146584166,-0.0344670801908168,0.17182129441794794,0.1899077387082364,-0.0674660676332315
-0.439895654345289,-0.5020146421341568,-0.1563729703834344,-0.2780887148615228,-0.10696899579634292,-0.18881032276047807,0.5238029486970657,0.0979521088836817,-0.624359880068644,-0.6028221984393904,0.036419858244636914,0.376642631290675,0.8258642638435302
-0.44390477258317806,-0.5020146421341568,1.5943664509984115,-0.2780887148615228,0.5741796258715969,0.42738591549510596,0.8960922376911026,-1.0473375007926267,-0.624359880068644,0.20133983057188928,1.3001665958622037,0.3479310456940793,1.681998608285502
0.10502510274278992,-0.5020146421341568,1.04096341454827,-0.2780887148615228,-0.20914128904653403,0.2797523649767671,0.7922808013369963,-0.33358890841296396,1.7068914281359044,1.5859496399221378,0.8488284752845014,0.4273810440052696,0.0728112909074521
-0.4536485265175728,-0.5020146421341568,-0.18703646316827086,-0.2780887148615228,0.24211967280847577,-1.039123093405179,0.3985132841317646,-0.6220347056964217,-0.39123474924818913,-0.07679139750719995,0.3974903547067991,0.4445860781223135,0.25159337046701247
-0.47030167421452607,-0.5020146421341568,0.42623339252845593,3.5959747611403814,-0.05588284917124736,-0.20020554310309865,0.9032516470948341,-0.4343601901123919,-0.5077973146584166,-0.772119467704923,-0.8662563829107678,0.4445860781223135,0.7885602834756654
-0.46160817156861017,0.042715470194483476,-0.4527867339701856,-0.2780887148615228,-0.27725615121332814,1.0634644986600785,0.6204549756474408,1.342477437871617,-0.5077973146584166,-0.5604978811230072,-1.4078621276040102,0.33291773566837846,0.6761716760130742
5.573351055516498,-0.5020146421341568,1.04096341454827,-0.2780887148615228,1.1616703120601948,0.09936407342895474,1.1251933386105102,-1.0251198324941337,1.7068914281359044,1.5859496399221378,0.8488284752845014,-2.9375729534339157,3.043274041288435
-0.47824520662375974,-0.5020146421341568,0.27145576228118673,-0.2780887148615228,-1.0180052772772132,-1.2662587271777814,-0.5322099383533284,0.585253235387344,-0.5077973146584166,-0.0344670801908168,0.17182129441794794,0.3295205633267965,0.02717544788790451
-0.444927192944905,-0.5020146421341568,-0.5243348838014704,-0.2780887148615228,-0.5412012421096551,-1.2559054045446532,0.20520923023101434,0.4446533042543325,-0.5077973146584166,-0.7056098262077495,0.578025602937881,0.38135483808706294,-0.11371347357056057
0.1941543780584916,-0.5020146421341568,1.04096341454827,-0.2780887148615228,0.4890360481631043,-0.5451100909443433,-0.034630984793990495,-0.6053834510537067,1.7068914281359044,1.5859496399221378,0.8488284752845014,0.20108553157408643,-0.10267510157905073
-0.4720887126691204,-0.5020146421341568,2.1433889884792903,-0.2780887148615228,0.20806224172507873,0.7933133136259635,0.974845741132149,-0.8580794364961771,-0.8574850108890988,-1.304196599682311,0.3523565426490298,0.25259104772065105,0.7150456245459587
1.613064375792011,-0.5020146421341568,1.04096341454827,-0.2780887148615228,1.2212708164561397,-1.393189118747529,1.1251933386105102,-1.0580864375072323,1.7068914281359044,1.5859496399221378,0.8488284752845014,0.18179835957026655,2.5656213257328524
-0.4844925172867473,2.984258076769141,-1.4189057816409931,-0.2780887148615228,-1.145720643839952,0.05799392073511038,-1.3090058586581945,0.8896304924442351,-0.624359880068644,-0.8990924196540724,-1.7689326240661716,0.4153265615028825,-1.3668592839672835
0.8799963003619006,-0.5020146421341568,1.04096341454827,-0.2780887148615228,1.3319574674771801,-0.4517596349690313,1.0786571774862557,-0.735570349744444,1.7068914281359044,1.5859496399221378,0.8488284752845014,0.4445860781223135,0.7986268722961891
-0.4627697465640965,0.36955353759166765,-0.5856618693711431,-0.2780887148615228,-0.7881176174642832,0.14786402217732356,-1.8710194968511162,0.3044852500428903,-0.7409224454788714,-1.0925750131003953,0.12668748236017865,0.4445860781223135,-0.8138443639678963
-0.4748293265613712,1.2411217173174922,-0.6659710171409525,-0.2780887148615228,-0.9328616995687207,0.5643172343230338,-1.3054261539563288,0.16594873086848605,-0.624359880068644,-0.90513875069927,-0.32465063821752366,0.4445860781223135,-0.7590606956218855
-0.3208759636980693,-0.5020146421341568,-0.4133622432468246,-0.2780887148615228,-0.15805514242143848,1.179346152010496,0.9139907612004312,0.21043205379009058,-0.624359880068644,-0.5846832053037977,1.2098989717466637,0.042075948747138776,1.438862936102323
-0.4773414338971329,-0.5020146421341568,0.14004079320331672,-0.2780887148615228,0.13994737955828465,0.492463259812746,0.01906458573399564,-0.6314400253217017,-0.9740475762993263,-0.7902584608405158,1.2098989717466637,0.39077925167983874,-0.40250418801538773
0.542143497450275,-0.5020146421341568,1.04096341454827,-0.2780887148615228,1.3745292563314264,-0.4039074934473635,0.9569472176228202,-0.9212774260191041,1.7068914281359044,1.5859496399221378,0.8488284752845014,-0.39835100740827334,0.47437127155607833
0.6934851475557557,-0.5020146421341568,1.04096341454827,-0.2780887148615228,0.23360531503762652,-0.9439325301209436,0.9605269223246863,-0.654857351735664,1.7068914281359044,1.5859496399221378,0.8488284752845014,-0.04109998051933528,0.7904616830836844
-0.47423022924339653,-0.5020146421341568,0.27145576228118673,-0.2780887148615228,-1.0180052772772132,0.23434875110832679,-1.1443394423723703,0.3398031849623088,-0.5077973146584166,-0.0344670801908168,0.17182129441794794,0.4353808369386724,-0.47810047763688684
0.9070274541660673,-0.5020146421341568,1.04096341454827,-0.2780887148615228,1.3319574674771801,-0.9376693309788443,0.9139907612004312,-0.623042418513416,1.7068914281359044,1.5859496399221378,0.8488284752845014,-3.83113886547453,0.8819141972105692
-0.4609607363252244,-0.5020146421341568,-0.055621494090400805,3.5959747611403814,-0.5752586731930522,1.102537026982478,0.8423966671631163,0.03964872447186972,-0.624359880068644,-0.7660731366597254,0.12668748236017865,0.4045871134553007,0.6811240911408231
-0.447203469796085,-0.5020146421341568,-0.18703646316827086,-0.2780887148615228,0.24211967280847577,-0.22351445891312144,0.07276015626198178,-0.4327286550753535,-0.39123474924818913,-0.07679139750719995,0.3974903547067991,0.4445860781223135,0.23365237522367074
-0.4661343591298368,-0.5020146421341568,-1.0105702693895895,-0.2780887148615228,-0.39645716000521775,-0.6662604862622493,0.7135272978959498,-0.575056093894641,-0.5077973146584166,-0.6511928468009711,-0.775988758795226,0.4445860781223135,0.3197514180795219
-0.461965579259529,-0.5020146421341568,-0.5243348838014704,-0.2780887148615228,-0.5412012421096551,1.6700131612669975,-0.582325804179449,0.35794201566820577,-0.5077973146584166,-0.7056098262077495,0.578025602937881,0.4445860781223135,-0.7464555845744443
2.385797380986023,-0.5020146421341568,1.04096341454827,-0.2780887148615228,0.9743544411015121,0.011783927213953226,1.05001953987133,-1.1891850763657261,1.7068914281359044,1.5859496399221378,0.8488284752845014,0.4445860781223135,0.12725904479380598
0.05226498954932004,-0.5020146421341568,1.04096341454827,-0.2780887148615228,1.8172758604155879,-0.14030800032632443,0.9891645599396122,-0.8113887426421088,1.7068914281359044,1.5859496399221378,0.8488284752845014,0.26804270256462076,-0.31970729030087397
0.16125382828091506,-0.5020146421341568,1.04096341454827,-0.2780887148615228,0.23360531503762652,0.8962063895426965,0.9283095800078944,-0.6018324630319175,1.7068914281359044,1.5859496399221378,0.8488284752845014,-0.2744090100428165,1.2937075386776336
-0.17170659066485372,-0.5020146421341568,1.2570680303652113,-0.2780887148615228,2.677225995271362,1.45749605562448,1.0714977680825242,-1.041915046110705,-0.5077973146584166,-0.004235424964828839,-1.6335311878928616,-1.0342797525114975,0.49548221750349286
-0.4825179862729824,-0.5020146421341568,-0.5696000398171811,-0.2780887148615228,-0.7455458286100374,0.4218170000193947,-0.2673117904152635,0.5626996628165198,-0.8574850108890988,-0.9776947232416411,-0.23438301410198353,0.3999844928634798,-1.1938298174648765
-0.4814955659112555,-0.5020146421341568,-0.8441113085576206,-0.2780887148615228,-0.35388537115097146,-0.22881516078589753,-0.7971080862913935,0.689383559810086,-0.5077973146584166,-1.0865286820551978,0.8488284752845014,0.4445860781223135,-0.37363863576197265
-0.4666133440270928,-0.5020146421341568,-0.055621494090400805,3.5959747611403814,-0.5752586731930522,0.5019247664570392,-0.33890588445257835,0.21340720591645496,-0.624359880068644,-0.7660731366597254,0.12668748236017865,0.2738507714066799,0.29719332957225364
-0.4578949400256621,-0.5020146421341568,-0.02349783498247694,-0.2780887148615228,-1.2223498637775954,-0.15218614435875397,-2.2178928824619066,0.716351874245838,-0.624359880068644,-0.5967758673941929,0.3974903547067991,0.22837249651130914,-0.7125577042429212
-0.4440951947135857,-0.5020146421341568,-0.18703646316827086,-0.2780887148615228,0.24211967280847577,0.2836234441286545,0.15509336440489427,-0.47788378654162106,-0.39123474924818913,-0.07679139750719995,0.3974903547067991,0.4445860781223135,1.214384708559618
-0.479291063555383,0.9360728544134537,-1.2836213718069416,-0.2780887148615228,-0.7200027552974896,-0.033896739512340915,0.062021042156384654,-0.29356831368090536,-0.2746721838379617,-1.098621344145593,0.036419858244636914,0.4445860781223135,-0.6686090269398799
-0.48357263191831673,3.420042166632053,-1.2106130556525694,-0.2780887148615228,-1.1959553546879624,1.7082189375082233,-1.3125855633600603,0.6351110266662516,-0.624359880068644,-1.0865286820551978,-1.6335311878928616,0.3749988382221679,-1.3485588175308751
-0.466661681952504,0.042715470194483476,-0.7156166721259256,-0.2780887148615228,-1.2564072948609926,-1.7529823942865055,-1.137180032968639,1.2973223064053496,-0.624359880068644,-0.3549226255862892,0.2620889185334881,0.4445860781223135,0.10215995503849869
-0.4796543303887759,-0.5020146421341568,-1.1040209140671857,-0.2780887148615228,-0.5752586731930522,-0.7329399411673214,-0.08832655532197663,-0.3369479511362783,-0.8574850108890988,-0.8083974539761085,-0.23438301410198353,0.39286138956661476,-0.5393257500457439
0.5332903331719405,-0.5020146421341568,1.04096341454827,-0.2780887148615228,1.2212708164561397,-0.22536116805285913,1.017802197554538,-0.8963725235419597,1.7068914281359044,1.5859496399221378,0.8488284752845014,0.41751828559422555,0.6350197952333798
-0.31781309696974414,-0.5020146421341568,-0.4133622432468246,-0.2780887148615228,-0.15805514242143848,-0.29786653924435696,0.9462081035172232,-0.0034909813604092504,-0.624359880068644,-0.5846832053037977,1.2098989717466637,0.026733880107736138,0.8564280259635475
-0.4735871883568663,-0.5020146421341568,-0.02349783498247694,-0.2780887148615228,-1.2223498637775954,0.23552384221781905,-2.2178928824619066,0.716351874245838,-0.624359880068644,-0.5967758673941929,0.3974903547067991,0.3002610467073655,-0.830403703983767
0.15048911877041204,-0.5020146421341568,1.04096341454827,-0.2780887148615228,0.19954788395422948,0.41282899689400826,0.5524405863119914,-0.3652118963367369,1.7068914281359044,1.5859496399221378,0.8488284752845014,0.4445860781223135,0.5463632109557817
-0.48452173975983676,0.2823967196190852,-1.2646392096068046,-0.2780887148615228,-0.15805514242143848,0.867607449883185,-0.12054389763876801,0.1418116095852421,-0.9740475762993263,-0.6511928468009711,-1.3627283155462393,0.4445860781223135,-1.040281900367926
-0.46930854956516954,0.042715470194483476,-0.4527867339701856,-0.2780887148615228,-0.27725615121332814,0.004317775695818698,0.5130638345914685,1.1671354077146123,-0.5077973146584166,-0.5604978811230072,-1.4078621276040102,0.4445860781223135,0.10324300052222138
-0.48108835550930695,0.36955353759166765,-1.1157022446518854,-0.2780887148615228,-0.9677705664292025,-0.8246836902264717,-1.1228612141611758,0.6959096999582396,-0.5077973146584166,-1.1348993304167785,-1.5432635637773204,0.39340932058945066,-1.1593452590323943
-0.3059849531001956,-0.5020146421341568,-0.4133622432468246,-0.2780887148615228,-0.15805514242143848,0.4981640015159805,0.8280778483556537,0.08753907644140745,-0.624359880068644,-0.5846832053037977,1.2098989717466637,0.4445860781223135,0.929656357014859
-0.4697699570350033,-0.5020146421341568,-0.3520352576771519,-0.2780887148615228,-0.3113135822967252,1.5389068236955115,0.09781808917504208,-0.45029164988582526,-0.5077973146584166,-0.11911571482358309,1.1647651596888928,0.43012069911944856,-0.6731482396302128
-0.4073437235449203,0.36955353759166765,-1.0222515999742887,-0.2780887148615228,0.15697609509998317,0.12093532567972513,-0.5715866900738517,-0.4426618242714401,-0.5077973146584166,-0.8446754402472941,-2.400805992874955,0.3722591831079889,-1.3263076498926798
0.051598512092893456,-0.5020146421341568,1.04096341454827,-0.2780887148615228,0.22509095726677725,0.758857763712493,-0.5966446229869119,0.09464105248498603,1.7068914281359044,1.5859496399221378,0.8488284752845014,0.3538487007407061,-0.289619177437344
0.34348634229536296,-0.5020146421341568,1.04096341454827,-0.2780887148615228,1.5618451272901102,1.2083566531290413,1.1251933386105102,-0.8587992313654588,1.7068914281359044,1.5859496399221378,0.8488284752845014,0.43132614736968744,0.5787494072092472
-0.4813857069898665,2.984258076769141,-0.8791553003117194,-0.2780887148615228,-1.239378579319294,-0.13169584589847802,-1.45577375143469,0.6344872044462073,-0.624359880068644,-0.9595557301060483,0.3974903547067991,0.4445860781223135,-1.3088619459869748
-0.4791050357818309,-0.5020146421341568,-0.9463229511737418,-0.2780887148615228,-0.9158329840270221,-2.015733079451846,-0.7362531063596758,0.4726293315070785,-0.7409224454788714,-0.9474630680156532,0.08155367030240779,0.4445860781223135,-0.39610941160345997
-0.45848964298678124,0.4567103555642501,-0.7462801649107619,-0.2780887148615228,-1.0690914239023088,0.3450755553906848,0.05844133745451911,1.9964350697762856,-0.2746721838379617,-0.44561759126425304,0.3523565426490298,0.3594375971736311,0.8547993669902679
-0.467985848151646,0.5874455825231237,-0.8528723064961454,-0.2780887148615228,-0.8817755529436251,0.3862709083602644,-0.9009195226455,2.008911514177167,-0.15810961842773427,-0.7237488193433422,0.6231594149956503,0.43012069911944856,-0.3871100578068225
-0.48452173975983676,3.420042166632053,-1.4189057816409931,-0.2780887148615228,-1.3074934414860875,-1.1217120828260145,-1.6705560335466345,2.3523496394737413,-0.5077973146584166,-1.0744360199648026,-0.18924920204421428,0.43395621627929937,-1.0744825874831525
-0.4218040871709492,-0.5020146421341568,-0.6966345099257888,-0.2780887148615228,-0.4475433066303133,-0.03959245768674004,-1.6884545570559633,-0.2012426251143818,-0.15810961842773427,-0.5846832053037977,-0.41491826233306545,0.2631113233590981,-1.2616052210625635
-0.36893557984170877,-0.5020146421341568,-0.4133622432468246,-0.2780887148615228,-0.15805514242143848,0.4216300585091114,-1.1443394423723703,0.0009717468291368866,-0.624359880068644,-0.5846832053037977,1.2098989717466637,-0.7379586553618993,-0.1265734259106828
-0.47487034055868976,2.1126898970433166,-1.3551695216382262,-0.2780887148615228,-1.239378579319294,-1.8017506115310555,-1.1693973752854308,2.6048392837203505,-0.624359880068644,0.044135223396751896,-0.008713953813132362,0.15834691179289404,-0.9881017340876372
-0.4226932120413908,-0.5020146421341568,-0.055621494090400805,3.5959747611403814,-0.5752586731930522,1.348318733451022,1.1251933386105102,0.03864101165487544,-0.624359880068644,-0.7660731366597254,0.12668748236017865,0.4445860781223135,1.5235908418656077
0.79030161779745,-0.5020146421341568,1.04096341454827,-0.2780887148615228,1.1616703120601948,0.408480602392394,1.0822368821881212,-0.9927290633764603,1.7068914281359044,1.5859496399221378,0.8488284752845014,0.3906696654752717,0.6552043387702284
-0.4811557356477589,0.5874455825231237,-0.8922967972195063,-0.2780887148615228,-1.111663212756555,0.25208461550201594,-1.301846449254463,0.7707683663635289,-0.624359880068644,-0.741887812478935,0.307222730591259,0.4445860781223135,-0.8175831226850023
-0.48246818356195276,2.766366031837685,-1.171188564929208,-0.2780887148615228,-1.0946344972148565,0.06095368801641691,-1.6741357382485005,0.7709603116620038,-0.7409224454788714,-0.9172314127896652,-0.008713953813132362,0.43066863014228446,-1.1411662716277857
0.19736811770552432,-0.5020146421341568,1.04096341454827,-0.2780887148615228,1.3319574674771801,1.0888330081877875,0.6920490696847557,-0.582493974210551,1.7068914281359044,1.5859496399221378,0.8488284752845014,-3.7900440387618453,0.9308514290255426
-0.45892468431548167,-0.5020146421341568,-0.5929627009865802,-0.2780887148615228,-0.9243473417978714,-0.2230929848884019,-1.26246969753394,0.6266654335333468,-0.7409224454788714,-1.0321117026484194,-0.18924920204421428,0.4445860781223135,0.20795904963624198
0.3496106109663948,-0.5020146421341568,1.04096341454827,-0.2780887148615228,-0.20914128904653403,-0.4249242813630829,0.2266874584422091,-0.22206868999893029,1.7068914281359044,1.5859496399221378,0.8488284752845014,0.40261456177309174,-0.6893442111568107
1.3887471061718666,-0.5020146421341568,1.04096341454827,-0.2780887148615228,1.5618451272901102,0.10481632498342403,1.0034833787470747,-0.9112002978491613,1.7068914281359044,1.5859496399221378,0.8488284752845014,-1.269122988898919,1.609900403902432
-0.4709022363181192,2.984258076769141,-1.3230458625303023,-0.2780887148615228,-1.2223498637775954,2.5480612120517394,-1.7564689463914125,2.6048392837203505,-0.624359880068644,-0.42143226708346265,1.3001665958622037,0.2159892553952202,-0.9975969622806753
-0.4737614978454701,-0.5020146421341568,0.27145576228118673,-0.2780887148615228,-1.0180052772772132,-2.3098163596215504,-0.8150066098007223,0.14205154120833585,-0.5077973146584166,-0.0344670801908168,0.17182129441794794,0.3356573907825574,-0.3057635803107674
5.131201122209401,-0.5020146421341568,1.04096341454827,-0.2780887148615228,1.1616703120601948,0.3545131376009246,1.1251933386105102,-1.1060247758013888,1.7068914281359044,1.5859496399221378,0.8488284752845014,0.4445860781223135,2.5653865776135283
-0.4660669789913849,-0.5020146421341568,-0.3520352576771519,-0.2780887148615228,-0.3113135822967252,-0.673701164121968,0.767222868423936,-0.6590801483021164,-0.5077973146584166,-0.11911571482358309,1.1647651596888928,0.39845028599953974,-0.015158933779956639
-0.4813739887049183,3.420042166632053,-1.2106130556525694,-0.2780887148615228,-1.1959553546879624,1.4773315312912925,-1.2660494022358055,0.6351110266662516,-0.624359880068644,-1.0865286820551978,-1.6335311878928616,0.3994365618406439,-1.2463169710557147
1.8387438960373788,-0.5020146421341568,1.04096341454827,-0.2780887148615228,0.9743544411015121,-0.03026759301112614,1.0929759962937184,-1.0918208237142313,1.7068914281359044,1.5859496399221378,0.8488284752845014,0.4445860781223135,1.2324796130404454
-0.45965561233912305,-0.5020146421341568,2.1433889884792903,-0.2780887148615228,0.446464259308858,1.0983481017488044,1.0643383586787925,-0.978477124964684,-0.624359880068644,1.5859496399221378,0.8036946632267322,-0.13457701301512162,1.6146877046221007
-0.4677426937389717,0.042715470194483476,-0.7156166721259256,-0.2780887148615228,-1.2564072948609926,1.2496614035280476,-1.2732088116395373,1.2973223064053496,-0.624359880068644,-0.3549226255862892,0.2620889185334881,0.4445860781223135,-0.5261484864421171
0.5979957730844405,-0.5020146421341568,1.04096341454827,-0.2780887148615228,0.3442919660586669,-1.6136956098967297,1.05001953987133,-1.122772003093341,1.7068914281359044,1.5859496399221378,0.8488284752845014,-0.4568700406471366,1.9825370241838538
-0.4813183268514145,2.984258076769141,-1.0704370886361745,-0.2780887148615228,-1.3500652303403338,-0.31337054569780115,-1.7707877651988753,2.603654021502267,-0.9740475762993263,-0.5363125569422169,-0.8662563829107678,0.42573725093676246,-0.4948094505057507
1.2093987550402843,-0.5020146421341568,1.04096341454827,-0.2780887148615228,1.2212708164561397,-0.14159748509303782,1.017802197554538,-0.971471121570343,1.7068914281359044,1.5859496399221378,0.8488284752845014,0.4445860781223135,1.8725914164660522
-0.4481834113748749,-0.5020146421341568,-0.1563729703834344,-0.2780887148615228,-0.10696899579634292,-0.24204048824418511,0.7815416872313992,-0.4608966276265746,-0.624359880068644,-0.6028221984393904,0.036419858244636914,0.43801090584828434,-0.10759932869322922
-0.4209061735867965,-0.5020146421341568,-0.6966345099257888,3.5959747611403814,-0.42200023331776554,-0.8397845319161458,-0.07400773651451346,-0.06841647856961211,-0.15810961842773427,-0.5846832053037977,-0.41491826233306545,0.042404707360839955,-0.6022326832457334
0.21835849561891513,-0.5020146421341568,1.04096341454827,-0.2780887148615228,1.3319574674771801,0.5581637495127372,0.767222868423936,-0.574384285349978,1.7068914281359044,1.5859496399221378,0.8488284752845014,-1.1079216819806283,0.5540451413038674
-0.43655301356382653,-0.5020146421341568,-0.5243348838014704,-0.2780887148615228,-0.5412012421096551,0.836703317584576,-1.0190497778070695,0.4446533042543325,-0.5077973146584166,-0.7056098262077495,0.578025602937881,0.4445860781223135,-0.9065566832959147
-0.4823041275726785,0.7181808094819975,0.5941525196835118,-0.2780887148615228,-0.7881176174642832,-0.4939611797345733,-1.4199767044160327,-0.06169839312298347,-0.624359880068644,-0.8083974539761085,-0.05384776587090324,0.43833966446198547,-0.9006781929951004
-0.43490659452861014,-0.5020146421341568,1.5943664509984115,-0.2780887148615228,0.5741796258715969,-1.21871306186058,1.0679180633806586,-0.9331780345245603,-0.624359880068644,0.20133983057188928,1.3001665958622037,0.41368276843437474,0.31963689261728573
-0.47622966161267627,-0.5020146421341568,-1.0105702693895895,-0.2780887148615228,-0.39645716000521775,-0.06723982141093411,-0.7648907439746017,-0.11496321344982406,-0.5077973146584166,-0.6511928468009711,-0.775988758795226,0.4043679410461666,-0.32645479640751945
3.313226395351926,-0.5020146421341568,1.04096341454827,-0.2780887148615228,1.0424693032683061,-1.1221830492592642,0.7350055261071441,-1.0302543692283426,1.7068914281359044,1.5859496399221378,0.8488284752845014,-2.509200479780891,2.0167961658338074
-0.31177525065020495,-0.5020146421341568,1.5943664509984115,-0.2780887148615228,0.5741796258715969,1.9751407853156469,1.0428601304675982,-0.7310596352302792,-0.624359880068644,0.20133983057188928,1.3001665958622037,0.4445860781223135,-0.004671334597270265
-0.47748937724460344,-0.5020146421341568,-0.9609246144046163,-0.2780887148615228,-0.975433488422967,-1.2725801947084456,-0.582325804179449,2.0246030423275068,-0.7409224454788714,-0.31259830826990603,0.2169551064757188,0.09073222357495736,0.026641441278698393
0.180821899358723,-0.5020146421341568,1.04096341454827,-0.2780887148615228,1.3745292563314264,0.41823268854692786,0.6920490696847557,-1.0467136785725826,1.7068914281359044,1.5859496399221378,0.8488284752845014,-0.017867705151097514,-0.7714023170542201
-0.400085710805154,-0.5020146421341568,1.5943664509984115,-0.2780887148615228,0.5741796258715969,0.3420694971973457,1.05001953987133,-0.70399534814529,-0.624359880068644,0.20133983057188928,1.3001665958622037,0.3225070462344985,-0.1660441443151686
0.8658186403602459,-0.5020146421341568,1.04096341454827,-0.2780887148615228,0.6337801302675418,0.2440371523069006,1.1251933386105102,-1.241854866267294,1.7068914281359044,1.5859496399221378,0.8488284752845014,0.10760849907829946,-0.46389843206185927
2.268892840771946,-0.5020146421341568,1.04096341454827,-0.2780887148615228,0.3442919660586669,-0.25672611447051985,1.1251933386105102,-1.0751695690715162,1.7068914281359044,1.5859496399221378,0.8488284752845014,-3.5893916981993774,3.043274041288435
1.6258226585293196,-0.5020146421341568,1.04096341454827,-0.2780887148615228,1.5618451272901102,-0.543978442863891,0.8853531235855054,-0.8598549305070717,1.7068914281359044,1.5859496399221378,0.8488284752845014,-3.603637904793108,0.8179666996453215
1.5716109427878966,-0.5020146421341568,1.04096341454827,-0.2780887148615228,0.3442919660586669,-0.09533855748388294,1.1251933386105102,-1.0878379587708729,1.7068914281359044,1.5859496399221378,0.8488284752845014,-3.520790734140336,1.2413516355551786
-0.4789160784370418,-0.5020146421341568,-0.9463229511737418,-0.2780887148615228,-0.9158329840270221,-0.9059744303437521,-0.8400645427137823,0.3036214961997522,-0.7409224454788714,-0.9474630680156532,0.08155367030240779,0.43461373350670235,0.04183509864864012
-0.4725823454225616,-0.5020146421341568,0.27145576228118673,-0.2780887148615228,-1.0180052772772132,-0.9612866935615948,-0.843644247415648,0.3398031849623088,-0.5077973146584166,-0.0344670801908168,0.17182129441794794,0.2947817364790075,-0.5031461982920825
