CRIM,ZN,INDUS,CHAS,NOX,RM,AGE,DIS,RAD,TAX,PTRATIO,B,LSTAT,MEDV
0.00632,18.0,2.31,0,0.538,0.6002980327618318,65.2,4.09,1,296,15.3,396.9,800.9747473861634,24.0
0.02731,0.0,7.07,0,0.469,0.7287680027203278,78.9,4.9671,2,242,17.8,396.9,1414.083464574791,21.6
0.02729,0.0,7.07,0,0.469,0.5985069084842938,61.1,4.9671,2,242,17.8,392.83,632.2801678781622,34.7
0.03237,0.0,2.18,0,0.458,0.7558461516302728,45.8,6.0622,3,222,18.7,394.63,440.19807054686214,33.4
0.06905,0.0,2.18,0,0.458,0.8128214872539528,54.2,6.0622,3,222,18.7,396.9,851.526395962603,36.2
0.02985,0.0,2.18,0,0.458,0.5272679927499929,58.7,6.0622,3,222,18.7,394.12,833.9367306334129,28.7
0.08829,12.5,7.87,0,0.524,0.7565030846129357,66.6,5.5605,5,311,15.2,395.6,1909.8988914437853,22.9
0.14455,12.5,7.87,0,0.524,0.6638045495303166,96.1,5.9505,5,311,15.2,396.9,3006.623054683731,27.1
0.21124,12.5,7.87,0,0.524,0.2677278511334068,100.0,6.0821,5,311,15.2,386.63,4671.14487369785,16.5
0.17004,12.5,7.87,0,0.524,0.7641520852625374,85.9,6.5921,5,311,15.2,386.71,2689.350771172614,18.9
0.22489,12.5,7.87,0,0.524,0.7925712668741351,94.3,6.3467,5,311,15.2,392.52,3200.9293662497807,15.0
0.11747,12.5,7.87,0,0.524,0.6213363041635818,82.9,6.2267,5,311,15.2,396.9,2059.1801741063387,18.9
0.09378,12.5,7.87,0,0.524,0.5282173397265157,39.0,5.4509,5,311,15.2,390.5,2475.607214087065,21.7
0.62976,0.0,8.14,0,0.538,0.7784772918083454,61.8,4.7075,4,307,21.0,396.9,1277.8131258842334,20.4
0.63796,0.0,8.14,0,0.538,0.6135959555111682,84.5,4.4619,4,307,21.0,380.02,1629.0564647409042,18.2
0.62739,0.0,8.14,0,0.538,0.49032074670836223,56.5,4.4986,4,307,21.0,395.62,1325.3645290200957,19.9
1.05393,0.0,8.14,0,0.538,0.4304110018099459,29.3,4.4986,4,307,21.0,386.85,986.7660595718946,23.1
0.7842,0.0,8.14,0,0.538,0.7242083932425912,81.7,4.2579,4,307,21.0,386.75,2292.320984832265,17.5
0.80271,0.0,8.14,0,0.538,0.4999713208719122,36.6,3.7965,4,307,21.0,288.99,1806.3210691859501,20.2
0.7258,0.0,8.14,0,0.538,0.7909964178265355,69.5,3.7965,4,307,21.0,390.95,1759.979750733209,18.2
1.25179,0.0,8.14,0,0.538,0.8627539227037307,98.1,3.7979,4,307,21.0,376.57,3277.893350280575,13.6
0.85204,0.0,8.14,0,0.538,0.6250724636449256,89.2,4.0123,4,307,21.0,392.53,2136.9045967228362,19.6
1.23247,0.0,8.14,0,0.538,0.3482338886109235,91.7,3.9769,4,307,21.0,396.9,2968.6470282905693,15.2
0.98843,0.0,8.14,0,0.538,0.4226244801251532,100.0,4.0952,4,307,21.0,394.54,3068.3035365133837,14.5
0.75026,0.0,8.14,0,0.538,0.7197929045382858,94.1,4.3996,4,307,21.0,394.33,2527.397759131776,15.6
0.84054,0.0,8.14,0,0.538,0.45002323234670394,85.7,4.4546,4,307,21.0,303.42,2594.7880757952807,13.9
0.67191,0.0,8.14,0,0.538,0.6731451402187011,90.3,4.682,4,307,21.0,376.88,2347.923023587282,16.6
0.95577,0.0,8.14,0,0.538,0.6604658046864382,88.8,4.4534,4,307,21.0,306.38,2709.8596782610744,14.8
0.77299,0.0,8.14,0,0.538,0.7003669651054903,94.4,4.4547,4,307,21.0,387.94,1986.4559350326854,18.4
1.00245,0.0,8.14,0,0.538,0.6913323740886433,87.3,4.239,4,307,21.0,380.23,1876.2327201044793,21.0
1.13081,0.0,8.14,0,0.538,0.5598192142790046,94.1,4.233,4,307,21.0,360.17,3528.6079252593076,12.7
1.35472,0.0,8.14,0,0.538,0.5111490096317243,100.0,4.175,4,307,21.0,376.73,2048.4779515004825,14.5
1.38799,0.0,8.14,0,0.538,0.587939842859314,82.0,3.99,4,307,21.0,232.6,4341.361663690085,13.2
1.15172,0.0,8.14,0,0.538,0.6662042538275538,95.0,3.7872,4,307,21.0,358.77,2887.8776673879693,13.1
1.61282,0.0,8.14,0,0.538,0.503914266323196,96.9,3.7598,4,307,21.0,248.31,3190.9053901375632,13.5
0.06417,0.0,5.96,0,0.499,0.7248192138381429,68.2,3.3603,5,279,19.2,396.9,1500.8446152979743,18.9
0.09744,0.0,5.96,0,0.499,0.7615464948656563,61.4,3.3779,5,279,19.2,377.56,1773.0403661303671,20.0
0.08014,0.0,5.96,0,0.499,0.5261388995885674,41.5,3.9342,5,279,19.2,396.9,1389.434449945882,21.0
0.17505,0.0,5.96,0,0.499,0.5234908651414512,30.2,3.8473,5,279,19.2,393.43,1574.6763933380225,24.7
0.02763,75.0,2.95,0,0.428,0.7427183020257464,21.8,5.4011,3,252,18.3,395.63,689.5947245257719,30.8
0.03359,75.0,2.95,0,0.428,0.6407166223922675,15.8,5.4011,3,252,18.3,395.62,280.7731961196359,34.9
0.12744,0.0,6.91,0,0.448,0.6577430287552372,2.9,5.7209,3,233,17.9,385.41,786.1739734335944,26.6
0.1415,0.0,6.91,0,0.448,0.46279391714322526,6.6,5.7209,3,233,17.9,383.37,914.6857262434362,25.3
0.15936,0.0,6.91,0,0.448,0.6156068078507084,6.5,5.7209,3,233,17.9,394.46,1165.5658094752027,24.7
0.12269,0.0,6.91,0,0.448,0.6526221192955246,40.0,5.7209,3,233,17.9,389.39,1496.354604438689,21.2
0.17142,0.0,6.91,0,0.448,0.6650175739973654,33.8,5.1004,3,233,17.9,396.9,1591.3686168410152,19.3
0.18836,0.0,6.91,0,0.448,0.5056413049409701,33.3,5.1004,3,233,17.9,396.9,2174.1996081947204,20.0
0.22927,0.0,6.91,0,0.448,0.46572443945135156,85.5,5.6894,3,233,17.9,392.74,2983.010537294645,16.6
0.25387,0.0,6.91,0,0.448,0.320302632926875,95.3,5.87,3,233,17.9,396.9,4840.005859557642,14.4
0.21977,0.0,6.91,0,0.448,0.5387123003575988,62.0,6.0877,3,233,17.9,396.9,2549.380599876225,19.4
0.08873,21.0,5.64,0,0.439,0.6347952667440593,45.7,6.8147,4,243,16.8,395.56,2099.419196885407,19.7
0.04337,21.0,5.64,0,0.439,0.7410681787438576,63.0,6.8147,4,243,16.8,393.97,1455.2622878743693,20.5
0.0536,21.0,5.64,0,0.439,0.5570464071994485,21.1,6.8147,4,243,16.8,396.9,846.2616615119452,25.0
0.04981,21.0,5.64,0,0.439,0.7765042517103211,21.4,6.8147,4,243,16.8,396.9,1339.1167929481915,23.4
0.0136,75.0,4.0,0,0.41,0.533460514757262,47.6,7.3197,3,469,21.1,396.9,2338.1091539165923,18.9
0.01311,90.0,1.22,0,0.403,0.9130448008021473,21.9,8.6966,5,226,17.9,395.93,763.3252128444454,35.4
0.02055,85.0,0.74,0,0.41,0.4957921074149201,35.7,9.1876,2,313,17.3,396.9,922.7638712221691,24.7
0.01432,100.0,1.32,0,0.411,0.5532055929567297,40.5,8.3248,5,256,15.1,392.9,598.0265943191984,31.6
0.15445,25.0,5.13,0,0.453,0.5747364649248363,29.2,7.8148,8,284,19.7,390.68,1090.9104920261045,23.3
0.10328,25.0,5.13,0,0.453,0.376255199979253,47.2,6.932,8,284,19.7,396.9,1428.003515274796,19.6
0.14932,25.0,5.13,0,0.453,0.3560311548453071,66.2,7.2254,8,284,19.7,395.11,2068.245477770443,18.7
0.17171,25.0,5.13,0,0.453,0.4280279431043189,93.4,6.8185,8,284,19.7,378.08,2261.4256516812466,16.0
0.11027,25.0,5.13,0,0.453,0.5305745844546746,67.8,7.2255,8,284,19.7,396.9,1049.9808863764947,22.2
0.1265,25.0,5.13,0,0.453,0.5415687183971094,43.4,7.9809,8,284,19.7,395.58,1519.2731794799697,25.0
0.01951,17.5,1.38,0,0.4161,0.6461389048241942,59.5,9.2229,3,216,18.6,393.24,1256.6412594886212,33.0
0.03584,80.0,3.37,0,0.398,0.5637004466329373,17.8,6.6115,4,337,16.1,396.9,706.7879994475137,23.5
0.04379,80.0,3.37,0,0.398,0.6387799973361002,31.1,6.6115,4,337,16.1,396.9,1587.65089747111,19.4
0.05789,12.5,6.07,0,0.409,0.5650269223260432,21.4,6.498,4,345,18.9,396.21,1237.9984384474674,22.0
0.13554,12.5,6.07,0,0.409,0.69811564746362,36.8,6.498,4,345,18.9,396.9,2058.0593097792193,17.4
0.12816,12.5,6.07,0,0.409,0.6938274715939313,33.0,6.498,4,345,18.9,396.9,1366.5109302738044,20.9
0.08826,0.0,10.81,0,0.413,0.6355646571229714,6.6,5.2873,4,305,19.2,383.73,1031.7465170149544,24.2
0.15876,0.0,10.81,0,0.413,0.3405030248354036,17.5,5.2873,4,305,19.2,376.94,1565.0948202546954,21.7
0.09164,0.0,10.81,0,0.413,0.8059395866048334,7.8,5.2873,4,305,19.2,390.91,887.5750224575987,22.8
0.19539,0.0,10.81,0,0.413,0.7238336548119992,6.2,5.2873,4,305,19.2,377.17,1161.2764428205028,23.4
0.07896,0.0,12.83,0,0.437,0.7414716351158274,6.0,4.2515,5,398,18.7,394.92,1065.8447099900554,24.1
0.09512,0.0,12.83,0,0.437,0.4092797278946818,45.0,4.5026,5,398,18.7,383.23,1391.710938934463,21.4
0.10153,0.0,12.83,0,0.437,0.5828864943845871,74.5,4.0522,5,398,18.7,373.66,1871.157089522922,20.0
0.08707,0.0,12.83,0,0.437,0.5592463632466158,45.8,4.0905,5,398,18.7,386.96,1608.85135259734,20.8
0.05646,0.0,12.83,0,0.437,0.6018814835615509,53.7,5.0141,5,398,18.7,386.4,1975.0767702802095,21.2
0.08387,0.0,12.83,0,0.437,0.3819059546010901,36.6,4.5026,5,398,18.7,396.06,1419.156776067396,20.3
0.04113,25.0,4.86,0,0.426,0.555544531240562,33.5,5.4007,4,281,19.0,396.9,818.844657345706,28.0
0.04462,25.0,4.86,0,0.426,0.7908401943763104,70.4,5.4007,4,281,19.0,395.63,1149.3835977909353,23.9
0.03659,25.0,4.86,0,0.426,0.5569669341796837,32.2,5.4007,4,281,19.0,396.9,1045.8041923780752,24.8
0.03551,25.0,4.86,0,0.426,0.6361820437743646,46.7,5.4007,4,281,19.0,390.64,1229.7004165625533,22.9
0.05059,0.0,4.49,0,0.449,0.537189191182762,48.0,4.7794,3,247,18.5,396.9,1509.42568641709,23.9
0.05735,0.0,4.49,0,0.449,0.4083351866518675,56.1,4.4377,3,247,18.5,392.3,1018.4924509893638,26.6
0.05188,0.0,4.49,0,0.449,0.7070362424442922,45.1,4.4272,3,247,18.5,395.99,1991.4094331472245,22.5
0.07151,0.0,4.49,0,0.449,0.623304580185081,56.8,3.7476,3,247,18.5,395.15,1316.6388662609668,22.2
0.0566,0.0,3.41,0,0.489,0.7820538998679163,86.3,3.4217,2,270,17.8,396.9,876.5056009950567,23.6
0.05302,0.0,3.41,0,0.489,0.7035852119961843,63.1,3.4145,2,270,17.8,396.06,890.2041172506122,28.7
0.04684,0.0,3.41,0,0.489,0.8961648376869334,66.1,3.0923,2,270,17.8,392.18,1351.772414264373,22.6
0.03932,0.0,3.41,0,0.489,0.7256372295036524,73.9,3.0921,2,270,17.8,393.55,1247.544414704112,22.0
0.04203,28.0,15.04,0,0.464,0.6756460293310278,53.6,3.6659,4,270,18.2,395.01,1291.2977184530553,22.9
0.02875,28.0,15.04,0,0.464,0.6033062493339626,28.9,3.6659,4,270,18.2,396.33,954.5112113916064,25.0
0.04294,28.0,15.04,0,0.464,0.5481343249845705,77.3,3.615,4,270,18.2,396.9,1649.1532256106696,20.6
0.12204,0.0,2.89,0,0.445,0.6404389214830382,57.8,3.4952,2,276,18.0,357.98,1037.5078327170315,28.4
0.11504,0.0,2.89,0,0.445,0.5398687018016374,69.6,3.4952,2,276,18.0,391.83,1739.736283946675,21.4
0.12083,0.0,2.89,0,0.445,0.8322441514291133,76.0,3.4952,2,276,18.0,396.9,669.1201502882103,38.7
0.08187,0.0,2.89,0,0.445,0.7596919349424969,36.9,3.4952,2,276,18.0,393.53,520.269102592415,43.8
0.0686,0.0,2.89,0,0.445,0.7734615180878479,62.5,3.4952,2,276,18.0,396.9,985.9363939891942,33.2
0.14866,0.0,8.56,0,0.52,0.8681452633895489,79.9,2.7778,5,384,20.9,394.76,1445.4316374995217,27.5
0.11432,0.0,8.56,0,0.52,0.6349429689280632,71.3,2.8561,5,384,20.9,395.58,1204.8642503974377,26.5
0.22876,0.0,8.56,0,0.52,0.6779675735063285,85.4,2.7147,5,384,20.9,70.8,1653.9184132388161,18.6
0.21161,0.0,8.56,0,0.52,0.6315383885184396,87.4,2.7147,5,384,20.9,394.47,2074.5434640476933,19.3
0.1396,0.0,8.56,0,0.52,0.6208349751080361,90.0,2.421,5,384,20.9,392.69,1928.7247035118382,20.1
0.13262,0.0,8.56,0,0.52,0.5427564029596907,96.7,2.1069,5,384,20.9,394.05,2584.3550488742126,19.5
0.1712,0.0,8.56,0,0.52,0.7622531884710627,91.9,2.211,5,384,20.9,395.67,2923.504919949019,19.5
0.13117,0.0,8.56,0,0.52,0.5851451097349958,85.2,2.1224,5,384,20.9,387.69,2175.4944077092846,20.4
0.12802,0.0,8.56,0,0.52,0.4651708942204603,97.1,2.4329,5,384,20.9,395.24,1888.8170716989866,19.8
0.26363,0.0,8.56,0,0.52,0.4242861480047098,91.2,2.5451,5,384,20.9,391.23,2418.808050068828,19.4
0.10793,0.0,8.56,0,0.52,0.6193407712286741,54.4,2.7778,5,384,20.9,393.49,2073.538657870468,21.7
0.10084,0.0,10.01,0,0.547,0.699628450932652,81.6,2.6775,6,432,17.8,395.59,1611.234535366237,22.8
0.12329,0.0,10.01,0,0.547,0.7132338290034252,92.9,2.3534,6,432,17.8,394.95,2544.2469869234997,18.8
0.22212,0.0,10.01,0,0.547,0.6904619919115355,95.4,2.548,6,432,17.8,396.9,2659.353984307571,18.7
0.14231,0.0,10.01,0,0.547,0.6212463051512367,84.2,2.2565,6,432,17.8,388.74,1619.2958428401735,18.5
0.17134,0.0,10.01,0,0.547,0.6440773584914159,88.2,2.4631,6,432,17.8,344.91,2429.513198428961,18.3
0.13158,0.0,10.01,0,0.547,0.8652829054031973,72.5,2.7301,6,432,17.8,393.3,1862.7624215214892,21.2
0.15098,0.0,10.01,0,0.547,0.6799713554228471,82.6,2.7474,6,432,17.8,394.51,1613.5804723383073,19.2
0.13058,0.0,10.01,0,0.547,0.5141125851940049,73.1,2.4775,6,432,17.8,338.63,2427.805852408245,20.4
0.14476,0.0,10.01,0,0.547,0.6623956767804511,65.2,2.7592,6,432,17.8,391.5,2146.7163926700237,19.3
0.06899,0.0,25.65,0,0.581,0.4200830753198943,69.7,2.2577,2,188,19.1,389.15,2238.289805905716,22.0
0.07165,0.0,25.65,0,0.581,0.5593147869523285,84.1,2.1974,2,188,19.1,377.67,2229.8161226514685,20.3
0.09299,0.0,25.65,0,0.581,0.6619269964256029,92.9,2.0869,2,188,19.1,378.09,2779.999335289085,20.5
0.15038,0.0,25.65,0,0.581,0.5382985145614021,97.0,1.9444,2,188,19.1,370.31,3974.00471814999,17.3
0.09849,0.0,25.65,0,0.581,0.5878954605335261,95.8,2.0063,2,188,19.1,379.38,2732.3876029573776,18.8
0.16902,0.0,25.65,0,0.581,0.3145271885942013,88.4,1.9929,2,188,19.1,385.02,2338.854238848279,21.4
0.38735,0.0,25.65,0,0.581,0.7014572948087314,95.6,1.7572,2,188,19.1,359.29,4302.40713323287,15.7
0.25915,0.0,21.89,0,0.624,0.4908818359489485,96.0,1.7883,4,437,21.2,392.11,2700.5363742958775,16.2
0.32543,0.0,21.89,0,0.624,0.529545142004778,98.8,1.8125,4,437,21.2,396.9,2395.9522531822495,18.0
0.88125,0.0,21.89,0,0.624,0.6566020064772672,94.7,1.9799,4,437,21.2,396.9,2856.705774226798,14.3
0.34006,0.0,21.89,0,0.624,0.6939436228210601,98.9,2.1185,4,437,21.2,395.04,1947.530366006247,19.2
1.19294,0.0,21.89,0,0.624,0.3078315590272295,97.7,2.271,4,437,21.2,396.9,1940.4707528652377,19.6
0.59005,0.0,21.89,0,0.624,0.6094387302674978,97.9,2.3274,4,437,21.2,385.76,1762.911774539014,23.0
0.32982,0.0,21.89,0,0.624,0.6264513073855141,95.4,2.4699,4,437,21.2,388.69,2360.1480003232887,18.4
0.97617,0.0,21.89,0,0.624,0.4595499666594023,98.4,2.346,4,437,21.2,262.76,2698.647605442627,15.6
0.55778,0.0,21.89,0,0.624,0.5620953566299264,98.2,2.1107,4,437,21.2,394.67,2699.353302108076,18.1
0.32264,0.0,21.89,0,0.624,0.7708945477665091,93.5,1.9669,4,437,21.2,378.25,2659.1527795739516,17.4
0.35233,0.0,21.89,0,0.624,0.5600857282002144,98.4,1.8498,4,437,21.2,394.08,2297.173470717373,17.1
0.2498,0.0,21.89,0,0.624,0.6156646562644981,98.2,1.6686,4,437,21.2,392.04,3362.027249740406,13.3
0.54452,0.0,21.89,0,0.624,0.6401859855864331,97.9,1.6687,4,437,21.2,396.9,2880.1493962162253,17.8
0.2909,0.0,21.89,0,0.624,0.534056325709947,93.6,1.6119,4,437,21.2,388.08,3796.131537481305,14.0
1.62864,0.0,21.89,0,0.624,0.655449368964905,100.0,1.4394,4,437,21.2,396.9,5384.070508379701,14.4
3.32105,0.0,19.58,1,0.871,0.27858097640801316,100.0,1.3216,5,403,14.7,396.9,4194.069293280671,13.4
4.0974,0.0,19.58,0,0.871,0.49247081976489077,100.0,1.4118,5,403,14.7,396.9,4140.534933962774,15.6
2.77974,0.0,19.58,0,0.871,0.4546718509623478,97.8,1.3459,5,403,14.7,396.9,4515.60920634481,11.8
2.37934,0.0,19.58,0,0.871,0.6046661092527978,100.0,1.4191,5,403,14.7,172.91,4322.401235072355,13.8
2.15505,0.0,19.58,0,0.871,0.4060032524624828,100.0,1.5166,5,403,14.7,169.27,2591.919016169459,15.6
2.36862,0.0,19.58,0,0.871,0.4811065926754047,95.7,1.4608,5,403,14.7,391.71,4601.096173451873,14.6
2.33099,0.0,19.58,0,0.871,0.47257928525097725,93.8,1.5296,5,403,14.7,356.99,4433.099735426677,17.8
2.73397,0.0,19.58,0,0.871,0.40203180743372485,94.9,1.5257,5,403,14.7,351.85,3359.489174953496,15.4
1.6566,0.0,19.58,0,0.871,0.5080568774345651,97.3,1.618,5,403,14.7,372.8,2212.199796651444,21.5
1.49632,0.0,19.58,0,0.871,0.5759112532360104,100.0,1.5916,5,403,14.7,341.6,2080.7243173649767,19.6
1.12658,0.0,19.58,1,0.871,0.5004220978334224,88.0,1.6102,5,403,14.7,343.28,1940.6016204377108,15.3
2.14918,0.0,19.58,0,0.871,0.6283024404695414,98.5,1.6232,5,403,14.7,261.95,2490.2787833869074,19.4
1.41385,0.0,19.58,1,0.871,0.4597719144952268,96.0,1.7494,5,403,14.7,321.02,2395.991725340586,17.0
3.53501,0.0,19.58,1,0.871,0.8032459491682704,82.6,1.7455,5,403,14.7,88.01,2346.4971442473743,15.6
2.44668,0.0,19.58,0,0.871,0.6176857572119026,94.0,1.7364,5,403,14.7,88.63,2539.2284174089878,13.1
1.22358,0.0,19.58,0,0.605,0.6086307319503079,97.4,1.8773,5,403,14.7,363.43,663.5442119518722,41.3
1.34284,0.0,19.58,0,0.605,0.43736730299239673,100.0,1.7573,5,403,14.7,353.89,993.3527700850494,24.3
1.42502,0.0,19.58,0,0.871,0.5909535228196244,100.0,1.7659,5,403,14.7,364.31,1190.176333029734,23.3
1.27346,0.0,19.58,1,0.605,0.44118414499886693,92.6,1.7984,5,403,14.7,338.92,834.490144968254,27.0
1.46336,0.0,19.58,0,0.605,0.527863335310487,90.8,1.9709,5,403,14.7,374.43,320.3519791291619,50.0
1.83377,0.0,19.58,1,0.605,0.8334190395777795,98.2,2.0407,5,403,14.7,389.61,299.8318083857618,50.0
1.51902,0.0,19.58,1,0.605,1.040580326861971,93.9,2.162,5,403,14.7,388.45,506.1853325042783,50.0
2.24236,0.0,19.58,0,0.605,0.6121084479677834,91.8,2.422,5,403,14.7,395.11,1786.058088593989,22.7
2.924,0.0,19.58,0,0.605,0.34795309814036524,93.0,2.2834,5,403,14.7,240.16,1593.6419804365712,25.0
2.01019,0.0,19.58,0,0.605,0.6982695584508202,96.2,2.0459,5,403,14.7,369.3,549.3817526800168,50.0
1.80028,0.0,19.58,0,0.605,0.39503659971127447,79.2,2.4259,5,403,14.7,227.61,1876.7767104235334,23.8
2.3004,0.0,19.58,0,0.605,0.765843544293706,96.1,2.1,5,403,14.7,297.09,1714.3567878129527,23.8
2.44953,0.0,19.58,0,0.605,0.5834886901773241,95.2,2.2625,5,403,14.7,330.04,1788.797547193227,22.3
1.20742,0.0,19.58,0,0.605,0.4712010826404774,94.6,2.4259,5,403,14.7,292.29,2261.640992598644,17.4
2.3139,0.0,19.58,0,0.605,0.614489097315646,97.3,2.3887,5,403,14.7,348.13,1864.9762077164753,19.1
0.13914,0.0,4.05,0,0.51,0.5063266080361815,88.5,2.5961,5,296,16.6,396.9,2297.388907829546,23.1
0.09178,0.0,4.05,0,0.51,0.5767209742086514,84.1,2.6463,5,296,16.6,395.5,1435.5769600144977,23.6
0.08447,0.0,4.05,0,0.51,0.8172954118164636,68.7,2.7019,5,296,16.6,393.23,1512.2320548341847,22.6
0.06664,0.0,4.05,0,0.51,0.604415343294962,33.1,3.1323,5,296,16.6,390.96,846.6740924243297,29.4
0.07022,0.0,4.05,0,0.51,0.3730239688078776,47.2,3.5549,5,296,16.6,393.23,1586.4201494302579,23.2
0.05425,0.0,4.05,0,0.51,0.7619046278393662,73.4,3.3175,5,296,16.6,395.6,1007.2787867205057,24.6
0.06642,0.0,4.05,0,0.51,0.6122152849264181,74.4,2.9153,5,296,16.6,391.27,1100.2077273848938,29.9
0.0578,0.0,2.46,0,0.488,0.6041562008408458,58.4,2.829,3,193,17.8,396.9,806.836005355525,37.2
0.06588,0.0,2.46,0,0.488,0.6962331169508773,83.3,2.741,3,193,17.8,395.56,1188.635968026313,39.8
0.06888,0.0,2.46,0,0.488,0.6124078742792752,62.2,2.5979,3,193,17.8,396.9,1479.117843714615,36.2
0.09103,0.0,2.46,0,0.488,0.7582507513505763,92.2,2.7006,3,193,17.8,394.12,779.636674706099,37.9
0.10008,0.0,2.46,0,0.488,0.8475068465692401,95.6,2.847,3,193,17.8,396.9,883.4974304363335,32.5
0.08308,0.0,2.46,0,0.488,0.3734200133306244,89.8,2.9879,3,193,17.8,391.0,2160.4882831580626,26.4
0.06047,0.0,2.46,0,0.488,0.7075796962619469,68.8,3.2797,3,193,17.8,387.11,2074.161045312442,29.6
0.05602,0.0,2.46,0,0.488,0.3832759151148306,53.6,3.1992,3,193,17.8,392.63,717.2473804462633,50.0
0.07875,45.0,3.44,0,0.437,0.6589834592722812,41.1,3.7886,5,398,15.2,393.87,1079.3792722340709,32.0
0.12579,45.0,3.44,0,0.437,0.3394001617492262,29.1,4.5667,5,398,15.2,382.84,724.1131079715174,29.8
0.0837,45.0,3.44,0,0.437,0.797421897170075,38.9,4.5667,5,398,15.2,396.9,800.6168222625424,34.9
0.09068,45.0,3.44,0,0.437,0.6411941123721657,21.5,6.4798,5,398,15.2,377.68,803.7188169558264,37.0
0.06911,45.0,3.44,0,0.437,0.687695252731792,30.8,6.4798,5,398,15.2,389.71,734.1829877787625,30.5
0.08664,45.0,3.44,0,0.437,0.7787202117848004,26.3,6.4798,5,398,15.2,390.49,459.6383744771946,36.4
0.02187,60.0,2.93,0,0.401,0.6917421896564543,9.9,6.2196,1,265,15.6,393.37,773.8072114949753,31.1
0.01439,60.0,2.93,0,0.401,0.7501765384997869,18.8,6.2196,1,265,15.6,376.7,686.7872303552354,29.1
0.01381,80.0,0.46,0,0.422,0.3726442714023422,32.0,5.6484,4,255,14.4,394.23,436.643239613157,50.0
0.04011,80.0,1.52,0,0.404,0.5429215763375412,34.1,7.309,2,329,12.6,396.9,650.4173400795912,33.3
0.04666,80.0,1.52,0,0.404,0.6704638398848238,36.6,7.309,2,329,12.6,354.31,1371.4859011921496,30.3
0.03768,80.0,1.52,0,0.404,0.844716359458578,38.3,7.309,2,329,12.6,392.2,1023.657474269127,34.6
0.0315,95.0,1.47,0,0.403,0.6502830552451347,15.3,7.6534,3,402,17.0,396.9,742.7886320326114,34.9
0.01778,95.0,1.47,0,0.403,0.6520238182755492,13.9,7.6534,3,402,17.0,384.3,696.7112282658144,32.9
0.03445,82.5,2.03,0,0.415,0.545321059626752,38.4,6.27,2,348,14.7,393.77,1153.7390657634678,24.1
0.02177,82.5,2.03,0,0.415,0.8715754595562737,15.7,6.27,2,348,14.7,395.38,485.6952367827837,42.3
0.0351,95.0,2.68,0,0.4161,0.8551012209019497,33.2,5.118,4,224,14.7,392.78,574.2310653097724,48.5
0.02009,95.0,2.68,0,0.4161,0.8373015242293578,31.9,5.118,4,224,14.7,390.55,461.22104802589683,50.0
0.13642,0.0,10.59,0,0.489,0.4715792151634872,22.3,3.9454,4,277,18.6,396.9,1694.8214177824939,22.6
0.22969,0.0,10.59,0,0.489,0.36895881372672545,52.5,4.3549,4,277,18.6,394.87,1712.2336723662363,24.4
0.25199,0.0,10.59,0,0.489,0.472818079422686,72.7,4.3549,4,277,18.6,389.43,2842.992036934304,22.5
0.13587,0.0,10.59,1,0.489,0.7357907884595648,59.1,4.2392,4,277,18.6,381.32,2272.5729492587916,24.4
0.43571,0.0,10.59,1,0.489,0.4256691705724504,100.0,3.875,4,277,18.6,396.9,3622.0022184789354,20.0
0.17446,0.0,10.59,1,0.489,0.428049262216355,92.1,3.8771,4,277,18.6,393.25,2694.7413393143015,21.7
0.37578,0.0,10.59,1,0.489,0.6824707457380587,88.6,3.665,4,277,18.6,395.24,3750.4046630321695,19.3
0.21719,0.0,10.59,1,0.489,0.5484112864500702,53.8,3.6526,4,277,18.6,390.94,2511.351360290156,22.4
0.14052,0.0,10.59,0,0.489,0.5351070065721355,32.3,3.9454,4,277,18.6,385.81,1500.6796494127852,28.1
0.28955,0.0,10.59,0,0.489,0.43915314317302145,9.8,3.5875,4,277,18.6,348.93,4609.678937001321,23.7
0.19802,0.0,10.59,0,0.489,0.5065301840072102,42.4,3.9454,4,277,18.6,393.63,1447.0682989043519,25.0
0.0456,0.0,13.89,1,0.55,0.5450774024272343,56.0,3.1121,5,276,16.4,392.8,2097.861899892718,23.3
0.07013,0.0,13.89,0,0.55,0.55213387369351,85.1,3.4211,5,276,16.4,392.78,1483.6610009923995,28.7
0.11069,0.0,13.89,1,0.55,0.4094383717907889,93.8,2.8893,5,276,16.4,396.9,2813.1468819245674,21.5
0.11425,0.0,13.89,1,0.55,0.5684127384673582,92.4,3.3633,5,276,16.4,393.74,1598.9691292815846,23.0
0.35809,0.0,6.2,1,0.507,0.6645315073709117,88.5,2.8617,8,307,17.4,391.7,1488.6144736400286,26.7
0.40771,0.0,6.2,1,0.507,0.7103172756981303,91.3,3.048,8,307,17.4,395.24,3361.7688459211695,21.7
0.62356,0.0,6.2,1,0.507,0.7105588486681073,77.7,3.2721,8,307,17.4,390.39,1596.2482500614847,27.5
0.6147,0.0,6.2,0,0.507,0.4621050109067436,80.8,3.2721,8,307,17.4,396.9,1177.8588843651971,30.1
0.31533,0.0,6.2,0,0.504,0.7381498987507371,78.3,2.8944,8,307,17.4,385.05,628.6621528324532,44.8
0.52693,0.0,6.2,0,0.504,0.7035648913392439,83.0,2.8944,8,307,17.4,382.0,701.9594743044387,50.0
0.38214,0.0,6.2,0,0.504,0.8547353152886591,86.5,3.2157,8,307,17.4,387.38,527.2574045595694,37.6
0.41238,0.0,6.2,0,0.504,0.6051724653330044,79.9,3.2157,8,307,17.4,372.08,958.2310858010709,31.6
0.29819,0.0,6.2,0,0.504,0.7963494780546232,17.0,3.3751,8,307,17.4,377.51,633.6676120568275,46.7
0.44178,0.0,6.2,0,0.504,0.5951505468884338,21.4,3.3751,8,307,17.4,380.34,557.2262625240714,31.5
0.537,0.0,6.2,0,0.504,0.3773467179571013,68.1,3.6715,8,307,17.4,378.35,1833.1504356068447,24.3
0.46296,0.0,6.2,0,0.504,0.6684821474143022,76.9,3.6715,8,307,17.4,376.14,809.7558749047502,31.7
0.57529,0.0,6.2,0,0.507,0.8867027080118358,73.3,3.8384,8,307,17.4,385.91,414.8701945440838,41.7
0.33147,0.0,6.2,0,0.507,0.7464459778884827,70.4,3.6519,8,307,17.4,378.95,621.3130624452159,48.3
0.44791,0.0,6.2,1,0.507,0.5137055713731008,66.5,3.6519,8,307,17.4,360.2,1282.6524045916865,29.0
0.33045,0.0,6.2,0,0.507,0.6776974149347593,61.5,3.6519,8,307,17.4,376.75,1694.5453555695076,24.0
0.52058,0.0,6.2,1,0.507,0.5721964823393367,76.5,4.148,8,307,17.4,388.45,1476.4954335720463,25.1
0.51183,0.0,6.2,0,0.507,0.6456389507387481,71.6,4.148,8,307,17.4,390.07,752.3634528575229,31.5
0.08244,30.0,4.93,0,0.428,0.558700662513741,18.5,6.1899,6,300,16.6,379.41,980.8733132564744,23.7
0.09252,30.0,4.93,0,0.428,0.5472345158411358,42.2,6.1899,6,300,16.6,383.78,1143.454266903723,23.3
0.11329,30.0,4.93,0,0.428,0.6192792552810357,54.3,6.3361,6,300,16.6,391.25,1783.9845794038424,22.0
0.10612,30.0,4.93,0,0.428,0.3364052293952214,65.1,6.3361,6,300,16.6,394.62,1913.244430253375,20.1
0.1029,30.0,4.93,0,0.428,0.7668712876694698,52.9,7.0355,6,300,16.6,372.75,1750.6607866297718,22.2
0.12757,30.0,4.93,0,0.428,0.6887831382636017,7.8,7.0355,6,300,16.6,374.71,837.8084418381732,23.7
0.20608,22.0,5.86,0,0.431,0.4375605952427112,76.5,7.9549,7,330,19.1,372.49,1913.7716614160454,17.6
0.19133,22.0,5.86,0,0.431,0.41638671355899914,70.2,7.9549,7,330,19.1,389.13,2886.29236930079,18.5
0.33983,22.0,5.86,0,0.431,0.6444722941148568,34.9,8.0555,7,330,19.1,390.18,1390.3198150593907,24.3
0.19657,22.0,5.86,0,0.431,0.49262207096043886,79.2,8.0555,7,330,19.1,376.14,1581.1605194955405,20.5
0.16439,22.0,5.86,0,0.431,0.6030316974030356,49.1,7.8265,7,330,19.1,374.71,1462.0941796373104,24.5
0.19073,22.0,5.86,0,0.431,0.5430830343255425,17.5,7.8265,7,330,19.1,393.74,1047.7293528348168,26.2
0.1403,22.0,5.86,0,0.431,0.5237147645881701,13.0,7.3967,7,330,19.1,396.28,937.2957128443497,24.4
0.21409,22.0,5.86,0,0.431,0.6236554252033056,8.9,7.3967,7,330,19.1,377.07,583.0168502737955,24.8
0.08221,22.0,5.86,0,0.431,0.5842956738413021,6.8,8.9067,7,330,19.1,386.09,544.2742845816443,29.6
0.36894,22.0,5.86,0,0.431,0.6028812219862709,8.4,8.9067,7,330,19.1,396.9,564.8052536254568,42.8
0.04819,80.0,3.64,0,0.392,0.9138536950347584,32.0,9.2203,1,315,16.4,392.89,1022.7362097891421,21.9
0.03548,80.0,3.64,0,0.392,0.4959633375980916,19.1,9.2203,1,315,16.4,395.18,1401.1662525719805,20.9
0.01538,90.0,3.75,0,0.394,0.5370577911030516,34.2,6.3361,3,244,15.9,386.34,468.99383929639333,44.0
0.61154,20.0,3.97,0,0.647,0.8504467923380691,86.9,1.801,5,264,13.0,389.7,787.7246611658337,50.0
0.66351,20.0,3.97,0,0.647,0.7950791816550615,100.0,1.8946,5,264,13.0,383.29,1207.21528676457,36.0
0.65665,20.0,3.97,0,0.647,0.5415324862136677,100.0,2.0107,5,264,13.0,391.93,1070.9668021526375,30.1
0.54011,20.0,3.97,0,0.647,0.7748961892524142,81.8,2.1121,5,264,13.0,392.8,1496.8415688330026,33.8
0.53412,20.0,3.97,0,0.647,0.861192285184658,89.4,2.1398,5,264,13.0,388.37,1131.8726410923152,43.1
0.52014,20.0,3.97,0,0.647,0.5558953614285604,91.5,2.2885,5,264,13.0,386.86,944.1346472128902,48.8
0.82526,20.0,3.97,0,0.647,0.7541942623098767,94.5,2.0788,5,264,13.0,393.42,1755.7653835971032,31.0
0.55007,20.0,3.97,0,0.647,0.6581425587453797,91.6,1.9301,5,264,13.0,387.89,1263.8213363825541,36.5
0.76162,20.0,3.97,0,0.647,0.5551610921679532,62.8,1.9865,5,264,13.0,392.4,1621.5479082196518,22.8
0.7857,20.0,3.97,0,0.647,0.6071768500910726,84.6,2.1329,5,264,13.0,384.07,2296.829842044411,30.7
0.57834,20.0,3.97,0,0.575,0.9949198001432247,67.0,2.4216,5,264,13.0,384.54,1172.3270665077887,50.0
0.5405,20.0,3.97,0,0.575,0.7654729642445195,52.6,2.872,5,264,13.0,390.3,485.7243532204908,43.5
0.09065,20.0,6.96,1,0.464,0.3751967824708316,61.5,3.9175,3,223,18.6,391.34,2122.1885908805903,20.7
0.29916,20.0,6.96,0,0.464,0.6725791822823151,42.1,4.429,3,223,18.6,388.65,2005.2288525362317,21.1
0.16211,20.0,6.96,0,0.464,0.49691178256960783,16.3,4.429,3,223,18.6,396.9,1049.599065821567,25.2
0.1146,20.0,6.96,0,0.464,0.4812164126815436,58.7,3.9175,3,223,18.6,394.96,1221.8603696980656,24.4
0.22188,20.0,6.96,1,0.464,0.7498659518062774,51.8,4.3665,3,223,18.6,390.77,1015.0798222558118,35.2
0.05644,40.0,6.41,1,0.447,0.750413939776908,32.9,4.0776,4,254,17.6,396.9,530.8915566866599,32.4
0.09604,40.0,6.41,0,0.447,0.7026610191099825,42.8,4.2673,4,254,17.6,396.9,492.8832343393621,32.0
0.10469,40.0,6.41,1,0.447,0.9087744432266199,49.0,4.7872,4,254,17.6,389.25,973.3242985500749,33.2
0.06127,40.0,6.41,1,0.447,0.6950193860526821,27.6,4.8628,4,254,17.6,393.45,654.0442573368477,33.1
0.07978,40.0,6.41,0,0.447,0.734853810841762,32.1,4.1403,4,254,17.6,396.9,1110.063468501431,29.1
0.21038,20.0,3.33,0,0.4429,0.6040793637996114,32.2,4.1007,5,216,14.9,396.9,727.4732111306793,35.1
0.03578,20.0,3.33,0,0.4429,0.7593691967024617,64.5,4.6947,5,216,14.9,387.31,625.9052464878774,45.4
0.03705,20.0,3.33,0,0.4429,0.7982739531284464,37.2,5.2447,5,216,14.9,392.23,669.6546844815691,35.4
0.06129,20.0,3.33,1,0.4429,0.836074832127508,49.7,5.2119,5,216,14.9,377.07,501.0797067719094,46.0
0.01501,90.0,1.21,1,0.401,0.9960643548005154,24.8,5.885,1,198,13.6,395.52,506.7534563159216,50.0
0.00906,90.0,2.97,0,0.4,0.6098252361424311,20.8,7.3073,1,285,15.3,394.72,1230.8152313030857,32.2
0.01096,55.0,2.25,0,0.389,0.683986739966997,31.9,7.3073,1,300,15.3,394.72,1273.452904921177,22.0
0.01965,80.0,1.76,0,0.385,0.41762691329883916,31.5,9.0892,1,241,18.2,341.6,2026.247240792212,20.1
0.03871,52.5,5.32,0,0.405,0.6382343557225438,31.3,7.3172,6,293,16.6,396.9,1113.4853543567936,23.2
0.0459,52.5,5.32,0,0.405,0.697461234846124,45.6,7.3172,6,293,16.6,396.9,1221.8447997255432,22.3
0.04297,52.5,5.32,0,0.405,0.5482558866277657,22.9,7.3172,6,293,16.6,371.72,1456.39016060328,24.8
0.03502,80.0,4.95,0,0.411,0.6214077196972866,27.9,5.1167,4,245,19.2,396.9,505.20915289511964,28.5
0.07886,80.0,4.95,0,0.411,0.5866040684246956,27.7,5.1167,4,245,19.2,396.9,564.0247040195926,37.3
0.03615,80.0,4.95,0,0.411,0.6886507212706283,23.4,5.1167,4,245,19.2,396.9,772.6464185277945,27.9
0.08265,0.0,13.92,0,0.437,0.5885388148956032,18.4,5.5027,4,289,16.0,396.9,1317.3500583406435,23.9
0.08199,0.0,13.92,0,0.437,0.6870197565444313,42.3,5.5027,4,289,16.0,396.9,1592.9930551971192,21.7
0.12932,0.0,13.92,0,0.437,0.5433395627471495,31.1,5.9604,4,289,16.0,396.9,992.6902169670078,28.6
0.05372,0.0,13.92,0,0.437,0.5871122195855404,51.0,5.9604,4,289,16.0,392.85,1150.7243262696763,27.1
0.14103,0.0,13.92,0,0.437,0.48609598035531953,58.0,6.32,4,289,16.0,396.9,2490.262724090037,20.3
0.06466,70.0,2.24,0,0.4,0.6708072189484752,20.1,7.8278,5,358,14.8,368.24,798.2018984143467,22.5
0.05561,70.0,2.24,0,0.4,0.5864389333678569,10.0,7.8278,5,358,14.8,371.58,711.7447487552256,29.0
0.04417,70.0,2.24,0,0.4,0.6018897243480082,47.4,7.8278,5,358,14.8,390.86,937.2269119009029,24.8
0.03537,34.0,6.09,0,0.433,0.5316627718629937,40.4,5.4917,7,329,16.1,395.75,1442.979794387508,22.0
0.09266,34.0,6.09,0,0.433,0.6042500607170522,18.4,5.4917,7,329,16.1,383.61,1348.123944824002,26.4
0.1,34.0,6.09,0,0.433,0.7875177184618698,17.7,5.4917,7,329,16.1,390.43,753.2253526244174,33.1
0.05515,33.0,2.18,0,0.472,0.3892295146758754,41.1,4.022,7,222,18.4,393.68,1082.0701984003501,36.1
0.05479,33.0,2.18,0,0.472,0.6899705412927076,58.1,3.37,7,222,18.4,393.36,1428.2191975083601,28.4
0.07503,33.0,2.18,0,0.472,0.828016900446737,71.9,3.0992,7,222,18.4,396.9,1019.5397073529874,33.4
0.04932,33.0,2.18,0,0.472,0.6904580421812099,70.3,3.1827,7,222,18.4,396.9,1209.7280298676642,28.2
0.49298,0.0,9.9,0,0.544,0.5856028292047559,82.5,3.3175,4,304,18.4,396.9,676.8338035769447,22.8
0.3494,0.0,9.9,0,0.544,0.5788835543766448,76.7,3.1025,4,304,18.4,396.24,1586.1309767045823,20.3
2.63548,0.0,9.9,0,0.544,0.6114137756719363,37.8,2.5194,4,304,18.4,350.45,1958.9689224322237,16.1
0.79041,0.0,9.9,0,0.544,0.5574683955117262,52.8,2.6403,4,304,18.4,396.9,915.725470465863,22.1
0.26169,0.0,9.9,0,0.544,0.6368231164070494,90.4,2.834,4,304,18.4,396.3,1826.7605617952336,19.4
0.26938,0.0,9.9,0,0.544,0.8427387226619075,82.8,3.2628,4,304,18.4,393.39,1273.1212894290843,21.6
0.3692,0.0,9.9,0,0.544,0.6545036474430401,87.3,3.6023,4,304,18.4,395.69,1472.6376327573603,23.8
0.25356,0.0,9.9,0,0.544,0.4883094901833631,77.7,3.945,4,304,18.4,396.42,1825.9132047454912,16.2
0.31827,0.0,9.9,0,0.544,0.5683056439200338,83.2,3.9986,4,304,18.4,390.7,2854.152614043162,17.8
0.24522,0.0,9.9,0,0.544,0.5594408780943657,71.7,4.0317,4,304,18.4,396.9,2490.310970702932,19.8
0.40202,0.0,9.9,0,0.544,0.6169669650026445,67.2,3.5325,4,304,18.4,395.21,1584.3180708415848,23.1
0.47547,0.0,9.9,0,0.544,0.7621133894212035,58.8,4.0019,4,304,18.4,396.23,1998.6042761456638,21.0
0.1676,0.0,7.38,0,0.493,0.3964139784277403,52.3,4.5404,5,287,19.6,396.9,1123.87776095645,23.8
0.18159,0.0,7.38,0,0.493,0.37968396627897116,54.3,4.5404,5,287,19.6,396.9,1057.9447240192246,23.1
0.35114,0.0,7.38,0,0.493,0.7963014016637642,49.9,4.7211,5,287,19.6,396.9,1222.3783442504434,20.4
0.28392,0.0,7.38,0,0.493,0.7342054958081448,74.3,4.7211,5,287,19.6,391.13,1820.08337195275,18.5
0.34109,0.0,7.38,0,0.493,0.6234793113470478,40.1,4.7211,5,287,19.6,396.9,947.5043474166947,25.0
0.19186,0.0,7.38,0,0.493,0.5961959556296058,14.7,5.4159,5,287,19.6,393.68,832.9441205466833,24.6
0.30347,0.0,7.38,0,0.493,0.5781519839389682,28.9,5.4159,5,287,19.6,396.9,971.9523558891361,23.0
0.24103,0.0,7.38,0,0.493,0.5493847713871391,43.7,5.4159,5,287,19.6,396.9,2015.296715095037,22.2
0.06617,0.0,3.24,0,0.46,0.6373234821329684,25.8,5.2146,4,430,16.9,382.44,1597.9570931117282,19.3
0.06724,0.0,3.24,0,0.46,0.6842108470526149,17.2,5.2146,4,430,16.9,375.21,1134.9705622757851,22.6
0.04544,0.0,3.24,0,0.46,0.39089367772913663,32.2,5.8736,4,430,16.9,368.57,1453.826119483164,19.8
0.05023,35.0,6.06,0,0.4379,0.5533920661311941,28.4,6.6407,1,304,16.9,394.02,1931.5007467754192,17.1
0.03466,35.0,6.06,0,0.4379,0.46887463959608877,23.3,6.6407,1,304,16.9,362.25,1212.7216314679026,19.4
0.05083,0.0,5.19,0,0.515,0.5293918413039513,38.1,6.4584,5,224,20.2,389.71,931.5533506647416,22.2
0.03738,0.0,5.19,0,0.515,0.7039336431043304,38.5,6.4584,5,224,20.2,389.4,1037.5847739200012,20.7
0.03961,0.0,5.19,0,0.515,0.906547628296165,34.5,5.9853,5,224,20.2,396.9,1274.123446212677,21.1
0.03427,0.0,5.19,0,0.515,0.4181953379682427,46.3,5.2311,5,224,20.2,396.9,1534.3230405856887,19.5
0.03041,0.0,5.19,0,0.515,0.5110704014449701,59.6,5.615,5,224,20.2,394.81,1607.7177783403833,18.5
0.03306,0.0,5.19,0,0.515,0.6060779181958635,37.3,4.8122,5,224,20.2,396.14,1331.7167908714998,20.6
0.05497,0.0,5.19,0,0.515,0.5063318424965118,45.4,4.8122,5,224,20.2,396.9,1527.3533048898237,19.0
0.06151,0.0,5.19,0,0.515,0.39584452237153406,58.5,4.8122,5,224,20.2,396.9,1426.353772667954,18.7
0.01301,35.0,1.52,0,0.442,0.4129674350551017,49.3,7.0379,1,284,15.5,394.74,893.8221567903887,32.7
0.02498,0.0,1.89,0,0.518,0.5947931909922073,59.7,6.2669,1,422,15.9,389.96,1306.134926380244,16.5
0.02543,55.0,3.78,0,0.484,0.48660612909338674,56.4,5.7321,5,370,17.6,396.9,1130.0861273545931,23.9
0.03049,55.0,3.78,0,0.484,0.9490976142506041,28.1,6.4654,5,370,17.6,387.97,749.2859344747161,31.2
0.03113,0.0,4.39,0,0.442,0.5821842816867067,48.5,8.0136,3,352,18.8,385.64,1644.3564398067124,17.5
0.06162,0.0,4.39,0,0.442,0.4198167328839166,52.3,8.0136,3,352,18.8,364.61,1974.7260615536698,17.2
0.0187,85.0,4.15,0,0.429,0.7817418044113141,27.7,8.5353,4,351,17.9,392.43,973.0639714559295,23.1
0.01501,80.0,2.01,0,0.435,0.466160958087155,29.7,8.344,4,280,17.0,390.94,937.391229940327,24.5
0.02899,40.0,1.25,0,0.429,0.6591867316935732,34.5,8.7921,1,335,19.7,389.85,964.4889366546977,26.6
0.06211,40.0,1.25,0,0.429,0.7228094288206058,44.4,8.7921,1,335,19.7,396.9,886.6543483760069,22.9
0.0795,60.0,1.69,0,0.411,0.6338818439670648,35.9,10.7103,4,411,18.3,370.78,858.0952968941226,24.1
0.07244,60.0,1.69,0,0.411,0.5415205883578826,18.5,10.7103,4,411,18.3,392.33,1213.5736603490273,18.6
0.01709,90.0,2.02,0,0.41,0.6321825758763129,36.1,12.1265,5,187,17.0,384.46,717.3788842146494,30.1
0.04301,80.0,1.91,0,0.413,0.4834954873780605,21.9,10.5857,4,334,22.0,382.8,1259.5367641657917,18.2
0.10659,80.0,1.91,0,0.413,0.7478999987750857,19.5,10.5857,4,334,22.0,376.04,848.0330666722375,20.6
8.98296,0.0,18.1,1,0.77,0.4670055343056385,97.4,2.1222,24,666,20.2,377.73,2771.896565612491,17.8
3.8497,0.0,18.1,1,0.77,0.5657786633819567,91.0,2.5052,24,666,20.2,391.34,2123.4009422670633,21.7
5.20177,0.0,18.1,1,0.77,0.6795815280244226,83.4,2.7227,24,666,20.2,395.43,1781.6748878508836,22.7
4.26131,0.0,18.1,0,0.77,0.493639663080082,81.3,2.5091,24,666,20.2,390.74,1982.7876287136544,22.6
4.54192,0.0,18.1,0,0.77,0.4112434704193597,88.0,2.5182,24,666,20.2,374.56,1175.4494187534694,25.0
3.83684,0.0,18.1,0,0.77,0.39001939027817567,91.1,2.2955,24,666,20.2,350.65,2233.70624406721,19.9
3.67822,0.0,18.1,0,0.77,0.4442235880139891,96.2,2.1036,24,666,20.2,380.79,1593.5624279018477,20.8
4.22239,0.0,18.1,1,0.77,0.5843783122661537,89.0,1.9047,24,666,20.2,353.04,2252.0929644930006,16.8
3.47428,0.0,18.1,1,0.718,0.5790687819353111,82.9,1.9047,24,666,20.2,354.55,834.9620037013292,21.9
4.55587,0.0,18.1,0,0.718,0.4819238278541724,87.9,1.6132,24,666,20.2,354.7,1096.6917320236425,27.5
3.69695,0.0,18.1,0,0.718,0.3157512863947981,91.4,1.7523,24,666,20.2,316.03,2211.3633325643036,21.9
13.5222,0.0,18.1,0,0.631,0.6019566657684687,100.0,1.5106,24,666,20.2,131.42,2109.9491275999867,23.1
4.89822,0.0,18.1,0,0.631,0.2983123852911039,100.0,1.3325,24,666,20.2,375.52,496.4623704227377,50.0
5.66998,0.0,18.1,1,0.631,0.6864684049129687,96.8,1.3567,24,666,20.2,375.33,587.0322611737339,50.0
6.53876,0.0,18.1,1,0.631,0.8166625276697757,97.5,1.2024,24,666,20.2,392.05,471.7847982098214,50.0
9.2323,0.0,18.1,0,0.631,0.4272290389561184,100.0,1.1691,24,666,20.2,366.15,1434.614380721715,50.0
8.26725,0.0,18.1,1,0.668,0.6570360473148509,89.6,1.1296,24,666,20.2,347.88,1381.7628190085484,50.0
11.1081,0.0,18.1,0,0.668,0.4101914944606179,100.0,1.1742,24,666,20.2,396.9,5446.978337241879,13.8
18.4982,0.0,18.1,0,0.668,0.4872180272664932,100.0,1.137,24,666,20.2,396.9,5960.676453907162,13.8
19.6091,0.0,18.1,0,0.671,0.5788309526975864,97.9,1.3163,24,666,20.2,396.9,2085.2592673370777,15.0
15.288,0.0,18.1,0,0.671,0.7789227495257323,93.3,1.3449,24,666,20.2,363.02,3599.2469605592983,13.9
9.82349,0.0,18.1,0,0.671,0.9214187373139631,98.8,1.358,24,666,20.2,396.9,3278.7129749076153,13.3
23.6482,0.0,18.1,0,0.671,0.7941898122216758,96.2,1.3861,24,666,20.2,396.9,3698.3833154762538,13.1
17.8667,0.0,18.1,0,0.671,0.7183849680933605,100.0,1.3861,24,666,20.2,393.74,3357.4694820402274,10.2
88.9762,0.0,18.1,0,0.671,0.5958997456137799,91.9,1.4165,24,666,20.2,396.9,2706.0419500609373,10.4
15.8744,0.0,18.1,0,0.671,0.6056942018654748,99.1,1.5192,24,666,20.2,396.9,3301.5666624134205,10.9
9.18702,0.0,18.1,0,0.7,0.38274905396774417,100.0,1.5804,24,666,20.2,396.9,3730.7923607248044,11.3
7.99248,0.0,18.1,0,0.7,0.32622299067840616,100.0,1.5331,24,666,20.2,396.9,3841.6598327743977,12.3
20.0849,0.0,18.1,0,0.7,0.1666246986177581,91.2,1.4395,24,666,20.2,285.83,4767.22095060259,8.8
16.8118,0.0,18.1,0,0.7,0.760200606608533,98.1,1.4261,24,666,20.2,396.9,4819.186062293636,7.2
24.3938,0.0,18.1,0,0.7,0.6054395405218795,100.0,1.4672,24,666,20.2,396.9,4403.2650408576565,10.5
22.5971,0.0,18.1,0,0.7,0.6073106792318066,89.5,1.5184,24,666,20.2,396.9,4986.605280432323,7.4
14.3337,0.0,18.1,0,0.7,0.7079184531017315,100.0,1.5895,24,666,20.2,372.92,4768.531594716976,10.2
8.15174,0.0,18.1,0,0.7,0.45369047812066,98.9,1.7281,24,666,20.2,396.9,3278.0703878528734,11.5
6.96215,0.0,18.1,0,0.7,0.623765753896894,97.0,1.9265,24,666,20.2,394.43,2644.3724627879296,15.1
5.29305,0.0,18.1,0,0.7,0.40996399980074616,82.5,2.1678,24,666,20.2,378.38,2954.6358676898963,23.2
11.5779,0.0,18.1,0,0.7,0.8951392000072618,97.0,1.77,24,666,20.2,396.9,4006.0771471755797,9.7
8.64476,0.0,18.1,0,0.693,0.4765294605372938,92.6,1.7912,24,666,20.2,396.9,2360.148680133746,13.8
13.3598,0.0,18.1,0,0.693,0.39791460611868334,94.7,1.7821,24,666,20.2,396.9,2568.5774484631656,12.7
8.71675,0.0,18.1,0,0.693,0.8398905990531776,98.8,1.7257,24,666,20.2,391.98,2666.505339365891,13.1
5.87205,0.0,18.1,0,0.693,0.5100805310439027,96.0,1.6768,24,666,20.2,396.9,3014.5337691050236,12.5
7.67202,0.0,18.1,0,0.693,0.4018514368315499,98.9,1.6334,24,666,20.2,393.1,3100.700366244043,8.5
38.3518,0.0,18.1,0,0.693,0.5542408295364225,100.0,1.4896,24,666,20.2,396.9,4768.7220686620585,5.0
9.91655,0.0,18.1,0,0.693,0.5383692529483816,77.8,1.5004,24,666,20.2,338.16,4692.121735792151,6.3
25.0461,0.0,18.1,0,0.693,0.5361904628901465,100.0,1.5888,24,666,20.2,396.9,4185.67372025604,5.6
14.2362,0.0,18.1,0,0.693,0.8219953316321117,100.0,1.5741,24,666,20.2,396.9,3196.853635508228,7.2
9.59571,0.0,18.1,0,0.693,0.717422065879517,100.0,1.639,24,666,20.2,376.11,3181.893869027956,12.1
24.8017,0.0,18.1,0,0.693,0.4942634380119967,96.0,1.7028,24,666,20.2,396.9,3077.534883249404,8.3
41.5292,0.0,18.1,0,0.693,0.5235592750766922,85.4,1.6074,24,666,20.2,329.46,4287.380934549778,8.5
67.9208,0.0,18.1,0,0.693,0.5345694919098205,100.0,1.4254,24,666,20.2,384.97,3585.254342793089,5.0
20.7162,0.0,18.1,0,0.659,0.5243589144473073,100.0,1.1781,24,666,20.2,370.22,3690.4438415709633,11.9
11.9511,0.0,18.1,0,0.659,0.568512793536653,100.0,1.2852,24,666,20.2,332.09,1893.1171659832748,27.9
7.40389,0.0,18.1,0,0.597,0.7494016117641964,97.9,1.4547,24,666,20.2,314.64,4126.884818766482,17.2
14.4383,0.0,18.1,0,0.597,0.5430376541946224,100.0,1.4655,24,666,20.2,179.36,3116.832084796944,27.5
51.1358,0.0,18.1,0,0.597,0.36963841527822977,100.0,1.413,24,666,20.2,2.6,1579.4335623622705,15.0
14.0507,0.0,18.1,0,0.597,0.7183827254567089,100.0,1.5275,24,666,20.2,35.05,3311.024325036287,17.2
18.811,0.0,18.1,0,0.597,0.5747200352482753,100.0,1.5539,24,666,20.2,28.79,5367.615688155625,17.9
28.6558,0.0,18.1,0,0.597,0.6307078636403906,100.0,1.5894,24,666,20.2,210.97,3143.6756241483026,16.3
45.7461,0.0,18.1,0,0.693,0.5551440495905327,100.0,1.6582,24,666,20.2,88.27,5797.615108773601,7.0
18.0846,0.0,18.1,0,0.679,0.283753109919751,100.0,1.8347,24,666,20.2,27.25,4559.116041924507,7.2
10.8342,0.0,18.1,0,0.679,0.655326258010464,90.8,1.8195,24,666,20.2,21.57,4031.3688222549185,7.5
25.9406,0.0,18.1,0,0.679,0.466967735942326,89.1,1.6475,24,666,20.2,127.36,4164.8291842065755,10.4
73.5341,0.0,18.1,0,0.679,0.5354480435351437,100.0,1.8026,24,666,20.2,16.45,3199.200676184326,8.8
11.8123,0.0,18.1,0,0.718,0.8147927991493943,76.5,1.794,24,666,20.2,48.45,3550.2986032070057,8.4
11.0874,0.0,18.1,0,0.718,0.4420117524748607,100.0,1.8589,24,666,20.2,318.75,2348.2101822867608,16.7
7.02259,0.0,18.1,0,0.718,0.7380447771774628,95.3,1.8746,24,666,20.2,319.98,2467.465758139761,14.2
12.0482,0.0,18.1,0,0.614,0.5221148207531872,87.6,1.9512,24,666,20.2,291.55,2218.853120640309,20.8
7.05042,0.0,18.1,0,0.614,0.5933962519557905,85.1,2.0218,24,666,20.2,2.52,3638.585962346025,13.4
8.79212,0.0,18.1,0,0.584,0.6299089282700728,70.6,2.0635,24,666,20.2,3.65,2721.114476326946,11.7
15.8603,0.0,18.1,0,0.679,0.6914189417926371,95.4,1.9096,24,666,20.2,7.68,3830.688011768548,8.3
12.2472,0.0,18.1,0,0.584,0.5930961462440801,59.7,1.9976,24,666,20.2,24.65,2436.316662374152,10.2
37.6619,0.0,18.1,0,0.679,0.8125626913023719,78.7,1.8629,24,666,20.2,18.82,2245.9350383592177,10.9
7.36711,0.0,18.1,0,0.679,0.7989752268557228,78.1,1.9356,24,666,20.2,96.73,3339.563386711954,11.0
9.33889,0.0,18.1,0,0.679,0.6128198322676827,95.6,1.9682,24,666,20.2,60.72,3754.1565696198886,9.5
8.49213,0.0,18.1,0,0.584,0.7622282611683261,86.1,2.0527,24,666,20.2,83.45,2774.083946266329,14.5
10.0623,0.0,18.1,0,0.584,0.417976000166963,94.3,2.0882,24,666,20.2,81.33,3065.7127739270413,14.1
6.44405,0.0,18.1,0,0.584,0.6693377824589296,74.8,2.2004,24,666,20.2,97.95,1886.9026001558145,16.1
5.58107,0.0,18.1,0,0.713,0.7448794022251999,87.9,2.3158,24,666,20.2,100.19,2487.036609153214,14.3
13.9134,0.0,18.1,0,0.713,0.5142924589309444,95.0,2.2222,24,666,20.2,100.63,2345.22928865367,11.7
11.1604,0.0,18.1,0,0.74,0.5283177966364723,94.6,2.1247,24,666,20.2,109.85,3650.6790792959055,13.4
14.4208,0.0,18.1,0,0.74,0.44370251846017633,93.3,2.0026,24,666,20.2,27.49,2845.264883687317,9.6
15.1772,0.0,18.1,0,0.74,0.7021725740879243,100.0,1.9142,24,666,20.2,9.32,4113.51091826166,8.7
13.6781,0.0,18.1,0,0.74,0.28620614668543837,87.9,1.8206,24,666,20.2,68.95,5310.088282181804,8.4
9.39063,0.0,18.1,0,0.74,0.5775185842186753,93.9,1.8172,24,666,20.2,396.9,3561.3093505634242,12.8
22.0511,0.0,18.1,0,0.74,0.45137131677427617,92.4,1.8662,24,666,20.2,391.45,3420.073196338967,10.5
9.72418,0.0,18.1,0,0.74,0.4685326925540963,97.2,2.0651,24,666,20.2,385.96,3055.6710736064433,17.1
5.66637,0.0,18.1,0,0.74,0.48915307453809226,100.0,2.0048,24,666,20.2,395.69,2582.1420569215547,18.4
9.96654,0.0,18.1,0,0.74,0.6197685519804612,100.0,1.9784,24,666,20.2,386.73,2979.5636893006026,15.4
12.8023,0.0,18.1,0,0.74,0.6083698721232469,96.6,1.8956,24,666,20.2,240.52,3717.0063955856367,10.8
10.6718,0.0,18.1,0,0.74,0.4704935434740452,94.8,1.9879,24,666,20.2,43.06,3748.54091793304,11.8
6.28807,0.0,18.1,0,0.74,0.742990894153387,96.4,2.072,24,666,20.2,318.01,2751.677058572775,14.9
9.92485,0.0,18.1,0,0.74,1.001496062997541,96.6,2.198,24,666,20.2,388.52,2596.859754444704,12.6
9.32909,0.0,18.1,0,0.713,0.41947369080955077,98.7,2.2616,24,666,20.2,396.9,2824.477968235492,14.1
7.52601,0.0,18.1,0,0.713,0.786670389619494,98.3,2.185,24,666,20.2,304.21,3063.390103874022,13.0
6.71772,0.0,18.1,0,0.713,0.6441888936738505,92.6,2.3236,24,666,20.2,0.32,2714.618375768522,13.4
5.44114,0.0,18.1,0,0.713,0.686348867314875,98.2,2.3552,24,666,20.2,355.29,2781.7100189550483,15.2
5.09017,0.0,18.1,0,0.713,0.22297548253545774,91.8,2.3682,24,666,20.2,385.09,2716.647139595454,16.1
8.24809,0.0,18.1,0,0.713,0.6749213021258185,99.3,2.4527,24,666,20.2,375.87,2583.176329808373,17.8
9.51363,0.0,18.1,0,0.713,0.8652174752720466,94.1,2.4961,24,666,20.2,6.68,2915.956334575927,14.9
4.75237,0.0,18.1,0,0.713,0.5491919336858169,86.5,2.4358,24,666,20.2,50.92,2811.5867055613326,14.1
4.66883,0.0,18.1,0,0.713,0.4583424102909238,87.9,2.5806,24,666,20.2,10.48,2969.819486324706,12.7
8.20058,0.0,18.1,0,0.713,0.3990734439562881,80.3,2.7792,24,666,20.2,3.5,2592.2019214016195,13.5
7.75223,0.0,18.1,0,0.713,0.6059922987559321,83.7,2.7831,24,666,20.2,272.21,2516.1508617589225,14.9
6.80117,0.0,18.1,0,0.713,0.8328647317841579,84.4,2.7175,24,666,20.2,396.9,2288.50121301238,20.0
4.81213,0.0,18.1,0,0.713,0.38303047193934897,90.0,2.5975,24,666,20.2,255.23,2554.8318108950593,16.4
3.69311,0.0,18.1,0,0.713,0.8402577492606489,88.4,2.5671,24,666,20.2,391.43,2297.2325250576687,17.7
6.65492,0.0,18.1,0,0.713,0.5969877580664947,83.0,2.7344,24,666,20.2,396.9,2162.9890980480036,19.5
5.82115,0.0,18.1,0,0.713,0.6752165064803419,89.9,2.8016,24,666,20.2,393.82,1604.1533920659895,20.2
7.83932,0.0,18.1,0,0.655,0.6304567084978097,65.4,2.9634,24,666,20.2,396.9,2045.5715410081623,21.4
3.1636,0.0,18.1,0,0.655,0.6893457953220405,48.2,3.0665,24,666,20.2,334.4,2223.5798109295274,19.9
3.77498,0.0,18.1,0,0.655,0.6156837109755375,84.7,2.8715,24,666,20.2,22.01,2687.5355433111495,19.0
4.42228,0.0,18.1,0,0.584,0.7820710168774707,94.5,2.5403,24,666,20.2,331.29,3368.780560619435,19.1
15.5757,0.0,18.1,0,0.58,0.6029824354316351,71.0,2.9084,24,666,20.2,368.74,2821.4133952187985,19.1
13.0751,0.0,18.1,0,0.58,0.46977900702978864,56.7,2.8237,24,666,20.2,396.9,2290.71722279088,20.1
4.34879,0.0,18.1,0,0.58,0.7300814445388306,84.0,3.0334,24,666,20.2,396.9,2546.4050846863606,19.9
4.03841,0.0,18.1,0,0.532,0.6207142940920144,90.7,3.0993,24,666,20.2,395.33,2025.679313163138,19.6
3.56868,0.0,18.1,0,0.58,0.5865284328065775,75.0,2.8965,24,666,20.2,393.37,2245.128523999595,23.2
4.64689,0.0,18.1,0,0.614,0.5932537093924677,67.6,2.5329,24,666,20.2,374.68,1832.5512866331605,29.8
8.05579,0.0,18.1,0,0.584,0.617916889921847,95.4,2.4298,24,666,20.2,352.58,2815.166362109708,13.8
6.39312,0.0,18.1,0,0.584,0.44037083769641416,97.4,2.206,24,666,20.2,302.76,3764.562442299683,13.3
4.87141,0.0,18.1,0,0.614,0.970299570289183,93.6,2.3053,24,666,20.2,396.21,2920.30809945917,16.7
15.0234,0.0,18.1,0,0.614,0.42836101289729744,97.3,2.1007,24,666,20.2,349.48,3907.4396982231224,12.0
10.233,0.0,18.1,0,0.614,0.8310181451805483,96.7,2.1705,24,666,20.2,379.7,2743.2131339397756,14.6
14.3337,0.0,18.1,0,0.614,0.19024945349513345,88.0,1.9512,24,666,20.2,383.32,2058.5638019747985,21.4
5.82401,0.0,18.1,0,0.532,0.30608830114933927,64.7,3.4242,24,666,20.2,396.9,1682.1688467460888,23.0
5.70818,0.0,18.1,0,0.532,0.7807202828715889,74.9,3.3317,24,666,20.2,393.07,1186.5446449713027,23.7
5.73116,0.0,18.1,0,0.532,0.7995929622013173,77.0,3.4106,24,666,20.2,395.28,1056.8407557376456,25.0
2.81838,0.0,18.1,0,0.532,0.9081842803542601,40.3,4.0983,24,666,20.2,392.92,1622.9386728128727,21.8
2.37857,0.0,18.1,0,0.583,0.36674250046838186,41.9,3.724,24,666,20.2,370.73,2079.6803687831716,20.6
3.67367,0.0,18.1,0,0.583,0.6717877038891262,51.9,3.9917,24,666,20.2,388.62,1626.65123789527,21.2
5.69175,0.0,18.1,0,0.583,0.7571347327446541,79.8,3.5459,24,666,20.2,392.68,2308.757729055851,19.1
4.83567,0.0,18.1,0,0.583,0.6133211578742264,53.2,3.1523,24,666,20.2,388.22,1798.8079150422811,20.6
0.15086,0.0,27.74,0,0.609,0.5906362827666142,92.7,1.8209,4,711,20.1,395.09,2833.795812353495,15.2
0.18337,0.0,27.74,0,0.609,0.460518842590051,98.3,1.7554,4,711,20.1,344.05,3721.939556041428,7.0
0.20746,0.0,27.74,0,0.609,0.36338676196736136,98.0,1.8226,4,711,20.1,318.43,4648.329210218905,8.1
0.10574,0.0,27.74,0,0.609,0.7484937074785907,98.8,1.8681,4,711,20.1,390.11,2817.002898634573,13.6
0.11132,0.0,27.74,0,0.609,0.49062235578247915,83.5,2.1099,4,711,20.1,396.9,2074.642541021983,20.1
0.17331,0.0,9.69,0,0.585,0.6559130861521356,54.0,2.3817,6,391,19.2,396.9,1856.938721972298,21.8
0.27957,0.0,9.69,0,0.585,0.6649595378293873,42.6,2.3817,6,391,19.2,396.9,2077.0309191307315,24.5
0.17899,0.0,9.69,0,0.585,0.5248838483080762,28.8,2.7986,6,391,19.2,393.29,2734.7084936345823,23.1
0.2896,0.0,9.69,0,0.585,0.3899233565432931,72.9,2.7986,6,391,19.2,396.9,3282.1994251051187,19.7
0.26838,0.0,9.69,0,0.585,0.542583915356721,70.6,2.8927,6,391,19.2,396.9,2202.3702347336766,18.3
0.23912,0.0,9.69,0,0.585,0.6196893931235844,65.3,2.4091,6,391,19.2,396.9,1996.6033061711366,21.2
0.17783,0.0,9.69,0,0.585,0.37491551752713603,73.5,2.3999,6,391,19.2,395.77,2308.86790802004,17.5
0.22438,0.0,9.69,0,0.585,0.4611505490227186,79.7,2.4982,6,391,19.2,396.9,2222.110218000278,16.8
0.06263,0.0,11.93,0,0.573,0.6969229453683821,69.1,2.4786,1,273,21.0,391.99,1502.5843666734397,22.4
0.04527,0.0,11.93,0,0.573,0.49351218575700423,76.7,2.2875,1,273,21.0,396.9,1380.8093603950354,20.6
0.06076,0.0,11.93,0,0.573,0.8327969585173662,91.0,2.1675,1,273,21.0,396.9,865.9322148742966,23.9
0.10959,0.0,11.93,0,0.573,0.6649771508606529,89.3,2.3889,1,273,21.0,393.45,996.6905932950556,22.0
0.04741,0.0,11.93,0,0.573,0.7687467458141368,80.8,2.505,1,273,21.0,396.9,1238.9364542236297,11.9
